  0.0000  74.83274325
  0.0010  74.79625427
  0.0020  74.68680558
  0.0030  74.50445188
  0.0040  74.24928436
  0.0050  73.92143056
  0.0060  73.52105440
  0.0070  73.04835600
  0.0080  72.50357164
  0.0090  71.88697363
  0.0100  71.19887011
  0.0110  70.43960496
  0.0120  69.60955756
  0.0130  68.70914264
  0.0140  67.73881002
  0.0150  66.69904437
  0.0160  65.59036500
  0.0170  64.41332554
  0.0180  63.16851365
  0.0190  61.85655076
  0.0200  60.47809165
  0.0210  59.03382421
  0.0220  57.52446899
  0.0230  55.95077885
  0.0240  54.31353860
  0.0250  52.61356451
  0.0260  50.85170393
  0.0270  49.02883486
  0.0280  47.14586541
  0.0290  45.20373342
  0.0300  43.20340587
  0.0310  41.14587845
  0.0320  39.03217497
  0.0330  36.86334688
  0.0340  34.64047267
  0.0350  32.36465733
  0.0360  30.03703177
  0.0370  27.65875222
  0.0380  25.23099966
  0.0390  22.75497918
  0.0400  20.23191942
  0.0410  17.66307200
  0.0420  15.04971101
  0.0430  12.39313271
  0.0440  9.69465596
  0.0450  6.95562504
  0.0460  4.17742715
  0.0470  1.36173712
  0.0480  1.49206355
  0.0490  4.37929072
  0.0500  7.30043997
  0.0510  10.25380914
  0.0520  13.23791205
  0.0530  16.25127016
  0.0540  19.29239654
  0.0550  22.35979331
  0.0560  25.45195139
  0.0570  28.56735094
  0.0580  31.70446201
  0.0590  34.86174521
  0.0600  38.03765252
  0.0610  41.23062806
  0.0620  44.43910887
  0.0630  47.66152576
  0.0640  50.89630407
  0.0650  54.14186452
  0.0660  57.39662401
  0.0670  60.65899645
  0.0680  63.92739358
  0.0690  67.20022579
  0.0700  70.47590293
  0.0710  73.75283514
  0.0720  77.02943369
  0.0730  80.30411177
  0.0740  83.57528532
  0.0750  86.84137384
  0.0760  90.10080120
  0.0770  93.35199648
  0.0780  96.59339472
  0.0790  99.82343775
  0.0800  103.04057501
  0.0810  106.24326429
  0.0820  109.42997255
  0.0830  112.59917669
  0.0840  115.74936434
  0.0850  118.87903458
  0.0860  121.98669875
  0.0870  125.07088117
  0.0880  128.13011990
  0.0890  131.16296747
  0.0900  134.16799160
  0.0910  137.14377591
  0.0920  140.08892065
  0.0930  143.00204338
  0.0940  145.88177964
  0.0950  148.72678369
  0.0960  151.53572908
  0.0970  154.30730938
  0.0980  157.04023877
  0.0990  159.73325271
  0.1000  162.38510852
  0.1010  164.99458601
  0.1020  167.56048805
  0.1030  170.08164114
  0.1040  172.55689600
  0.1050  174.98512809
  0.1060  177.36523817
  0.1070  179.69615279
  0.1080  181.97682481
  0.1090  184.20623387
  0.1100  186.38338690
  0.1110  188.50731852
  0.1120  190.57709154
  0.1130  192.59179733
  0.1140  194.55055629
  0.1150  196.45251816
  0.1160  198.29686248
  0.1170  200.08279886
  0.1180  201.80956739
  0.1190  203.47643894
  0.1200  205.08271545
  0.1210  206.62773023
  0.1220  208.11084822
  0.1230  209.53146625
  0.1240  210.88901328
  0.1250  212.18295058
  0.1260  213.41277198
  0.1270  214.57800400
  0.1280  215.67820603
  0.1290  216.71297047
  0.1300  217.68192286
  0.1310  218.58472198
  0.1320  219.42105990
  0.1330  220.19066213
  0.1340  220.89328757
  0.1350  221.52872863
  0.1360  222.09681116
  0.1370  222.59739453
  0.1380  223.03037151
  0.1390  223.39566832
  0.1400  223.69324449
  0.1410  223.92309282
  0.1420  224.08523930
  0.1430  224.17974294
  0.1440  224.20669568
  0.1450  224.16622224
  0.1460  224.05847989
  0.1470  223.88365837
  0.1480  223.64197958
  0.1490  223.33369743
  0.1500  222.95909757
  0.1510  222.51849715
  0.1520  222.01224453
  0.1530  221.44071901
  0.1540  220.80433054
  0.1550  220.10351937
  0.1560  219.33875573
  0.1570  218.51053947
  0.1580  217.61939974
  0.1590  216.66589453
  0.1600  215.65061034
  0.1610  214.57416177
  0.1620  213.43719105
  0.1630  212.24036764
  0.1640  210.98438778
  0.1650  209.66997403
  0.1660  208.29787476
  0.1670  206.86886369
  0.1680  205.38373941
  0.1690  203.84332483
  0.1700  202.24846666
  0.1710  200.60003490
  0.1720  198.89892228
  0.1730  197.14604371
  0.1740  195.34233571
  0.1750  193.48875584
  0.1760  191.58628209
  0.1770  189.63591234
  0.1780  187.63866371
  0.1790  185.59557199
  0.1800  183.50769097
  0.1810  181.37609187
  0.1820  179.20186268
  0.1830  176.98610753
  0.1840  174.72994605
  0.1850  172.43451270
  0.1860  170.10095614
  0.1870  167.73043857
  0.1880  165.32413504
  0.1890  162.88323282
  0.1900  160.40893068
  0.1910  157.90243826
  0.1920  155.36497537
  0.1930  152.79777133
  0.1940  150.20206425
  0.1950  147.57910037
  0.1960  144.93013340
  0.1970  142.25642378
  0.1980  139.55923803
  0.1990  136.83984806
  0.2000  134.09953049
  0.2010  131.33956595
  0.2020  128.56123839
  0.2030  125.76583444
  0.2040  122.95464266
  0.2050  120.12895296
  0.2060  117.29005581
  0.2070  114.43924169
  0.2080  111.57780031
  0.2090  108.70702002
  0.2100  105.82818714
  0.2110  102.94258528
  0.2120  100.05149469
  0.2130  97.15619166
  0.2140  94.25794783
  0.2150  91.35802959
  0.2160  88.45769743
  0.2170  85.55820535
  0.2180  82.66080023
  0.2190  79.76672123
  0.2200  76.87719918
  0.2210  73.99345602
  0.2220  71.11670422
  0.2230  68.24814616
  0.2240  65.38897365
  0.2250  62.54036733
  0.2260  59.70349614
  0.2270  56.87951679
  0.2280  54.06957329
  0.2290  51.27479640
  0.2300  48.49630317
  0.2310  45.73519650
  0.2320  42.99256468
  0.2330  40.26948099
  0.2340  37.56700333
  0.2350  34.88617393
  0.2360  32.22801906
  0.2370  29.59354894
  0.2380  26.98375778
  0.2390  24.39962409
  0.2400  21.84211154
  0.2410  19.31217070
  0.2420  16.81074263
  0.2430  14.33876634
  0.2440  11.89719562
  0.2450  9.48704096
  0.2460  7.10949405
  0.2470  4.76641201
  0.2480  2.46348155
  0.2490  0.36121913
  0.2500  2.10529134
  0.2510  4.30074180
  0.2520  6.46839708
  0.2530  8.60098049
  0.2540  10.69657570
  0.2550  12.75413441
  0.2560  14.77286715
  0.2570  16.75209474
  0.2580  18.69119958
  0.2590  20.58960650
  0.2600  22.44677413
  0.2610  24.26219067
  0.2620  26.03537172
  0.2630  27.76585899
  0.2640  29.45321962
  0.2650  31.09704572
  0.2660  32.69695416
  0.2670  34.25258632
  0.2680  35.76360802
  0.2690  37.22970943
  0.2700  38.65060498
  0.2710  40.02603327
  0.2720  41.35575708
  0.2730  42.63956322
  0.2740  43.87726250
  0.2750  45.06868963
  0.2760  46.21370316
  0.2770  47.31218534
  0.2780  48.36404203
  0.2790  49.36920259
  0.2800  50.32761975
  0.2810  51.23926944
  0.2820  52.10415067
  0.2830  52.92228537
  0.2840  53.69371819
  0.2850  54.41851634
  0.2860  55.09676939
  0.2870  55.72858907
  0.2880  56.31410906
  0.2890  56.85348474
  0.2900  57.34689300
  0.2910  57.79453196
  0.2920  58.19662075
  0.2930  58.55339919
  0.2940  58.86512761
  0.2950  59.13208648
  0.2960  59.35457617
  0.2970  59.53291667
  0.2980  59.66744721
  0.2990  59.75852604
  0.3000  59.80653004
  0.3010  59.81185443
  0.3020  59.77491239
  0.3030  59.69613479
  0.3040  59.57596976
  0.3050  59.41488240
  0.3060  59.21335435
  0.3070  58.97188349
  0.3080  58.69098353
  0.3090  58.37118360
  0.3100  58.01302793
  0.3110  57.61707542
  0.3120  57.18389923
  0.3130  56.71408641
  0.3140  56.20823747
  0.3150  55.66696601
  0.3160  55.09089826
  0.3170  54.48067267
  0.3180  53.83693953
  0.3190  53.16036050
  0.3200  52.45160820
  0.3210  51.71136582
  0.3220  50.94032662
  0.3230  50.13919353
  0.3240  49.30867875
  0.3250  48.44950326
  0.3260  47.56239642
  0.3270  46.64809552
  0.3280  45.70734534
  0.3290  44.74089772
  0.3300  43.74951113
  0.3310  42.73395024
  0.3320  41.69498547
  0.3330  40.63339256
  0.3340  39.54995216
  0.3350  38.44544943
  0.3360  37.32067355
  0.3370  36.17641740
  0.3380  35.01347708
  0.3390  33.83265160
  0.3400  32.63474243
  0.3410  31.42055317
  0.3420  30.19088924
  0.3430  28.94655752
  0.3440  27.68836614
  0.3450  26.41712420
  0.3460  25.13364167
  0.3470  23.83872933
  0.3480  22.53319880
  0.3490  21.21786291
  0.3500  19.89353618
  0.3510  18.56103584
  0.3520  17.22118352
  0.3530  15.87480794
  0.3540  14.52274941
  0.3550  13.16586742
  0.3560  11.80505361
  0.3570  10.44125545
  0.3580  9.07552149
  0.3590  7.70909499
  0.3600  6.34362868
  0.3610  4.98175033
  0.3620  3.62888711
  0.3630  2.30140000
  0.3640  1.09292263
  0.3650  0.92128063
  0.3660  2.05846364
  0.3670  3.36605735
  0.3680  4.70008193
  0.3690  6.03937268
  0.3700  7.37756166
  0.3710  8.71179216
  0.3720  10.04038754
  0.3730  11.36216211
  0.3740  12.67616755
  0.3750  13.98158463
  0.3760  15.27767172
  0.3770  16.56373814
  0.3780  17.83912954
  0.3790  19.10321939
  0.3800  20.35540393
  0.3810  21.59509891
  0.3820  22.82173768
  0.3830  24.03476976
  0.3840  25.23366011
  0.3850  26.41788847
  0.3860  27.58694908
  0.3870  28.74035041
  0.3880  29.87761501
  0.3890  30.99827947
  0.3900  32.10189438
  0.3910  33.18802430
  0.3920  34.25624780
  0.3930  35.30615748
  0.3940  36.33736000
  0.3950  37.34947612
  0.3960  38.34214077
  0.3970  39.31500302
  0.3980  40.26772621
  0.3990  41.19998789
  0.4000  42.11147991
  0.4010  43.00190844
  0.4020  43.87099394
  0.4030  44.71847122
  0.4040  45.54408942
  0.4050  46.34761203
  0.4060  47.12881684
  0.4070  47.88749597
  0.4080  48.62345580
  0.4090  49.33651699
  0.4100  50.02651438
  0.4110  50.69329700
  0.4120  51.33672799
  0.4130  51.95668453
  0.4140  52.55305781
  0.4150  53.12575290
  0.4160  53.67468873
  0.4170  54.19979792
  0.4180  54.70102679
  0.4190  55.17833515
  0.4200  55.63169625
  0.4210  56.06109667
  0.4220  56.46653616
  0.4230  56.84802752
  0.4240  57.20559649
  0.4250  57.53928157
  0.4260  57.84913391
  0.4270  58.13521711
  0.4280  58.39760710
  0.4290  58.63639195
  0.4300  58.85167171
  0.4310  59.04355824
  0.4320  59.21217498
  0.4330  59.35765685
  0.4340  59.48014995
  0.4350  59.57981147
  0.4360  59.65680939
  0.4370  59.71132236
  0.4380  59.74353941
  0.4390  59.75365981
  0.4400  59.74189278
  0.4410  59.70845733
  0.4420  59.65358199
  0.4430  59.57750459
  0.4440  59.48047205
  0.4450  59.36274012
  0.4460  59.22457312
  0.4470  59.06624376
  0.4480  58.88803284
  0.4490  58.69022901
  0.4500  58.47312857
  0.4510  58.23703514
  0.4520  57.98225947
  0.4530  57.70911916
  0.4540  57.41793839
  0.4550  57.10904771
  0.4560  56.78278370
  0.4570  56.43948881
  0.4580  56.07951101
  0.4590  55.70320359
  0.4600  55.31092485
  0.4610  54.90303789
  0.4620  54.47991028
  0.4630  54.04191387
  0.4640  53.58942448
  0.4650  53.12282165
  0.4660  52.64248838
  0.4670  52.14881088
  0.4680  51.64217828
  0.4690  51.12298241
  0.4700  50.59161750
  0.4710  50.04847998
  0.4720  49.49396816
  0.4730  48.92848201
  0.4740  48.35242294
  0.4750  47.76619347
  0.4760  47.17019706
  0.4770  46.56483783
  0.4780  45.95052031
  0.4790  45.32764922
  0.4800  44.69662923
  0.4810  44.05786470
  0.4820  43.41175947
  0.4830  42.75871663
  0.4840  42.09913830
  0.4850  41.43342536
  0.4860  40.76197732
  0.4870  40.08519200
  0.4880  39.40346539
  0.4890  38.71719143
  0.4900  38.02676177
  0.4910  37.33256560
  0.4920  36.63498944
  0.4930  35.93441696
  0.4940  35.23122878
  0.4950  34.52580226
  0.4960  33.81851138
  0.4970  33.10972648
  0.4980  32.39981419
  0.4990  31.68913715
  0.5000  30.97805393
  0.5010  30.26691885
  0.5020  29.55608180
  0.5030  28.84588811
  0.5040  28.13667841
  0.5050  27.42878847
  0.5060  26.72254910
  0.5070  26.01828596
  0.5080  25.31631951
  0.5090  24.61696481
  0.5100  23.92053147
  0.5110  23.22732351
  0.5120  22.53763924
  0.5130  21.85177119
  0.5140  21.17000600
  0.5150  20.49262431
  0.5160  19.81990071
  0.5170  19.15210364
  0.5180  18.48949533
  0.5190  17.83233171
  0.5200  17.18086235
  0.5210  16.53533042
  0.5220  15.89597263
  0.5230  15.26301918
  0.5240  14.63669371
  0.5250  14.01721332
  0.5260  13.40478846
  0.5270  12.79962301
  0.5280  12.20191419
  0.5290  11.61185263
  0.5300  11.02962235
  0.5310  10.45540078
  0.5320  9.88935885
  0.5330  9.33166106
  0.5340  8.78246552
  0.5350  8.24192419
  0.5360  7.71018300
  0.5370  7.18738213
  0.5380  6.67365643
  0.5390  6.16913592
  0.5400  5.67394656
  0.5410  5.18821141
  0.5420  4.71205232
  0.5430  4.24559272
  0.5440  3.78896200
  0.5450  3.34230317
  0.5460  2.90578663
  0.5470  2.47963681
  0.5480  2.06418840
  0.5490  1.66001850
  0.5500  1.26830828
  0.5510  0.89207096
  0.5520  0.54200748
  0.5530  0.28215538
  0.5540  0.36180715
  0.5550  0.65253870
  0.5560  0.97111342
  0.5570  1.28919341
  0.5580  1.60083210
  0.5590  1.90410680
  0.5600  2.19822487
  0.5610  2.48281046
  0.5620  2.75767204
  0.5630  3.02271131
  0.5640  3.27788252
  0.5650  3.52317238
  0.5660  3.75858926
  0.5670  3.98415719
  0.5680  4.19991209
  0.5690  4.40589953
  0.5700  4.60217315
  0.5710  4.78879364
  0.5720  4.96582802
  0.5730  5.13334903
  0.5740  5.29143474
  0.5750  5.44016822
  0.5760  5.57963724
  0.5770  5.70993404
  0.5780  5.83115512
  0.5790  5.94340106
  0.5800  6.04677636
  0.5810  6.14138924
  0.5820  6.22735156
  0.5830  6.30477861
  0.5840  6.37378899
  0.5850  6.43450452
  0.5860  6.48705004
  0.5870  6.53155334
  0.5880  6.56814500
  0.5890  6.59695829
  0.5900  6.61812901
  0.5910  6.63179540
  0.5920  6.63809803
  0.5930  6.63717965
  0.5940  6.62918506
  0.5950  6.61426104
  0.5960  6.59255622
  0.5970  6.56422092
  0.5980  6.52940710
  0.5990  6.48826819
  0.6000  6.44095900
  0.6010  6.38763565
  0.6020  6.32845536
  0.6030  6.26357645
  0.6040  6.19315816
  0.6050  6.11736057
  0.6060  6.03634449
  0.6070  5.95027136
  0.6080  5.85930313
  0.6090  5.76360219
  0.6100  5.66333127
  0.6110  5.55865331
  0.6120  5.44973139
  0.6130  5.33672866
  0.6140  5.21980820
  0.6150  5.09913299
  0.6160  4.97486581
  0.6170  4.84716915
  0.6180  4.71620515
  0.6190  4.58213557
  0.6200  4.44512167
  0.6210  4.30532422
  0.6220  4.16290342
  0.6230  4.01801894
  0.6240  3.87082984
  0.6250  3.72149465
  0.6260  3.57017140
  0.6270  3.41701768
  0.6280  3.26219082
  0.6290  3.10584807
  0.6300  2.94814690
  0.6310  2.78924543
  0.6320  2.62930307
  0.6330  2.46848138
  0.6340  2.30694537
  0.6350  2.14486543
  0.6360  1.98242018
  0.6370  1.81980089
  0.6380  1.65721846
  0.6390  1.49491496
  0.6400  1.33318328
  0.6410  1.17240249
  0.6420  1.01310538
  0.6430  0.85611712
  0.6440  0.70286568
  0.6450  0.55615209
  0.6460  0.42226703
  0.6470  0.31686364
  0.6480  0.27351646
  0.6490  0.31721510
  0.6500  0.42048096
  0.6510  0.54971133
  0.6520  0.68954869
  0.6530  0.83384335
  0.6540  0.97986542
  0.6550  1.12623549
  0.6560  1.27217111
  0.6570  1.41718249
  0.6580  1.56093630
  0.6590  1.70318921
  0.6600  1.84375301
  0.6610  1.98247509
  0.6620  2.11922713
  0.6630  2.25389807
  0.6640  2.38638971
  0.6650  2.51661379
  0.6660  2.64449008
  0.6670  2.76994496
  0.6680  2.89291056
  0.6690  3.01332400
  0.6700  3.13112690
  0.6710  3.24626503
  0.6720  3.35868800
  0.6730  3.46834904
  0.6740  3.57520482
  0.6750  3.67921531
  0.6760  3.78034366
  0.6770  3.87855610
  0.6780  3.97382186
  0.6790  4.06611311
  0.6800  4.15540486
  0.6810  4.24167493
  0.6820  4.32490388
  0.6830  4.40507496
  0.6840  4.48217408
  0.6850  4.55618973
  0.6860  4.62711297
  0.6870  4.69493734
  0.6880  4.75965887
  0.6890  4.82127598
  0.6900  4.87978948
  0.6910  4.93520250
  0.6920  4.98752046
  0.6930  5.03675101
  0.6940  5.08290399
  0.6950  5.12599139
  0.6960  5.16602730
  0.6970  5.20302787
  0.6980  5.23701124
  0.6990  5.26799751
  0.7000  5.29600869
  0.7010  5.32106865
  0.7020  5.34320308
  0.7030  5.36243941
  0.7040  5.37880678
  0.7050  5.39233601
  0.7060  5.40305952
  0.7070  5.41101125
  0.7080  5.41622671
  0.7090  5.41874279
  0.7100  5.41859784
  0.7110  5.41583152
  0.7120  5.41048480
  0.7130  5.40259990
  0.7140  5.39222020
  0.7150  5.37939024
  0.7160  5.36415565
  0.7170  5.34656307
  0.7180  5.32666014
  0.7190  5.30449541
  0.7200  5.28011831
  0.7210  5.25357909
  0.7220  5.22492878
  0.7230  5.19421913
  0.7240  5.16150254
  0.7250  5.12683205
  0.7260  5.09026125
  0.7270  5.05184426
  0.7280  5.01163567
  0.7290  4.96969047
  0.7300  4.92606404
  0.7310  4.88081208
  0.7320  4.83399056
  0.7330  4.78565570
  0.7340  4.73586389
  0.7350  4.68467165
  0.7360  4.63213562
  0.7370  4.57831246
  0.7380  4.52325888
  0.7390  4.46703153
  0.7400  4.40968699
  0.7410  4.35128174
  0.7420  4.29187208
  0.7430  4.23151415
  0.7440  4.17026384
  0.7450  4.10817678
  0.7460  4.04530831
  0.7470  3.98171341
  0.7480  3.91744672
  0.7490  3.85256245
  0.7500  3.78711440
  0.7510  3.72115588
  0.7520  3.65473972
  0.7530  3.58791824
  0.7540  3.52074317
  0.7550  3.45326570
  0.7560  3.38553639
  0.7570  3.31760519
  0.7580  3.24952138
  0.7590  3.18133357
  0.7600  3.11308969
  0.7610  3.04483692
  0.7620  2.97662172
  0.7630  2.90848980
  0.7640  2.84048607
  0.7650  2.77265468
  0.7660  2.70503895
  0.7670  2.63768139
  0.7680  2.57062366
  0.7690  2.50390657
  0.7700  2.43757009
  0.7710  2.37165330
  0.7720  2.30619440
  0.7730  2.24123069
  0.7740  2.17679857
  0.7750  2.11293354
  0.7760  2.04967017
  0.7770  1.98704213
  0.7780  1.92508213
  0.7790  1.86382197
  0.7800  1.80329251
  0.7810  1.74352366
  0.7820  1.68454440
  0.7830  1.62638276
  0.7840  1.56906583
  0.7850  1.51261975
  0.7860  1.45706972
  0.7870  1.40243999
  0.7880  1.34875387
  0.7890  1.29603375
  0.7900  1.24430107
  0.7910  1.19357633
  0.7920  1.14387913
  0.7930  1.09522811
  0.7940  1.04764105
  0.7950  1.00113476
  0.7960  0.95572521
  0.7970  0.91142744
  0.7980  0.86825563
  0.7990  0.82622308
  0.8000  0.78534225
  0.8010  0.74562474
  0.8020  0.70708135
  0.8030  0.66972204
  0.8040  0.63355603
  0.8050  0.59859173
  0.8060  0.56483685
  0.8070  0.53229838
  0.8080  0.50098265
  0.8090  0.47089536
  0.8100  0.44204162
  0.8110  0.41442604
  0.8120  0.38805272
  0.8130  0.36292540
  0.8140  0.33904746
  0.8150  0.31642204
  0.8160  0.29505213
  0.8170  0.27494061
  0.8180  0.25609034
  0.8190  0.23850418
  0.8200  0.22218501
  0.8210  0.20713563
  0.8220  0.19335857
  0.8230  0.18085577
  0.8240  0.16962805
  0.8250  0.15967444
  0.8260  0.15099123
  0.8270  0.14357099
  0.8280  0.13740160
  0.8290  0.13246540
  0.8300  0.12873894
  0.8310  0.12619328
  0.8320  0.12479508
  0.8330  0.12450826
  0.8340  0.12529614
  0.8350  0.12712347
  0.8360  0.12995819
  0.8370  0.13377253
  0.8380  0.13854344
  0.8390  0.14425239
  0.8400  0.15088469
  0.8410  0.15842862
  0.8420  0.16687435
  0.8430  0.17621308
  0.8440  0.18643617
  0.8450  0.19753461
  0.8460  0.20949851
  0.8470  0.22231689
  0.8480  0.23597751
  0.8490  0.25046685
  0.8500  0.26577009
  0.8510  0.28187124
  0.8520  0.29875316
  0.8530  0.31639770
  0.8540  0.33478581
  0.8550  0.35389760
  0.8560  0.37371246
  0.8570  0.39420913
  0.8580  0.41536576
  0.8590  0.43716002
  0.8600  0.45956909
  0.8610  0.48256976
  0.8620  0.50613846
  0.8630  0.53025129
  0.8640  0.55488407
  0.8650  0.58001234
  0.8660  0.60561142
  0.8670  0.63165644
  0.8680  0.65812232
  0.8690  0.68498383
  0.8700  0.71221561
  0.8710  0.73979216
  0.8720  0.76768789
  0.8730  0.79587712
  0.8740  0.82433411
  0.8750  0.85303307
  0.8760  0.88194817
  0.8770  0.91105359
  0.8780  0.94032347
  0.8790  0.96973201
  0.8800  0.99925342
  0.8810  1.02886198
  0.8820  1.05853203
  0.8830  1.08823800
  0.8840  1.11795441
  0.8850  1.14765593
  0.8860  1.17731733
  0.8870  1.20691356
  0.8880  1.23641973
  0.8890  1.26581114
  0.8900  1.29506331
  0.8910  1.32415195
  0.8920  1.35305302
  0.8930  1.38174276
  0.8940  1.41019766
  0.8950  1.43839450
  0.8960  1.46631037
  0.8970  1.49392269
  0.8980  1.52120920
  0.8990  1.54814802
  0.9000  1.57471764
  0.9010  1.60089692
  0.9020  1.62666514
  0.9030  1.65200200
  0.9040  1.67688763
  0.9050  1.70130262
  0.9060  1.72522802
  0.9070  1.74864538
  0.9080  1.77153671
  0.9090  1.79388456
  0.9100  1.81567200
  0.9110  1.83688264
  0.9120  1.85750063
  0.9130  1.87751069
  0.9140  1.89689812
  0.9150  1.91564880
  0.9160  1.93374922
  0.9170  1.95118647
  0.9180  1.96794826
  0.9190  1.98402295
  0.9200  1.99939951
  0.9210  2.01406758
  0.9220  2.02801745
  0.9230  2.04124008
  0.9240  2.05372709
  0.9250  2.06547077
  0.9260  2.07646412
  0.9270  2.08670081
  0.9280  2.09617521
  0.9290  2.10488236
  0.9300  2.11281803
  0.9310  2.11997868
  0.9320  2.12636147
  0.9330  2.13196426
  0.9340  2.13678562
  0.9350  2.14082481
  0.9360  2.14408180
  0.9370  2.14655725
  0.9380  2.14825252
  0.9390  2.14916967
  0.9400  2.14931141
  0.9410  2.14868118
  0.9420  2.14728306
  0.9430  2.14512181
  0.9440  2.14220284
  0.9450  2.13853222
  0.9460  2.13411667
  0.9470  2.12896352
  0.9480  2.12308074
  0.9490  2.11647690
  0.9500  2.10916117
  0.9510  2.10114331
  0.9520  2.09243365
  0.9530  2.08304308
  0.9540  2.07298302
  0.9550  2.06226543
  0.9560  2.05090278
  0.9570  2.03890803
  0.9580  2.02629462
  0.9590  2.01307645
  0.9600  1.99926788
  0.9610  1.98488365
  0.9620  1.96993896
  0.9630  1.95444934
  0.9640  1.93843073
  0.9650  1.92189938
  0.9660  1.90487190
  0.9670  1.88736517
  0.9680  1.86939637
  0.9690  1.85098293
  0.9700  1.83214254
  0.9710  1.81289308
  0.9720  1.79325265
  0.9730  1.77323950
  0.9740  1.75287206
  0.9750  1.73216885
  0.9760  1.71114855
  0.9770  1.68982988
  0.9780  1.66823164
  0.9790  1.64637268
  0.9800  1.62427187
  0.9810  1.60194806
  0.9820  1.57942010
  0.9830  1.55670680
  0.9840  1.53382688
  0.9850  1.51079900
  0.9860  1.48764173
  0.9870  1.46437349
  0.9880  1.44101257
  0.9890  1.41757711
  0.9900  1.39408506
  0.9910  1.37055421
  0.9920  1.34700210
  0.9930  1.32344606
  0.9940  1.29990320
  0.9950  1.27639035
  0.9960  1.25292407
  0.9970  1.22952067
  0.9980  1.20619614
  0.9990  1.18296617
