  0.0000  70.03881727
  0.0010  70.00595402
  0.0020  69.90737980
  0.0030  69.74314111
  0.0040  69.51331548
  0.0050  69.21801137
  0.0060  68.85736815
  0.0070  68.43155601
  0.0080  67.94077587
  0.0090  67.38525930
  0.0100  66.76526840
  0.0110  66.08109564
  0.0120  65.33306374
  0.0130  64.52152550
  0.0140  63.64686362
  0.0150  62.70949050
  0.0160  61.70984807
  0.0170  60.64840748
  0.0180  59.52566898
  0.0190  58.34216157
  0.0200  57.09844276
  0.0210  55.79509834
  0.0220  54.43274201
  0.0230  53.01201511
  0.0240  51.53358631
  0.0250  49.99815122
  0.0260  48.40643210
  0.0270  46.75917747
  0.0280  45.05716172
  0.0290  43.30118477
  0.0300  41.49207159
  0.0310  39.63067185
  0.0320  37.71785950
  0.0330  35.75453228
  0.0340  33.74161130
  0.0350  31.68004062
  0.0360  29.57078672
  0.0370  27.41483807
  0.0380  25.21320466
  0.0390  22.96691750
  0.0400  20.67702819
  0.0410  18.34460851
  0.0420  15.97075008
  0.0430  13.55656431
  0.0440  11.10318295
  0.0450  8.61176064
  0.0460  6.08348546
  0.0470  3.51963852
  0.0480  0.92268130
  0.0490  1.71272367
  0.0500  4.37601276
  0.0510  7.07071148
  0.0520  9.79510890
  0.0530  12.54787564
  0.0540  15.32771543
  0.0550  18.13333155
  0.0560  20.96342024
  0.0570  23.81666900
  0.0580  26.69175641
  0.0590  29.58735246
  0.0600  32.50211896
  0.0610  35.43471014
  0.0620  38.38377328
  0.0630  41.34794929
  0.0640  44.32587342
  0.0650  47.31617587
  0.0660  50.31748250
  0.0670  53.32841546
  0.0680  56.34759390
  0.0690  59.37363459
  0.0700  62.40515266
  0.0710  65.44076222
  0.0720  68.47907708
  0.0730  71.51871138
  0.0740  74.55828030
  0.0750  77.59640073
  0.0760  80.63169190
  0.0770  83.66277610
  0.0780  86.68827933
  0.0790  89.70683194
  0.0800  92.71706932
  0.0810  95.71763254
  0.0820  98.70716902
  0.0830  101.68433313
  0.0840  104.64778691
  0.0850  107.59620065
  0.0860  110.52825354
  0.0870  113.44263429
  0.0880  116.33804178
  0.0890  119.21318563
  0.0900  122.06678687
  0.0910  124.89757848
  0.0920  127.70430601
  0.0930  130.48572819
  0.0940  133.24061745
  0.0950  135.96776057
  0.0960  138.66595917
  0.0970  141.33403032
  0.0980  143.97080704
  0.0990  146.57513886
  0.1000  149.14589234
  0.1010  151.68195160
  0.1020  154.18221880
  0.1030  156.64561465
  0.1040  159.07107891
  0.1050  161.45757083
  0.1060  163.80406964
  0.1070  166.10957500
  0.1080  168.37310741
  0.1090  170.59370870
  0.1100  172.77044238
  0.1110  174.90239409
  0.1120  176.98867197
  0.1130  179.02840704
  0.1140  181.02075359
  0.1150  182.96488951
  0.1160  184.86001664
  0.1170  186.70536109
  0.1180  188.50017357
  0.1190  190.24372967
  0.1200  191.93533018
  0.1210  193.57430134
  0.1220  195.15999508
  0.1230  196.69178933
  0.1240  198.16908817
  0.1250  199.59132213
  0.1260  200.95794833
  0.1270  202.26845071
  0.1280  203.52234018
  0.1290  204.71915478
  0.1300  205.85845985
  0.1310  206.93984816
  0.1320  207.96293999
  0.1330  208.92738327
  0.1340  209.83285367
  0.1350  210.67905464
  0.1360  211.46571751
  0.1370  212.19260149
  0.1380  212.85949375
  0.1390  213.46620939
  0.1400  214.01259149
  0.1410  214.49851104
  0.1420  214.92386697
  0.1430  215.28858604
  0.1440  215.59262287
  0.1450  215.83595979
  0.1460  216.01860682
  0.1470  216.14060151
  0.1480  216.20200889
  0.1490  216.20292129
  0.1500  216.14345824
  0.1510  216.02376630
  0.1520  215.84401891
  0.1530  215.60441617
  0.1540  215.30518470
  0.1550  214.94657739
  0.1560  214.52887323
  0.1570  214.05237702
  0.1580  213.51741918
  0.1590  212.92435546
  0.1600  212.27356671
  0.1610  211.56545854
  0.1620  210.80046111
  0.1630  209.97902874
  0.1640  209.10163966
  0.1650  208.16879568
  0.1660  207.18102182
  0.1670  206.13886600
  0.1680  205.04289865
  0.1690  203.89371238
  0.1700  202.69192158
  0.1710  201.43816204
  0.1720  200.13309055
  0.1730  198.77738451
  0.1740  197.37174151
  0.1750  195.91687889
  0.1760  194.41353335
  0.1770  192.86246046
  0.1780  191.26443428
  0.1790  189.62024684
  0.1800  187.93070771
  0.1810  186.19664355
  0.1820  184.41889761
  0.1830  182.59832925
  0.1840  180.73581347
  0.1850  178.83224041
  0.1860  176.88851485
  0.1870  174.90555570
  0.1880  172.88429553
  0.1890  170.82567999
  0.1900  168.73066736
  0.1910  166.60022801
  0.1920  164.43534385
  0.1930  162.23700781
  0.1940  160.00622337
  0.1950  157.74400392
  0.1960  155.45137234
  0.1970  153.12936035
  0.1980  150.77900806
  0.1990  148.40136338
  0.2000  145.99748152
  0.2010  143.56842437
  0.2020  141.11526005
  0.2030  138.63906229
  0.2040  136.14090994
  0.2050  133.62188639
  0.2060  131.08307903
  0.2070  128.52557873
  0.2080  125.95047929
  0.2090  123.35887687
  0.2100  120.75186950
  0.2110  118.13055651
  0.2120  115.49603801
  0.2130  112.84941434
  0.2140  110.19178557
  0.2150  107.52425095
  0.2160  104.84790839
  0.2170  102.16385396
  0.2180  99.47318136
  0.2190  96.77698140
  0.2200  94.07634152
  0.2210  91.37234524
  0.2220  88.66607173
  0.2230  85.95859527
  0.2240  83.25098476
  0.2250  80.54430326
  0.2260  77.83960754
  0.2270  75.13794752
  0.2280  72.44036591
  0.2290  69.74789769
  0.2300  67.06156967
  0.2310  64.38240006
  0.2320  61.71139804
  0.2330  59.04956329
  0.2340  56.39788562
  0.2350  53.75734451
  0.2360  51.12890873
  0.2370  48.51353595
  0.2380  45.91217232
  0.2390  43.32575211
  0.2400  40.75519734
  0.2410  38.20141739
  0.2420  35.66530869
  0.2430  33.14775436
  0.2440  30.64962385
  0.2450  28.17177269
  0.2460  25.71504213
  0.2470  23.28025891
  0.2480  20.86823503
  0.2490  18.47976754
  0.2500  16.11563851
  0.2510  13.77661520
  0.2520  11.46345076
  0.2530  9.17688631
  0.2540  6.91765758
  0.2550  4.68652075
  0.2560  2.48441498
  0.2570  0.31928581
  0.2580  1.83504317
  0.2590  3.94690111
  0.2600  6.02813333
  0.2610  8.07767706
  0.2620  10.09487404
  0.2630  12.07914084
  0.2640  14.02992787
  0.2650  15.94670969
  0.2660  17.82898204
  0.2670  19.67626073
  0.2680  21.48808115
  0.2690  23.26399815
  0.2700  25.00358592
  0.2710  26.70643803
  0.2720  28.37216743
  0.2730  30.00040647
  0.2740  31.59080692
  0.2750  33.14303999
  0.2760  34.65679636
  0.2770  36.13178620
  0.2780  37.56773911
  0.2790  38.96440418
  0.2800  40.32154995
  0.2810  41.63896435
  0.2820  42.91645473
  0.2830  44.15384774
  0.2840  45.35098935
  0.2850  46.50774473
  0.2860  47.62399822
  0.2870  48.69965322
  0.2880  49.73463211
  0.2890  50.72887617
  0.2900  51.68234543
  0.2910  52.59501861
  0.2920  53.46689294
  0.2930  54.29798410
  0.2940  55.08832598
  0.2950  55.83797063
  0.2960  56.54698803
  0.2970  57.21546600
  0.2980  57.84350993
  0.2990  58.43124269
  0.3000  58.97880440
  0.3010  59.48635225
  0.3020  59.95406029
  0.3030  60.38211920
  0.3040  60.77073614
  0.3050  61.12013446
  0.3060  61.43055351
  0.3070  61.70224839
  0.3080  61.93548973
  0.3090  62.13056339
  0.3100  62.28777029
  0.3110  62.40742607
  0.3120  62.48986089
  0.3130  62.53541911
  0.3140  62.54445907
  0.3150  62.51735273
  0.3160  62.45448550
  0.3170  62.35625583
  0.3180  62.22307502
  0.3190  62.05536683
  0.3200  61.85356727
  0.3210  61.61812423
  0.3220  61.34949719
  0.3230  61.04815691
  0.3240  60.71458512
  0.3250  60.34927417
  0.3260  59.95272677
  0.3270  59.52545559
  0.3280  59.06798299
  0.3290  58.58084066
  0.3300  58.06456930
  0.3310  57.51971829
  0.3320  56.94684533
  0.3330  56.34651614
  0.3340  55.71930407
  0.3350  55.06578983
  0.3360  54.38656106
  0.3370  53.68221208
  0.3380  52.95334347
  0.3390  52.20056178
  0.3400  51.42447914
  0.3410  50.62571296
  0.3420  49.80488555
  0.3430  48.96262380
  0.3440  48.09955881
  0.3450  47.21632560
  0.3460  46.31356267
  0.3470  45.39191178
  0.3480  44.45201750
  0.3490  43.49452694
  0.3500  42.52008937
  0.3510  41.52935594
  0.3520  40.52297925
  0.3530  39.50161312
  0.3540  38.46591220
  0.3550  37.41653163
  0.3560  36.35412676
  0.3570  35.27935280
  0.3580  34.19286449
  0.3590  33.09531581
  0.3600  31.98735963
  0.3610  30.86964741
  0.3620  29.74282893
  0.3630  28.60755191
  0.3640  27.46446179
  0.3650  26.31420135
  0.3660  25.15741049
  0.3670  23.99472591
  0.3680  22.82678083
  0.3690  21.65420471
  0.3700  20.47762298
  0.3710  19.29765679
  0.3720  18.11492275
  0.3730  16.93003267
  0.3740  15.74359336
  0.3750  14.55620644
  0.3760  13.36846812
  0.3770  12.18096911
  0.3780  10.99429460
  0.3790  9.80902435
  0.3800  8.62573314
  0.3810  7.44499175
  0.3820  6.26736946
  0.3830  5.09344004
  0.3840  3.92379897
  0.3850  2.75912431
  0.3860  1.60050128
  0.3870  0.45468933
  0.3880  0.71248040
  0.3890  1.84912999
  0.3900  2.98202237
  0.3910  4.10777486
  0.3920  5.22552279
  0.3930  6.33468798
  0.3940  7.43476929
  0.3950  8.52529827
  0.3960  9.60582576
  0.3970  10.67591693
  0.3980  11.73514920
  0.3990  12.78311130
  0.4000  13.81940278
  0.4010  14.84363386
  0.4020  15.85542528
  0.4030  16.85440835
  0.4040  17.84022488
  0.4050  18.81252730
  0.4060  19.77097862
  0.4070  20.71525253
  0.4080  21.64503344
  0.4090  22.56001648
  0.4100  23.45990759
  0.4110  24.34442353
  0.4120  25.21329191
  0.4130  26.06625124
  0.4140  26.90305091
  0.4150  27.72345125
  0.4160  28.52722351
  0.4170  29.31414986
  0.4180  30.08402341
  0.4190  30.83664821
  0.4200  31.57183920
  0.4210  32.28942220
  0.4220  32.98923393
  0.4230  33.67112192
  0.4240  34.33494451
  0.4250  34.98057080
  0.4260  35.60788060
  0.4270  36.21676439
  0.4280  36.80712326
  0.4290  37.37886881
  0.4300  37.93192316
  0.4310  38.46621880
  0.4320  38.98169856
  0.4330  39.47831550
  0.4340  39.95603286
  0.4350  40.41482392
  0.4360  40.85467193
  0.4370  41.27557002
  0.4380  41.67752108
  0.4390  42.06053764
  0.4400  42.42464178
  0.4410  42.76986499
  0.4420  43.09624807
  0.4430  43.40384098
  0.4440  43.69270273
  0.4450  43.96290125
  0.4460  44.21451323
  0.4470  44.44762400
  0.4480  44.66232737
  0.4490  44.85872552
  0.4500  45.03692879
  0.4510  45.19705558
  0.4520  45.33923219
  0.4530  45.46359262
  0.4540  45.57027845
  0.4550  45.65943867
  0.4560  45.73122951
  0.4570  45.78581425
  0.4580  45.82336310
  0.4590  45.84405298
  0.4600  45.84806737
  0.4610  45.83559614
  0.4620  45.80683536
  0.4630  45.76198710
  0.4640  45.70125932
  0.4650  45.62486562
  0.4660  45.53302506
  0.4670  45.42596205
  0.4680  45.30390606
  0.4690  45.16709153
  0.4700  45.01575762
  0.4710  44.85014807
  0.4720  44.67051096
  0.4730  44.47709859
  0.4740  44.27016723
  0.4750  44.04997698
  0.4760  43.81679154
  0.4770  43.57087808
  0.4780  43.31250699
  0.4790  43.04195173
  0.4800  42.75948865
  0.4810  42.46539679
  0.4820  42.15995769
  0.4830  41.84345522
  0.4840  41.51617538
  0.4850  41.17840617
  0.4860  40.83043731
  0.4870  40.47256017
  0.4880  40.10506752
  0.4890  39.72825337
  0.4900  39.34241281
  0.4910  38.94784182
  0.4920  38.54483712
  0.4930  38.13369594
  0.4940  37.71471595
  0.4950  37.28819499
  0.4960  36.85443098
  0.4970  36.41372171
  0.4980  35.96636471
  0.4990  35.51265708
  0.5000  35.05289534
  0.5010  34.58737524
  0.5020  34.11639166
  0.5030  33.64023844
  0.5040  33.15920822
  0.5050  32.67359232
  0.5060  32.18368056
  0.5070  31.68976118
  0.5080  31.19212064
  0.5090  30.69104352
  0.5100  30.18681240
  0.5110  29.67970770
  0.5120  29.17000759
  0.5130  28.65798783
  0.5140  28.14392168
  0.5150  27.62807977
  0.5160  27.11072998
  0.5170  26.59213736
  0.5180  26.07256399
  0.5190  25.55226888
  0.5200  25.03150789
  0.5210  24.51053362
  0.5220  23.98959530
  0.5230  23.46893872
  0.5240  22.94880612
  0.5250  22.42943614
  0.5260  21.91106370
  0.5270  21.39391994
  0.5280  20.87823214
  0.5290  20.36422364
  0.5300  19.85211378
  0.5310  19.34211785
  0.5320  18.83444697
  0.5330  18.32930810
  0.5340  17.82690395
  0.5350  17.32743290
  0.5360  16.83108899
  0.5370  16.33806188
  0.5380  15.84853676
  0.5390  15.36269433
  0.5400  14.88071077
  0.5410  14.40275773
  0.5420  13.92900221
  0.5430  13.45960664
  0.5440  12.99472878
  0.5450  12.53452171
  0.5460  12.07913383
  0.5470  11.62870885
  0.5480  11.18338573
  0.5490  10.74329870
  0.5500  10.30857726
  0.5510  9.87934615
  0.5520  9.45572538
  0.5530  9.03783017
  0.5540  8.62577103
  0.5550  8.21965372
  0.5560  7.81957923
  0.5570  7.42564388
  0.5580  7.03793923
  0.5590  6.65655219
  0.5600  6.28156497
  0.5610  5.91305514
  0.5620  5.55109563
  0.5630  5.19575479
  0.5640  4.84709643
  0.5650  4.50517979
  0.5660  4.17005969
  0.5670  3.84178650
  0.5680  3.52040624
  0.5690  3.20596068
  0.5700  2.89848742
  0.5710  2.59802007
  0.5720  2.30458852
  0.5730  2.01821926
  0.5740  1.73893619
  0.5750  1.46676189
  0.5760  1.20172066
  0.5770  0.94384600
  0.5780  0.69320322
  0.5790  0.44998230
  0.5800  0.21518267
  0.5810  0.04358058
  0.5820  0.24392794
  0.5830  0.45789147
  0.5840  0.66579229
  0.5850  0.86693226
  0.5860  1.06118288
  0.5870  1.24852109
  0.5880  1.42895730
  0.5890  1.60251674
  0.5900  1.76923310
  0.5910  1.92914585
  0.5920  2.08229902
  0.5930  2.22874053
  0.5940  2.36852182
  0.5950  2.50169757
  0.5960  2.62832550
  0.5970  2.74846627
  0.5980  2.86218334
  0.5990  2.96954283
  0.6000  3.07061350
  0.6010  3.16546659
  0.6020  3.25417576
  0.6030  3.33681700
  0.6040  3.41346857
  0.6050  3.48421088
  0.6060  3.54912645
  0.6070  3.60829977
  0.6080  3.66181730
  0.6090  3.70976732
  0.6100  3.75223990
  0.6110  3.78932677
  0.6120  3.82112131
  0.6130  3.84771840
  0.6140  3.86921439
  0.6150  3.88570699
  0.6160  3.89729523
  0.6170  3.90407934
  0.6180  3.90616070
  0.6190  3.90364176
  0.6200  3.89662595
  0.6210  3.88521762
  0.6220  3.86952196
  0.6230  3.84964491
  0.6240  3.82569310
  0.6250  3.79777379
  0.6260  3.76599478
  0.6270  3.73046431
  0.6280  3.69129105
  0.6290  3.64858398
  0.6300  3.60245233
  0.6310  3.55300553
  0.6320  3.50035312
  0.6330  3.44460468
  0.6340  3.38586980
  0.6350  3.32425797
  0.6360  3.25987852
  0.6370  3.19284058
  0.6380  3.12325303
  0.6390  3.05122439
  0.6400  2.97686279
  0.6410  2.90027591
  0.6420  2.82157093
  0.6430  2.74085446
  0.6440  2.65823250
  0.6450  2.57381039
  0.6460  2.48769273
  0.6470  2.39998339
  0.6480  2.31078543
  0.6490  2.22020107
  0.6500  2.12833165
  0.6510  2.03527762
  0.6520  1.94113852
  0.6530  1.84601294
  0.6540  1.74999857
  0.6550  1.65319221
  0.6560  1.55568979
  0.6570  1.45758652
  0.6580  1.35897700
  0.6590  1.25995547
  0.6600  1.16061622
  0.6610  1.06105421
  0.6620  0.96136610
  0.6630  0.86165203
  0.6640  0.76201883
  0.6650  0.66258603
  0.6660  0.56349815
  0.6670  0.46495250
  0.6680  0.36727032
  0.6690  0.27111687
  0.6700  0.17840051
  0.6710  0.09794553
  0.6720  0.08055141
  0.6730  0.14881192
  0.6740  0.23695171
  0.6750  0.32867722
  0.6760  0.42105308
  0.6770  0.51319469
  0.6780  0.60472418
  0.6790  0.69543594
  0.6800  0.78519634
  0.6810  0.87390674
  0.6820  0.96148760
  0.6830  1.04787100
  0.6840  1.13299663
  0.6850  1.21680971
  0.6860  1.29925967
  0.6870  1.38029939
  0.6880  1.45988471
  0.6890  1.53797413
  0.6900  1.61452851
  0.6910  1.68951100
  0.6920  1.76288690
  0.6930  1.83462354
  0.6940  1.90469026
  0.6950  1.97305834
  0.6960  2.03970096
  0.6970  2.10459314
  0.6980  2.16771175
  0.6990  2.22903545
  0.7000  2.28854468
  0.7010  2.34622161
  0.7020  2.40205015
  0.7030  2.45601588
  0.7040  2.50810607
  0.7050  2.55830964
  0.7060  2.60661711
  0.7070  2.65302061
  0.7080  2.69751384
  0.7090  2.74009204
  0.7100  2.78075198
  0.7110  2.81949191
  0.7120  2.85631155
  0.7130  2.89121206
  0.7140  2.92419599
  0.7150  2.95526730
  0.7160  2.98443129
  0.7170  3.01169457
  0.7180  3.03706505
  0.7190  3.06055191
  0.7200  3.08216555
  0.7210  3.10191758
  0.7220  3.11982076
  0.7230  3.13588900
  0.7240  3.15013733
  0.7250  3.16258182
  0.7260  3.17323961
  0.7270  3.18212883
  0.7280  3.18926860
  0.7290  3.19467896
  0.7300  3.19838089
  0.7310  3.20039622
  0.7320  3.20074764
  0.7330  3.19945863
  0.7340  3.19655348
  0.7350  3.19205719
  0.7360  3.18599550
  0.7370  3.17839480
  0.7380  3.16928216
  0.7390  3.15868523
  0.7400  3.14663225
  0.7410  3.13315203
  0.7420  3.11827386
  0.7430  3.10202754
  0.7440  3.08444332
  0.7450  3.06555186
  0.7460  3.04538421
  0.7470  3.02397181
  0.7480  3.00134639
  0.7490  2.97754000
  0.7500  2.95258496
  0.7510  2.92651382
  0.7520  2.89935936
  0.7530  2.87115453
  0.7540  2.84193244
  0.7550  2.81172634
  0.7560  2.78056957
  0.7570  2.74849554
  0.7580  2.71553773
  0.7590  2.68172964
  0.7600  2.64710475
  0.7610  2.61169656
  0.7620  2.57553847
  0.7630  2.53866385
  0.7640  2.50110596
  0.7650  2.46289797
  0.7660  2.42407287
  0.7670  2.38466354
  0.7680  2.34470266
  0.7690  2.30422272
  0.7700  2.26325601
  0.7710  2.22183457
  0.7720  2.17999020
  0.7730  2.13775443
  0.7740  2.09515853
  0.7750  2.05223345
  0.7760  2.00900983
  0.7770  1.96551800
  0.7780  1.92178793
  0.7790  1.87784927
  0.7800  1.83373127
  0.7810  1.78946283
  0.7820  1.74507245
  0.7830  1.70058823
  0.7840  1.65603789
  0.7850  1.61144870
  0.7860  1.56684752
  0.7870  1.52226077
  0.7880  1.47771446
  0.7890  1.43323412
  0.7900  1.38884484
  0.7910  1.34457124
  0.7920  1.30043750
  0.7930  1.25646731
  0.7940  1.21268391
  0.7950  1.16911005
  0.7960  1.12576799
  0.7970  1.08267955
  0.7980  1.03986602
  0.7990  0.99734826
  0.8000  0.95514660
  0.8010  0.91328093
  0.8020  0.87177063
  0.8030  0.83063462
  0.8040  0.78989134
  0.8050  0.74955878
  0.8060  0.70965445
  0.8070  0.67019542
  0.8080  0.63119832
  0.8090  0.59267936
  0.8100  0.55465436
  0.8110  0.51713877
  0.8120  0.48014770
  0.8130  0.44369604
  0.8140  0.40779845
  0.8150  0.37246960
  0.8160  0.33772429
  0.8170  0.30357783
  0.8180  0.27004655
  0.8190  0.23714875
  0.8200  0.20490651
  0.8210  0.17334922
  0.8220  0.14252140
  0.8230  0.11250241
  0.8240  0.08346471
  0.8250  0.05589765
  0.8260  0.03186722
  0.8270  0.02289824
  0.8280  0.03920648
  0.8290  0.06278122
  0.8300  0.08732912
  0.8310  0.11172561
  0.8320  0.13565728
  0.8330  0.15900327
  0.8340  0.18170614
  0.8350  0.20373428
  0.8360  0.22506827
  0.8370  0.24569525
  0.8380  0.26560610
  0.8390  0.28479414
  0.8400  0.30325433
  0.8410  0.32098283
  0.8420  0.33797671
  0.8430  0.35423383
  0.8440  0.36975266
  0.8450  0.38453226
  0.8460  0.39857218
  0.8470  0.41187246
  0.8480  0.42443357
  0.8490  0.43625640
  0.8500  0.44734225
  0.8510  0.45769281
  0.8520  0.46731013
  0.8530  0.47619666
  0.8540  0.48435519
  0.8550  0.49178887
  0.8560  0.49850120
  0.8570  0.50449603
  0.8580  0.50977754
  0.8590  0.51435025
  0.8600  0.51821902
  0.8610  0.52138901
  0.8620  0.52386575
  0.8630  0.52565504
  0.8640  0.52676305
  0.8650  0.52719622
  0.8660  0.52696132
  0.8670  0.52606546
  0.8680  0.52451600
  0.8690  0.52232065
  0.8700  0.51948742
  0.8710  0.51602460
  0.8720  0.51194079
  0.8730  0.50724491
  0.8740  0.50194615
  0.8750  0.49605401
  0.8760  0.48957828
  0.8770  0.48252908
  0.8780  0.47491680
  0.8790  0.46675213
  0.8800  0.45804609
  0.8810  0.44881001
  0.8820  0.43905553
  0.8830  0.42879463
  0.8840  0.41803963
  0.8850  0.40680322
  0.8860  0.39509849
  0.8870  0.38293893
  0.8880  0.37033851
  0.8890  0.35731170
  0.8900  0.34387356
  0.8910  0.33003986
  0.8920  0.31582716
  0.8930  0.30125300
  0.8940  0.28633617
  0.8950  0.27109700
  0.8960  0.25555786
  0.8970  0.23974381
  0.8980  0.22368362
  0.8990  0.20741124
  0.9000  0.19096808
  0.9010  0.17440663
  0.9020  0.15779641
  0.9030  0.14123391
  0.9040  0.12486011
  0.9050  0.10889206
  0.9060  0.09368121
  0.9070  0.07981885
  0.9080  0.06830135
  0.9090  0.06065602
  0.9100  0.05858401
  0.9110  0.06277358
  0.9120  0.07224199
  0.9130  0.08531966
  0.9140  0.10065822
  0.9150  0.11740719
  0.9160  0.13506254
  0.9170  0.15332128
  0.9180  0.17199333
  0.9190  0.19095320
  0.9200  0.21011359
  0.9210  0.22941065
  0.9220  0.24879546
  0.9230  0.26822894
  0.9240  0.28767867
  0.9250  0.30711693
  0.9260  0.32651937
  0.9270  0.34586408
  0.9280  0.36513108
  0.9290  0.38430181
  0.9300  0.40335888
  0.9310  0.42228584
  0.9320  0.44106705
  0.9330  0.45968751
  0.9340  0.47813282
  0.9350  0.49638912
  0.9360  0.51444301
  0.9370  0.53228153
  0.9380  0.54989216
  0.9390  0.56726274
  0.9400  0.58438152
  0.9410  0.60123713
  0.9420  0.61781854
  0.9430  0.63411509
  0.9440  0.65011651
  0.9450  0.66581283
  0.9460  0.68119450
  0.9470  0.69625229
  0.9480  0.71097735
  0.9490  0.72536118
  0.9500  0.73939566
  0.9510  0.75307302
  0.9520  0.76638589
  0.9530  0.77932724
  0.9540  0.79189044
  0.9550  0.80406923
  0.9560  0.81585775
  0.9570  0.82725049
  0.9580  0.83824236
  0.9590  0.84882864
  0.9600  0.85900500
  0.9610  0.86876753
  0.9620  0.87811267
  0.9630  0.88703728
  0.9640  0.89553862
  0.9650  0.90361432
  0.9660  0.91126244
  0.9670  0.91848141
  0.9680  0.92527004
  0.9690  0.93162758
  0.9700  0.93755363
  0.9710  0.94304819
  0.9720  0.94811166
  0.9730  0.95274481
  0.9740  0.95694879
  0.9750  0.96072514
  0.9760  0.96407576
  0.9770  0.96700295
  0.9780  0.96950934
  0.9790  0.97159794
  0.9800  0.97327211
  0.9810  0.97453556
  0.9820  0.97539235
  0.9830  0.97584689
  0.9840  0.97590388
  0.9850  0.97556838
  0.9860  0.97484577
  0.9870  0.97374172
  0.9880  0.97226220
  0.9890  0.97041349
  0.9900  0.96820214
  0.9910  0.96563499
  0.9920  0.96271913
  0.9930  0.95946192
  0.9940  0.95587095
  0.9950  0.95195407
  0.9960  0.94771935
  0.9970  0.94317505
  0.9980  0.93832967
  0.9990  0.93319189
