  0.0000  83.98198476
  0.0010  83.94166680
  0.0020  83.82073515
  0.0030  83.61925656
  0.0040  83.33734220
  0.0050  82.97514763
  0.0060  82.53287267
  0.0070  82.01076128
  0.0080  81.40910141
  0.0090  80.72822478
  0.0100  79.96850674
  0.0110  79.13036593
  0.0120  78.21426408
  0.0130  77.22070568
  0.0140  76.15023768
  0.0150  75.00344910
  0.0160  73.78097068
  0.0170  72.48347445
  0.0180  71.11167333
  0.0190  69.66632064
  0.0200  68.14820964
  0.0210  66.55817300
  0.0220  64.89708227
  0.0230  63.16584735
  0.0240  61.36541587
  0.0250  59.49677262
  0.0260  57.56093889
  0.0270  55.55897185
  0.0280  53.49196387
  0.0290  51.36104181
  0.0300  49.16736633
  0.0310  46.91213116
  0.0320  44.59656233
  0.0330  42.22191741
  0.0340  39.78948472
  0.0350  37.30058253
  0.0360  34.75655823
  0.0370  32.15878749
  0.0380  29.50867341
  0.0390  26.80764567
  0.0400  24.05715961
  0.0410  21.25869537
  0.0420  18.41375699
  0.0430  15.52387149
  0.0440  12.59058804
  0.0450  9.61547714
  0.0460  6.60013039
  0.0470  3.54616374
  0.0480  0.45539402
  0.0490  2.67123223
  0.0500  5.83124586
  0.0510  9.02329549
  0.0520  12.24567853
  0.0530  15.49668930
  0.0540  18.77461142
  0.0550  22.07771770
  0.0560  25.40427093
  0.0570  28.75252477
  0.0580  32.12072481
  0.0590  35.50710949
  0.0600  38.90991117
  0.0610  42.32735713
  0.0620  45.75767057
  0.0630  49.19907165
  0.0640  52.64977848
  0.0650  56.10800812
  0.0660  59.57197762
  0.0670  63.03990501
  0.0680  66.51001026
  0.0690  69.98051632
  0.0700  73.44965006
  0.0710  76.91564328
  0.0720  80.37673367
  0.0730  83.83116575
  0.0740  87.27719186
  0.0750  90.71307306
  0.0760  94.13708011
  0.0770  97.54749435
  0.0780  100.94260864
  0.0790  104.32072825
  0.0800  107.68017176
  0.0810  111.01927193
  0.0820  114.33637656
  0.0830  117.62984936
  0.0840  120.89807076
  0.0850  124.13943877
  0.0860  127.35236978
  0.0870  130.53529932
  0.0880  133.68668290
  0.0890  136.80499674
  0.0900  139.88873853
  0.0910  142.93642816
  0.0920  145.94660844
  0.0930  148.91784582
  0.0940  151.84873105
  0.0950  154.73787985
  0.0960  157.58393360
  0.0970  160.38555992
  0.0980  163.14145332
  0.0990  165.85033578
  0.1000  168.51095735
  0.1010  171.12209671
  0.1020  173.68256168
  0.1030  176.19118981
  0.1040  178.64684881
  0.1050  181.04843710
  0.1060  183.39488424
  0.1070  185.68515142
  0.1080  187.91823182
  0.1090  190.09315112
  0.1100  192.20896780
  0.1110  194.26477357
  0.1120  196.25969371
  0.1130  198.19288740
  0.1140  200.06354801
  0.1150  201.87090346
  0.1160  203.61421643
  0.1170  205.29278467
  0.1180  206.90594117
  0.1190  208.45305447
  0.1200  209.93352876
  0.1210  211.34680415
  0.1220  212.69235674
  0.1230  213.96969886
  0.1240  215.17837909
  0.1250  216.31798243
  0.1260  217.38813037
  0.1270  218.38848095
  0.1280  219.31872878
  0.1290  220.17860510
  0.1300  220.96787780
  0.1310  221.68635135
  0.1320  222.33386682
  0.1330  222.91030183
  0.1340  223.41557046
  0.1350  223.84962318
  0.1360  224.21244675
  0.1370  224.50406409
  0.1380  224.72453415
  0.1390  224.87395175
  0.1400  224.95244742
  0.1410  224.96018719
  0.1420  224.89737239
  0.1430  224.76423944
  0.1440  224.56105956
  0.1450  224.28813860
  0.1460  223.94581667
  0.1470  223.53446792
  0.1480  223.05450020
  0.1490  222.50635472
  0.1500  221.89050578
  0.1510  221.20746032
  0.1520  220.45775765
  0.1530  219.64196899
  0.1540  218.76069710
  0.1550  217.81457588
  0.1560  216.80426989
  0.1570  215.73047399
  0.1580  214.59391280
  0.1590  213.39534029
  0.1600  212.13553924
  0.1610  210.81532082
  0.1620  209.43552398
  0.1630  207.99701503
  0.1640  206.50068702
  0.1650  204.94745924
  0.1660  203.33827664
  0.1670  201.67410927
  0.1680  199.95595168
  0.1690  198.18482233
  0.1700  196.36176301
  0.1710  194.48783819
  0.1720  192.56413439
  0.1730  190.59175960
  0.1740  188.57184254
  0.1750  186.50553209
  0.1760  184.39399658
  0.1770  182.23842313
  0.1780  180.04001697
  0.1790  177.80000071
  0.1800  175.51961372
  0.1810  173.20011135
  0.1820  170.84276426
  0.1830  168.44885766
  0.1840  166.01969065
  0.1850  163.55657542
  0.1860  161.06083653
  0.1870  158.53381021
  0.1880  155.97684355
  0.1890  153.39129379
  0.1900  150.77852754
  0.1910  148.13992002
  0.1920  145.47685433
  0.1930  142.79072064
  0.1940  140.08291543
  0.1950  137.35484074
  0.1960  134.60790338
  0.1970  131.84351416
  0.1980  129.06308711
  0.1990  126.26803870
  0.2000  123.45978708
  0.2010  120.63975131
  0.2020  117.80935054
  0.2030  114.97000330
  0.2040  112.12312667
  0.2050  109.27013556
  0.2060  106.41244190
  0.2070  103.55145392
  0.2080  100.68857536
  0.2090  97.82520470
  0.2100  94.96273445
  0.2110  92.10255038
  0.2120  89.24603078
  0.2130  86.39454572
  0.2140  83.54945633
  0.2150  80.71211406
  0.2160  77.88386000
  0.2170  75.06602412
  0.2180  72.25992461
  0.2190  69.46686718
  0.2200  66.68814436
  0.2210  63.92503482
  0.2220  61.17880277
  0.2230  58.45069720
  0.2240  55.74195134
  0.2250  53.05378195
  0.2260  50.38738873
  0.2270  47.74395373
  0.2280  45.12464069
  0.2290  42.53059454
  0.2300  39.96294073
  0.2310  37.42278476
  0.2320  34.91121158
  0.2330  32.42928506
  0.2340  29.97804751
  0.2350  27.55851912
  0.2360  25.17169755
  0.2370  22.81855738
  0.2380  20.50004972
  0.2390  18.21710174
  0.2400  15.97061629
  0.2410  13.76147156
  0.2420  11.59052071
  0.2430  9.45859179
  0.2440  7.36648794
  0.2450  5.31498893
  0.2460  3.30485946
  0.2470  1.33693218
  0.2480  0.58943167
  0.2490  2.47082286
  0.2500  4.30861235
  0.2510  6.10176897
  0.2520  7.84967981
  0.2530  9.55178304
  0.2540  11.20755010
  0.2550  12.81648265
  0.2560  14.37811183
  0.2570  15.89199806
  0.2580  17.35773098
  0.2590  18.77492957
  0.2600  20.14324209
  0.2610  21.46234618
  0.2620  22.73194884
  0.2630  23.95178646
  0.2640  25.12162483
  0.2650  26.24125908
  0.2660  27.31051365
  0.2670  28.32924223
  0.2680  29.29732771
  0.2690  30.21468203
  0.2700  31.08124612
  0.2710  31.89698973
  0.2720  32.66191130
  0.2730  33.37603780
  0.2740  34.03942454
  0.2750  34.65215495
  0.2760  35.21434042
  0.2770  35.72612001
  0.2780  36.18766021
  0.2790  36.59915471
  0.2800  36.96082409
  0.2810  37.27291554
  0.2820  37.53570253
  0.2830  37.74948449
  0.2840  37.91458651
  0.2850  38.03135891
  0.2860  38.10017693
  0.2870  38.12144035
  0.2880  38.09557305
  0.2890  38.02302264
  0.2900  37.90426005
  0.2910  37.73977905
  0.2920  37.53009585
  0.2930  37.27574864
  0.2940  36.97729710
  0.2950  36.63532195
  0.2960  36.25042445
  0.2970  35.82322592
  0.2980  35.35436722
  0.2990  34.84450824
  0.3000  34.29432738
  0.3010  33.70452102
  0.3020  33.07580300
  0.3030  32.40890404
  0.3040  31.70457122
  0.3050  30.96356741
  0.3060  30.18667073
  0.3070  29.37467394
  0.3080  28.52838389
  0.3090  27.64862099
  0.3100  26.73621853
  0.3110  25.79202219
  0.3120  24.81688940
  0.3130  23.81168880
  0.3140  22.77729960
  0.3150  21.71461101
  0.3160  20.62452167
  0.3170  19.50793906
  0.3180  18.36577891
  0.3190  17.19896464
  0.3200  16.00842679
  0.3210  14.79510250
  0.3220  13.55993502
  0.3230  12.30387328
  0.3240  11.02787160
  0.3250  9.73288965
  0.3260  8.41989292
  0.3270  7.08985456
  0.3280  5.74376047
  0.3290  4.38262551
  0.3300  3.00755609
  0.3310  1.62014091
  0.3320  0.23717843
  0.3330  1.20006124
  0.3340  2.62049364
  0.3350  4.05178037
  0.3360  5.49178032
  0.3370  6.93932783
  0.3380  8.39340190
  0.3390  9.85302349
  0.3400  11.31723181
  0.3410  12.78507698
  0.3420  14.25561749
  0.3430  15.72791932
  0.3440  17.20105580
  0.3450  18.67410767
  0.3460  20.14616339
  0.3470  21.61631948
  0.3480  23.08368090
  0.3490  24.54736146
  0.3500  26.00648418
  0.3510  27.46018178
  0.3520  28.90759700
  0.3530  30.34788307
  0.3540  31.78020405
  0.3550  33.20373526
  0.3560  34.61766364
  0.3570  36.02118809
  0.3580  37.41351988
  0.3590  38.79388299
  0.3600  40.16151439
  0.3610  41.51566447
  0.3620  42.85559728
  0.3630  44.18059087
  0.3640  45.48993757
  0.3650  46.78294434
  0.3660  48.05893294
  0.3670  49.31724031
  0.3680  50.55721876
  0.3690  51.77823621
  0.3700  52.97967647
  0.3710  54.16093944
  0.3720  55.32144131
  0.3730  56.46061478
  0.3740  57.57790924
  0.3750  58.67279098
  0.3760  59.74474331
  0.3770  60.79326674
  0.3780  61.81787917
  0.3790  62.81811595
  0.3800  63.79353006
  0.3810  64.74369222
  0.3820  65.66819097
  0.3830  66.56663279
  0.3840  67.43864215
  0.3850  68.28386164
  0.3860  69.10195197
  0.3870  69.89259205
  0.3880  70.65547903
  0.3890  71.39032835
  0.3900  72.09687370
  0.3910  72.77486710
  0.3920  73.42407886
  0.3930  74.04429758
  0.3940  74.63533012
  0.3950  75.19700159
  0.3960  75.72915529
  0.3970  76.23165267
  0.3980  76.70437328
  0.3990  77.14721467
  0.4000  77.56009234
  0.4010  77.94293966
  0.4020  78.29570772
  0.4030  78.61836530
  0.4040  78.91089869
  0.4050  79.17331158
  0.4060  79.40562498
  0.4070  79.60787700
  0.4080  79.78012275
  0.4090  79.92243415
  0.4100  80.03489981
  0.4110  80.11762481
  0.4120  80.17073052
  0.4130  80.19435444
  0.4140  80.18864998
  0.4150  80.15378625
  0.4160  80.08994786
  0.4170  79.99733468
  0.4180  79.87616163
  0.4190  79.72665845
  0.4200  79.54906941
  0.4210  79.34365315
  0.4220  79.11068232
  0.4230  78.85044341
  0.4240  78.56323641
  0.4250  78.24937458
  0.4260  77.90918418
  0.4270  77.54300413
  0.4280  77.15118576
  0.4290  76.73409253
  0.4300  76.29209966
  0.4310  75.82559390
  0.4320  75.33497317
  0.4330  74.82064628
  0.4340  74.28303256
  0.4350  73.72256159
  0.4360  73.13967284
  0.4370  72.53481533
  0.4380  71.90844733
  0.4390  71.26103598
  0.4400  70.59305697
  0.4410  69.90499422
  0.4420  69.19733945
  0.4430  68.47059193
  0.4440  67.72525805
  0.4450  66.96185100
  0.4460  66.18089041
  0.4470  65.38290199
  0.4480  64.56841716
  0.4490  63.73797269
  0.4500  62.89211035
  0.4510  62.03137654
  0.4520  61.15632191
  0.4530  60.26750104
  0.4540  59.36547200
  0.4550  58.45079608
  0.4560  57.52403735
  0.4570  56.58576231
  0.4580  55.63653956
  0.4590  54.67693943
  0.4600  53.70753357
  0.4610  52.72889465
  0.4620  51.74159600
  0.4630  50.74621119
  0.4640  49.74331375
  0.4650  48.73347680
  0.4660  47.71727266
  0.4670  46.69527257
  0.4680  45.66804628
  0.4690  44.63616177
  0.4700  43.60018488
  0.4710  42.56067898
  0.4720  41.51820465
  0.4730  40.47331936
  0.4740  39.42657714
  0.4750  38.37852825
  0.4760  37.32971891
  0.4770  36.28069096
  0.4780  35.23198156
  0.4790  34.18412293
  0.4800  33.13764199
  0.4810  32.09306017
  0.4820  31.05089303
  0.4830  30.01165008
  0.4840  28.97583444
  0.4850  27.94394262
  0.4860  26.91646426
  0.4870  25.89388188
  0.4880  24.87667062
  0.4890  23.86529805
  0.4900  22.86022389
  0.4910  21.86189984
  0.4920  20.87076933
  0.4930  19.88726736
  0.4940  18.91182024
  0.4950  17.94484545
  0.4960  16.98675146
  0.4970  16.03793751
  0.4980  15.09879351
  0.4990  14.16969983
  0.5000  13.25102718
  0.5010  12.34313650
  0.5020  11.44637876
  0.5030  10.56109492
  0.5040  9.68761581
  0.5050  8.82626205
  0.5060  7.97734400
  0.5070  7.14116177
  0.5080  6.31800529
  0.5090  5.50815450
  0.5100  4.71187987
  0.5110  3.92944352
  0.5120  3.16110197
  0.5130  2.40711411
  0.5140  1.66776950
  0.5150  0.94354437
  0.5160  0.23802050
  0.5170  0.46558936
  0.5180  1.14330572
  0.5190  1.80686172
  0.5200  2.45502243
  0.5210  3.08748622
  0.5220  3.70407180
  0.5230  4.30463622
  0.5240  4.88905696
  0.5250  5.45722638
  0.5260  6.00904959
  0.5270  6.54444348
  0.5280  7.06333619
  0.5290  7.56566681
  0.5300  8.05138517
  0.5310  8.52045166
  0.5320  8.97283713
  0.5330  9.40852269
  0.5340  9.82749966
  0.5350  10.22976938
  0.5360  10.61534311
  0.5370  10.98424193
  0.5380  11.33649654
  0.5390  11.67214716
  0.5400  11.99124341
  0.5410  12.29384411
  0.5420  12.58001718
  0.5430  12.84983946
  0.5440  13.10339655
  0.5450  13.34078265
  0.5460  13.56210041
  0.5470  13.76746074
  0.5480  13.95698264
  0.5490  14.13079304
  0.5500  14.28902659
  0.5510  14.43182550
  0.5520  14.55933936
  0.5530  14.67172493
  0.5540  14.76914596
  0.5550  14.85177300
  0.5560  14.91978318
  0.5570  14.97336008
  0.5580  15.01269345
  0.5590  15.03797904
  0.5600  15.04941843
  0.5610  15.04721880
  0.5620  15.03159270
  0.5630  15.00275789
  0.5640  14.96093713
  0.5650  14.90635794
  0.5660  14.83925243
  0.5670  14.75985707
  0.5680  14.66841251
  0.5690  14.56516332
  0.5700  14.45035788
  0.5710  14.32424805
  0.5720  14.18708909
  0.5730  14.03913936
  0.5740  13.88066017
  0.5750  13.71191555
  0.5760  13.53317208
  0.5770  13.34469866
  0.5780  13.14676632
  0.5790  12.93964803
  0.5800  12.72361850
  0.5810  12.49895400
  0.5820  12.26593213
  0.5830  12.02483169
  0.5840  11.77593243
  0.5850  11.51951491
  0.5860  11.25586029
  0.5870  10.98525017
  0.5880  10.70796640
  0.5890  10.42429089
  0.5900  10.13450546
  0.5910  9.83889167
  0.5920  9.53773063
  0.5930  9.23130285
  0.5940  8.91988807
  0.5950  8.60376512
  0.5960  8.28321173
  0.5970  7.95850440
  0.5980  7.62991823
  0.5990  7.29772680
  0.6000  6.96220200
  0.6010  6.62361391
  0.6020  6.28223063
  0.6030  5.93831817
  0.6040  5.59214032
  0.6050  5.24395849
  0.6060  4.89403162
  0.6070  4.54261604
  0.6080  4.18996536
  0.6090  3.83633032
  0.6100  3.48195873
  0.6110  3.12709532
  0.6120  2.77198165
  0.6130  2.41685600
  0.6140  2.06195330
  0.6150  1.70750498
  0.6160  1.35373894
  0.6170  1.00087949
  0.6180  0.64914740
  0.6190  0.29876111
  0.6200  0.05011579
  0.6210  0.39715191
  0.6220  0.74224881
  0.6230  1.08517704
  0.6240  1.42573929
  0.6250  1.76374330
  0.6260  2.09900125
  0.6270  2.43132982
  0.6280  2.76055008
  0.6290  3.08648767
  0.6300  3.40897273
  0.6310  3.72784004
  0.6320  4.04292901
  0.6330  4.35408370
  0.6340  4.66115293
  0.6350  4.96399025
  0.6360  5.26245401
  0.6370  5.55640736
  0.6380  5.84571829
  0.6390  6.13025968
  0.6400  6.40990925
  0.6410  6.68454966
  0.6420  6.95406848
  0.6430  7.21835818
  0.6440  7.47731621
  0.6450  7.73084492
  0.6460  7.97885165
  0.6470  8.22124867
  0.6480  8.45795318
  0.6490  8.68888735
  0.6500  8.91397827
  0.6510  9.13315797
  0.6520  9.34636337
  0.6530  9.55353631
  0.6540  9.75462349
  0.6550  9.94957650
  0.6560  10.13835174
  0.6570  10.32091043
  0.6580  10.49721858
  0.6590  10.66724694
  0.6600  10.83097100
  0.6610  10.98837091
  0.6620  11.13943150
  0.6630  11.28414218
  0.6640  11.42249693
  0.6650  11.55449425
  0.6660  11.68013713
  0.6670  11.79943295
  0.6680  11.91239348
  0.6690  12.01903481
  0.6700  12.11937726
  0.6710  12.21344539
  0.6720  12.30126787
  0.6730  12.38287746
  0.6740  12.45831091
  0.6750  12.52760894
  0.6760  12.59081612
  0.6770  12.64798085
  0.6780  12.69915522
  0.6790  12.74439501
  0.6800  12.78375955
  0.6810  12.81731168
  0.6820  12.84511765
  0.6830  12.86724705
  0.6840  12.88377270
  0.6850  12.89477062
  0.6860  12.90031987
  0.6870  12.90050251
  0.6880  12.89540349
  0.6890  12.88511058
  0.6900  12.86971425
  0.6910  12.84930757
  0.6920  12.82398616
  0.6930  12.79384805
  0.6940  12.75899359
  0.6950  12.71952537
  0.6960  12.67554809
  0.6970  12.62716850
  0.6980  12.57449526
  0.6990  12.51763884
  0.7000  12.45671146
  0.7010  12.39182694
  0.7020  12.32310060
  0.7030  12.25064919
  0.7040  12.17459076
  0.7050  12.09504455
  0.7060  12.01213090
  0.7070  11.92597115
  0.7080  11.83668750
  0.7090  11.74440296
  0.7100  11.64924120
  0.7110  11.55132645
  0.7120  11.45078343
  0.7130  11.34773722
  0.7140  11.24231315
  0.7150  11.13463672
  0.7160  11.02483349
  0.7170  10.91302896
  0.7180  10.79934852
  0.7190  10.68391729
  0.7200  10.56686006
  0.7210  10.44830120
  0.7220  10.32836453
  0.7230  10.20717326
  0.7240  10.08484987
  0.7250  9.96151606
  0.7260  9.83729260
  0.7270  9.71229929
  0.7280  9.58665487
  0.7290  9.46047690
  0.7300  9.33388172
  0.7310  9.20698435
  0.7320  9.07989841
  0.7330  8.95273603
  0.7340  8.82560782
  0.7350  8.69862273
  0.7360  8.57188806
  0.7370  8.44550930
  0.7380  8.31959014
  0.7390  8.19423239
  0.7400  8.06953587
  0.7410  7.94559842
  0.7420  7.82251579
  0.7430  7.70038161
  0.7440  7.57928734
  0.7450  7.45932220
  0.7460  7.34057315
  0.7470  7.22312482
  0.7480  7.10705949
  0.7490  6.99245704
  0.7500  6.87939490
  0.7510  6.76794804
  0.7520  6.65818893
  0.7530  6.55018749
  0.7540  6.44401110
  0.7550  6.33972456
  0.7560  6.23739004
  0.7570  6.13706711
  0.7580  6.03881268
  0.7590  5.94268103
  0.7600  5.84872376
  0.7610  5.75698980
  0.7620  5.66752539
  0.7630  5.58037412
  0.7640  5.49557686
  0.7650  5.41317182
  0.7660  5.33319453
  0.7670  5.25567785
  0.7680  5.18065199
  0.7690  5.10814448
  0.7700  5.03818027
  0.7710  4.97078165
  0.7720  4.90596833
  0.7730  4.84375746
  0.7740  4.78416363
  0.7750  4.72719891
  0.7760  4.67287288
  0.7770  4.62119267
  0.7780  4.57216298
  0.7790  4.52578611
  0.7800  4.48206202
  0.7810  4.44098836
  0.7820  4.40256051
  0.7830  4.36677162
  0.7840  4.33361267
  0.7850  4.30307248
  0.7860  4.27513780
  0.7870  4.24979335
  0.7880  4.22702185
  0.7890  4.20680407
  0.7900  4.18911890
  0.7910  4.17394339
  0.7920  4.16125281
  0.7930  4.15102069
  0.7940  4.14321886
  0.7950  4.13781754
  0.7960  4.13478537
  0.7970  4.13408943
  0.7980  4.13569536
  0.7990  4.13956735
  0.8000  4.14566822
  0.8010  4.15395947
  0.8020  4.16440130
  0.8030  4.17695271
  0.8040  4.19157152
  0.8050  4.20821441
  0.8060  4.22683698
  0.8070  4.24739380
  0.8080  4.26983848
  0.8090  4.29412367
  0.8100  4.32020113
  0.8110  4.34802180
  0.8120  4.37753582
  0.8130  4.40869258
  0.8140  4.44144077
  0.8150  4.47572845
  0.8160  4.51150304
  0.8170  4.54871142
  0.8180  4.58729995
  0.8190  4.62721452
  0.8200  4.66840061
  0.8210  4.71080330
  0.8220  4.75436734
  0.8230  4.79903718
  0.8240  4.84475704
  0.8250  4.89147090
  0.8260  4.93912259
  0.8270  4.98765583
  0.8280  5.03701421
  0.8290  5.08714132
  0.8300  5.13798071
  0.8310  5.18947596
  0.8320  5.24157073
  0.8330  5.29420877
  0.8340  5.34733398
  0.8350  5.40089041
  0.8360  5.45482234
  0.8370  5.50907425
  0.8380  5.56359093
  0.8390  5.61831744
  0.8400  5.67319917
  0.8410  5.72818189
  0.8420  5.78321172
  0.8430  5.83823522
  0.8440  5.89319937
  0.8450  5.94805164
  0.8460  6.00273994
  0.8470  6.05721274
  0.8480  6.11141902
  0.8490  6.16530831
  0.8500  6.21883073
  0.8510  6.27193700
  0.8520  6.32457844
  0.8530  6.37670703
  0.8540  6.42827538
  0.8550  6.47923679
  0.8560  6.52954526
  0.8570  6.57915546
  0.8580  6.62802283
  0.8590  6.67610352
  0.8600  6.72335444
  0.8610  6.76973328
  0.8620  6.81519850
  0.8630  6.85970938
  0.8640  6.90322599
  0.8650  6.94570925
  0.8660  6.98712091
  0.8670  7.02742358
  0.8680  7.06658073
  0.8690  7.10455671
  0.8700  7.14131677
  0.8710  7.17682707
  0.8720  7.21105469
  0.8730  7.24396763
  0.8740  7.27553484
  0.8750  7.30572624
  0.8760  7.33451269
  0.8770  7.36186607
  0.8780  7.38775922
  0.8790  7.41216600
  0.8800  7.43506130
  0.8810  7.45642104
  0.8820  7.47622215
  0.8830  7.49444266
  0.8840  7.51106163
  0.8850  7.52605924
  0.8860  7.53941672
  0.8870  7.55111644
  0.8880  7.56114185
  0.8890  7.56947756
  0.8900  7.57610929
  0.8910  7.58102393
  0.8920  7.58420951
  0.8930  7.58565524
  0.8940  7.58535153
  0.8950  7.58328994
  0.8960  7.57946326
  0.8970  7.57386548
  0.8980  7.56649181
  0.8990  7.55733867
  0.9000  7.54640373
  0.9010  7.53368590
  0.9020  7.51918531
  0.9030  7.50290338
  0.9040  7.48484275
  0.9050  7.46500735
  0.9060  7.44340234
  0.9070  7.42003417
  0.9080  7.39491055
  0.9090  7.36804045
  0.9100  7.33943411
  0.9110  7.30910304
  0.9120  7.27705999
  0.9130  7.24331899
  0.9140  7.20789531
  0.9150  7.17080547
  0.9160  7.13206722
  0.9170  7.09169956
  0.9180  7.04972267
  0.9190  7.00615798
  0.9200  6.96102809
  0.9210  6.91435678
  0.9220  6.86616901
  0.9230  6.81649089
  0.9240  6.76534963
  0.9250  6.71277359
  0.9260  6.65879219
  0.9270  6.60343595
  0.9280  6.54673639
  0.9290  6.48872610
  0.9300  6.42943861
  0.9310  6.36890847
  0.9320  6.30717113
  0.9330  6.24426296
  0.9340  6.18022119
  0.9350  6.11508392
  0.9360  6.04889004
  0.9370  5.98167921
  0.9380  5.91349184
  0.9390  5.84436904
  0.9400  5.77435257
  0.9410  5.70348483
  0.9420  5.63180879
  0.9430  5.55936797
  0.9440  5.48620639
  0.9450  5.41236852
  0.9460  5.33789927
  0.9470  5.26284389
  0.9480  5.18724799
  0.9490  5.11115743
  0.9500  5.03461833
  0.9510  4.95767701
  0.9520  4.88037992
  0.9530  4.80277362
  0.9540  4.72490473
  0.9550  4.64681987
  0.9560  4.56856563
  0.9570  4.49018852
  0.9580  4.41173492
  0.9590  4.33325106
  0.9600  4.25478291
  0.9610  4.17637622
  0.9620  4.09807641
  0.9630  4.01992857
  0.9640  3.94197739
  0.9650  3.86426712
  0.9660  3.78684156
  0.9670  3.70974398
  0.9680  3.63301708
  0.9690  3.55670301
  0.9700  3.48084326
  0.9710  3.40547865
  0.9720  3.33064933
  0.9730  3.25639468
  0.9740  3.18275335
  0.9750  3.10976316
  0.9760  3.03746111
  0.9770  2.96588336
  0.9780  2.89506516
  0.9790  2.82504087
  0.9800  2.75584390
  0.9810  2.68750672
  0.9820  2.62006080
  0.9830  2.55353664
  0.9840  2.48796369
  0.9850  2.42337040
  0.9860  2.35978416
  0.9870  2.29723128
  0.9880  2.23573703
  0.9890  2.17532559
  0.9900  2.11602003
  0.9910  2.05784236
  0.9920  2.00081346
  0.9930  1.94495312
  0.9940  1.89028002
  0.9950  1.83681175
  0.9960  1.78456478
  0.9970  1.73355450
  0.9980  1.68379520
  0.9990  1.63530009
