  0.0000  28.10795637
  0.0010  28.07270916
  0.0020  27.96698656
  0.0030  27.79084566
  0.0040  27.54438159
  0.0050  27.22772745
  0.0060  26.84105423
  0.0070  26.38457075
  0.0080  25.85852349
  0.0090  25.26319650
  0.0100  24.59891124
  0.0110  23.86602634
  0.0120  23.06493749
  0.0130  22.19607717
  0.0140  21.25991439
  0.0150  20.25695448
  0.0160  19.18773879
  0.0170  18.05284438
  0.0180  16.85288373
  0.0190  15.58850438
  0.0200  14.26038861
  0.0210  12.86925308
  0.0220  11.41584851
  0.0230  9.90095934
  0.0240  8.32540362
  0.0250  6.69003322
  0.0260  4.99573565
  0.0270  3.24344335
  0.0280  1.43421974
  0.0290  0.43292191
  0.0300  2.35255368
  0.0310  4.32715503
  0.0320  6.35482370
  0.0330  8.43442250
  0.0340  10.56482129
  0.0350  12.74486973
  0.0360  14.97339310
  0.0370  17.24919172
  0.0380  19.57104116
  0.0390  21.93769272
  0.0400  24.34787403
  0.0410  26.80028972
  0.0420  29.29362215
  0.0430  31.82653207
  0.0440  34.39765939
  0.0450  37.00562392
  0.0460  39.64902614
  0.0470  42.32644796
  0.0480  45.03645351
  0.0490  47.77758995
  0.0500  50.54838823
  0.0510  53.34736395
  0.0520  56.17301819
  0.0530  59.02383826
  0.0540  61.89829862
  0.0550  64.79486169
  0.0560  67.71197869
  0.0570  70.64809051
  0.0580  73.60162855
  0.0590  76.57101561
  0.0600  79.55466676
  0.0610  82.55099018
  0.0620  85.55838806
  0.0630  88.57525747
  0.0640  91.59999125
  0.0650  94.63097888
  0.0660  97.66660738
  0.0670  100.70526217
  0.0680  103.74532796
  0.0690  106.78518966
  0.0700  109.82323322
  0.0710  112.85784655
  0.0720  115.88742035
  0.0730  118.91034905
  0.0740  121.92503163
  0.0750  124.92987251
  0.0760  127.92328242
  0.0770  130.90367923
  0.0780  133.86948886
  0.0790  136.81914608
  0.0800  139.75109537
  0.0810  142.66379176
  0.0820  145.55570168
  0.0830  148.42530372
  0.0840  151.27108952
  0.0850  154.09156452
  0.0860  156.88524879
  0.0870  159.65067778
  0.0880  162.38640315
  0.0890  165.09099348
  0.0900  167.76303507
  0.0910  170.40113266
  0.0920  173.00391016
  0.0930  175.57001138
  0.0940  178.09810075
  0.0950  180.58686398
  0.0960  183.03500879
  0.0970  185.44126551
  0.0980  187.80438781
  0.0990  190.12315328
  0.1000  192.39636407
  0.1010  194.62284753
  0.1020  196.80145674
  0.1030  198.93107115
  0.1040  201.01059710
  0.1050  203.03896838
  0.1060  205.01514676
  0.1070  206.93812248
  0.1080  208.80691478
  0.1090  210.62057233
  0.1100  212.37817373
  0.1110  214.07882790
  0.1120  215.72167455
  0.1130  217.30588457
  0.1140  218.83066036
  0.1150  220.29523628
  0.1160  221.69887894
  0.1170  223.04088752
  0.1180  224.32059411
  0.1190  225.53736398
  0.1200  226.69059584
  0.1210  227.77972208
  0.1220  228.80420904
  0.1230  229.76355715
  0.1240  230.65730119
  0.1250  231.48501037
  0.1260  232.24628858
  0.1270  232.94077442
  0.1280  233.56814135
  0.1290  234.12809780
  0.1300  234.62038717
  0.1310  235.04478794
  0.1320  235.40111365
  0.1330  235.68921292
  0.1340  235.90896945
  0.1350  236.06030195
  0.1360  236.14316412
  0.1370  236.15754455
  0.1380  236.10346664
  0.1390  235.98098848
  0.1400  235.79020271
  0.1410  235.53123637
  0.1420  235.20425075
  0.1430  234.80944115
  0.1440  234.34703672
  0.1450  233.81730022
  0.1460  233.22052773
  0.1470  232.55704846
  0.1480  231.82722439
  0.1490  231.03145003
  0.1500  230.17015207
  0.1510  229.24378906
  0.1520  228.25285106
  0.1530  227.19785924
  0.1540  226.07936553
  0.1550  224.89795223
  0.1560  223.65423155
  0.1570  222.34884521
  0.1580  220.98246399
  0.1590  219.55578727
  0.1600  218.06954254
  0.1610  216.52448492
  0.1620  214.92139668
  0.1630  213.26108668
  0.1640  211.54438988
  0.1650  209.77216678
  0.1660  207.94530286
  0.1670  206.06470804
  0.1680  204.13131609
  0.1690  202.14608403
  0.1700  200.10999156
  0.1710  198.02404042
  0.1720  195.88925382
  0.1730  193.70667575
  0.1740  191.47737041
  0.1750  189.20242150
  0.1760  186.88293165
  0.1770  184.52002167
  0.1780  182.11482995
  0.1790  179.66851178
  0.1800  177.18223862
  0.1810  174.65719750
  0.1820  172.09459023
  0.1830  169.49563280
  0.1840  166.86155460
  0.1850  164.19359779
  0.1860  161.49301653
  0.1870  158.76107631
  0.1880  155.99905320
  0.1890  153.20823318
  0.1900  150.38991140
  0.1910  147.54539144
  0.1920  144.67598461
  0.1930  141.78300926
  0.1940  138.86778999
  0.1950  135.93165700
  0.1960  132.97594531
  0.1970  130.00199409
  0.1980  127.01114591
  0.1990  124.00474603
  0.2000  120.98414171
  0.2010  117.95068147
  0.2020  114.90571438
  0.2030  111.85058940
  0.2040  108.78665462
  0.2050  105.71525660
  0.2060  102.63773967
  0.2070  99.55544526
  0.2080  96.46971117
  0.2090  93.38187095
  0.2100  90.29325318
  0.2110  87.20518086
  0.2120  84.11897070
  0.2130  81.03593249
  0.2140  77.95736849
  0.2150  74.88457272
  0.2160  71.81883041
  0.2170  68.76141732
  0.2180  65.71359918
  0.2190  62.67663105
  0.2200  59.65175674
  0.2210  56.64020822
  0.2220  53.64320504
  0.2230  50.66195381
  0.2240  47.69764758
  0.2250  44.75146534
  0.2260  41.82457146
  0.2270  38.91811520
  0.2280  36.03323015
  0.2290  33.17103378
  0.2300  30.33262693
  0.2310  27.51909330
  0.2320  24.73149907
  0.2330  21.97089236
  0.2340  19.23830285
  0.2350  16.53474135
  0.2360  13.86119946
  0.2370  11.21864921
  0.2380  8.60804299
  0.2390  6.03031413
  0.2400  3.48638177
  0.2410  0.97723529
  0.2420  1.49681985
  0.2430  3.93410127
  0.2440  6.33423303
  0.2450  8.69636564
  0.2460  11.01971472
  0.2470  13.30352357
  0.2480  15.54705992
  0.2490  17.74961548
  0.2500  19.91050590
  0.2510  22.02907095
  0.2520  24.10467468
  0.2530  26.13670558
  0.2540  28.12457676
  0.2550  30.06772610
  0.2560  31.96561641
  0.2570  33.81773556
  0.2580  35.62359658
  0.2590  37.38273779
  0.2600  39.09472289
  0.2610  40.75914105
  0.2620  42.37560694
  0.2630  43.94376081
  0.2640  45.46326856
  0.2650  46.93382169
  0.2660  48.35513737
  0.2670  49.72695843
  0.2680  51.04905333
  0.2690  52.32121614
  0.2700  53.54326649
  0.2710  54.71504955
  0.2720  55.83643591
  0.2730  56.90732152
  0.2740  57.92762764
  0.2750  58.89730066
  0.2760  59.81631203
  0.2770  60.68465811
  0.2780  61.50236004
  0.2790  62.26946358
  0.2800  62.98603892
  0.2810  63.65218054
  0.2820  64.26800699
  0.2830  64.83366067
  0.2840  65.34930768
  0.2850  65.81513753
  0.2860  66.23136291
  0.2870  66.59821948
  0.2880  66.91596559
  0.2890  67.18488200
  0.2900  67.40527160
  0.2910  67.57745913
  0.2920  67.70179090
  0.2930  67.77863443
  0.2940  67.80837819
  0.2950  67.79143120
  0.2960  67.72822276
  0.2970  67.61920206
  0.2980  67.46483785
  0.2990  67.26561807
  0.3000  67.02204944
  0.3010  66.73465714
  0.3020  66.40398439
  0.3030  66.03059204
  0.3040  65.61505819
  0.3050  65.15797779
  0.3060  64.65996218
  0.3070  64.12163872
  0.3080  63.54365030
  0.3090  62.92665496
  0.3100  62.27132542
  0.3110  61.57834863
  0.3120  60.84842534
  0.3130  60.08226960
  0.3140  59.28060836
  0.3150  58.44418093
  0.3160  57.57373859
  0.3170  56.67004404
  0.3180  55.73387097
  0.3190  54.76600356
  0.3200  53.76723600
  0.3210  52.73837200
  0.3220  51.68022431
  0.3230  50.59361422
  0.3240  49.47937104
  0.3250  48.33833167
  0.3260  47.17134005
  0.3270  45.97924667
  0.3280  44.76290808
  0.3290  43.52318640
  0.3300  42.26094880
  0.3310  40.97706702
  0.3320  39.67241686
  0.3330  38.34787770
  0.3340  37.00433196
  0.3350  35.64266465
  0.3360  34.26376288
  0.3370  32.86851531
  0.3380  31.45781173
  0.3390  30.03254253
  0.3400  28.59359822
  0.3410  27.14186896
  0.3420  25.67824407
  0.3430  24.20361159
  0.3440  22.71885774
  0.3450  21.22486652
  0.3460  19.72251922
  0.3470  18.21269395
  0.3480  16.69626524
  0.3490  15.17410353
  0.3500  13.64707478
  0.3510  12.11604006
  0.3520  10.58185511
  0.3530  9.04537001
  0.3540  7.50742892
  0.3550  5.96887004
  0.3560  4.43052643
  0.3570  2.89323065
  0.3580  1.35785377
  0.3590  0.17671395
  0.3600  1.70471638
  0.3610  3.22978474
  0.3620  4.74988390
  0.3630  6.26420918
  0.3640  7.77199339
  0.3650  9.27248477
  0.3660  10.76494371
  0.3670  12.24864225
  0.3680  13.72286402
  0.3690  15.18690444
  0.3700  16.64007094
  0.3710  18.08168324
  0.3720  19.51107359
  0.3730  20.92758700
  0.3740  22.33058157
  0.3750  23.71942865
  0.3760  25.09351312
  0.3770  26.45223359
  0.3780  27.79500266
  0.3790  29.12124706
  0.3800  30.43040791
  0.3810  31.72194087
  0.3820  32.99531631
  0.3830  34.25001950
  0.3840  35.48555078
  0.3850  36.70142564
  0.3860  37.89717492
  0.3870  39.07234491
  0.3880  40.22649748
  0.3890  41.35921013
  0.3900  42.47007617
  0.3910  43.55870473
  0.3920  44.62472086
  0.3930  45.66776562
  0.3940  46.68749608
  0.3950  47.68358539
  0.3960  48.65572284
  0.3970  49.60361383
  0.3980  50.52697991
  0.3990  51.42555879
  0.4000  52.29910432
  0.4010  53.14738648
  0.4020  53.97019133
  0.4030  54.76732101
  0.4040  55.53859369
  0.4050  56.28384348
  0.4060  57.00292040
  0.4070  57.69569030
  0.4080  58.36203478
  0.4090  59.00185109
  0.4100  59.61505202
  0.4110  60.20156582
  0.4120  60.76133608
  0.4130  61.29432160
  0.4140  61.80049622
  0.4150  62.27984875
  0.4160  62.73238277
  0.4170  63.15811651
  0.4180  63.55708265
  0.4190  63.92932816
  0.4200  64.27491417
  0.4210  64.59391572
  0.4220  64.88642160
  0.4230  65.15253415
  0.4240  65.39236909
  0.4250  65.60605523
  0.4260  65.79373436
  0.4270  65.95556095
  0.4280  66.09170194
  0.4290  66.20233655
  0.4300  66.28765599
  0.4310  66.34786327
  0.4320  66.38317291
  0.4330  66.39381073
  0.4340  66.38001357
  0.4350  66.34202905
  0.4360  66.28011530
  0.4370  66.19454069
  0.4380  66.08558358
  0.4390  65.95353206
  0.4400  65.79868363
  0.4410  65.62134496
  0.4420  65.42183163
  0.4430  65.20046779
  0.4440  64.95758595
  0.4450  64.69352663
  0.4460  64.40863814
  0.4470  64.10327622
  0.4480  63.77780383
  0.4490  63.43259081
  0.4500  63.06801359
  0.4510  62.68445494
  0.4520  62.28230364
  0.4530  61.86195422
  0.4540  61.42380663
  0.4550  60.96826601
  0.4560  60.49574234
  0.4570  60.00665019
  0.4580  59.50140841
  0.4590  58.98043989
  0.4600  58.44417118
  0.4610  57.89303231
  0.4620  57.32745644
  0.4630  56.74787961
  0.4640  56.15474043
  0.4650  55.54847984
  0.4660  54.92954082
  0.4670  54.29836810
  0.4680  53.65540789
  0.4690  53.00110766
  0.4700  52.33591580
  0.4710  51.66028141
  0.4720  50.97465403
  0.4730  50.27948336
  0.4740  49.57521904
  0.4750  48.86231036
  0.4760  48.14120605
  0.4770  47.41235401
  0.4780  46.67620109
  0.4790  45.93319281
  0.4800  45.18377319
  0.4810  44.42838447
  0.4820  43.66746691
  0.4830  42.90145854
  0.4840  42.13079499
  0.4850  41.35590922
  0.4860  40.57723136
  0.4870  39.79518846
  0.4880  39.01020432
  0.4890  38.22269929
  0.4900  37.43309007
  0.4910  36.64178951
  0.4920  35.84920644
  0.4930  35.05574550
  0.4940  34.26180696
  0.4950  33.46778653
  0.4960  32.67407521
  0.4970  31.88105913
  0.4980  31.08911941
  0.4990  30.29863195
  0.5000  29.50996737
  0.5010  28.72349079
  0.5020  27.93956173
  0.5030  27.15853398
  0.5040  26.38075545
  0.5050  25.60656806
  0.5060  24.83630765
  0.5070  24.07030379
  0.5080  23.30887974
  0.5090  22.55235235
  0.5100  21.80103189
  0.5110  21.05522202
  0.5120  20.31521967
  0.5130  19.58131499
  0.5140  18.85379121
  0.5150  18.13292461
  0.5160  17.41898443
  0.5170  16.71223282
  0.5180  16.01292475
  0.5190  15.32130798
  0.5200  14.63762298
  0.5210  13.96210292
  0.5220  13.29497357
  0.5230  12.63645333
  0.5240  11.98675313
  0.5250  11.34607643
  0.5260  10.71461920
  0.5270  10.09256989
  0.5280  9.48010941
  0.5290  8.87741112
  0.5300  8.28464083
  0.5310  7.70195679
  0.5320  7.12950969
  0.5330  6.56744269
  0.5340  6.01589139
  0.5350  5.47498393
  0.5360  4.94484096
  0.5370  4.42557574
  0.5380  3.91729420
  0.5390  3.42009511
  0.5400  2.93407029
  0.5410  2.45930518
  0.5420  1.99587985
  0.5430  1.54387190
  0.5440  1.10336569
  0.5450  0.67449547
  0.5460  0.25789717
  0.5470  0.15214346
  0.5480  0.54458243
  0.5490  0.92693831
  0.5500  1.29779502
  0.5510  1.65702053
  0.5520  2.00457918
  0.5530  2.34046137
  0.5540  2.66467035
  0.5550  2.97721844
  0.5560  3.27812559
  0.5570  3.56741879
  0.5580  3.84513165
  0.5590  4.11130419
  0.5600  4.36598268
  0.5610  4.60921950
  0.5620  4.84107299
  0.5630  5.06160736
  0.5640  5.27089256
  0.5650  5.46900416
  0.5660  5.65602324
  0.5670  5.83203629
  0.5680  5.99713507
  0.5690  6.15141650
  0.5700  6.29498255
  0.5710  6.42794012
  0.5720  6.55040088
  0.5730  6.66248123
  0.5740  6.76430208
  0.5750  6.85598878
  0.5760  6.93767097
  0.5770  7.00948249
  0.5780  7.07156117
  0.5790  7.12404879
  0.5800  7.16709088
  0.5810  7.20083662
  0.5820  7.22543869
  0.5830  7.24105314
  0.5840  7.24783925
  0.5850  7.24595941
  0.5860  7.23557895
  0.5870  7.21686603
  0.5880  7.18999149
  0.5890  7.15512872
  0.5900  7.11245348
  0.5910  7.06214384
  0.5920  7.00437996
  0.5930  6.93934400
  0.5940  6.86721995
  0.5950  6.78819353
  0.5960  6.70245201
  0.5970  6.61018410
  0.5980  6.51157978
  0.5990  6.40683022
  0.6000  6.29612758
  0.6010  6.17966492
  0.6020  6.05763605
  0.6030  5.93023539
  0.6040  5.79765787
  0.6050  5.66009874
  0.6060  5.51775352
  0.6070  5.37081783
  0.6080  5.21948725
  0.6090  5.06395726
  0.6100  4.90442306
  0.6110  4.74107951
  0.6120  4.57412101
  0.6130  4.40374136
  0.6140  4.23013374
  0.6150  4.05349056
  0.6160  3.87400345
  0.6170  3.69186316
  0.6180  3.50725955
  0.6190  3.32038161
  0.6200  3.13141749
  0.6210  2.94055461
  0.6220  2.74797989
  0.6230  2.55388010
  0.6240  2.35844245
  0.6250  2.16185561
  0.6260  1.96431132
  0.6270  1.76600723
  0.6280  1.56715195
  0.6290  1.36797460
  0.6300  1.16874411
  0.6310  0.96981224
  0.6320  0.77172241
  0.6330  0.57553879
  0.6340  0.38415287
  0.6350  0.21038758
  0.6360  0.14420270
  0.6370  0.27643302
  0.6380  0.45841768
  0.6390  0.64868550
  0.6400  0.84080223
  0.6410  1.03296092
  0.6420  1.22440888
  0.6430  1.41473632
  0.6440  1.60367297
  0.6450  1.79101500
  0.6460  1.97659446
  0.6470  2.16026487
  0.6480  2.34189393
  0.6490  2.52135943
  0.6500  2.69854701
  0.6510  2.87334866
  0.6520  3.04566193
  0.6530  3.21538928
  0.6540  3.38243775
  0.6550  3.54671865
  0.6560  3.70814743
  0.6570  3.86664348
  0.6580  4.02213009
  0.6590  4.17453432
  0.6600  4.32378696
  0.6610  4.46982251
  0.6620  4.61257906
  0.6630  4.75199833
  0.6640  4.88802557
  0.6650  5.02060957
  0.6660  5.14970258
  0.6670  5.27526033
  0.6680  5.39724195
  0.6690  5.51560995
  0.6700  5.63033018
  0.6710  5.74137180
  0.6720  5.84870724
  0.6730  5.95231214
  0.6740  6.05216533
  0.6750  6.14824880
  0.6760  6.24054760
  0.6770  6.32904985
  0.6780  6.41374666
  0.6790  6.49463210
  0.6800  6.57170316
  0.6810  6.64495963
  0.6820  6.71440415
  0.6830  6.78004209
  0.6840  6.84188148
  0.6850  6.89993303
  0.6860  6.95420999
  0.6870  7.00472815
  0.6880  7.05150575
  0.6890  7.09456345
  0.6900  7.13392424
  0.6910  7.16961337
  0.6920  7.20165836
  0.6930  7.23008884
  0.6940  7.25493657
  0.6950  7.27623534
  0.6960  7.29402090
  0.6970  7.30833091
  0.6980  7.31920491
  0.6990  7.32668418
  0.7000  7.33081176
  0.7010  7.33163232
  0.7020  7.32919215
  0.7030  7.32353906
  0.7040  7.31472235
  0.7050  7.30279270
  0.7060  7.28780216
  0.7070  7.26980408
  0.7080  7.24885301
  0.7090  7.22500468
  0.7100  7.19831593
  0.7110  7.16884463
  0.7120  7.13664967
  0.7130  7.10179084
  0.7140  7.06432883
  0.7150  7.02432513
  0.7160  6.98184199
  0.7170  6.93694238
  0.7180  6.88968992
  0.7190  6.84014882
  0.7200  6.78838385
  0.7210  6.73446026
  0.7220  6.67844375
  0.7230  6.62040043
  0.7240  6.56039672
  0.7250  6.49849937
  0.7260  6.43477538
  0.7270  6.36929192
  0.7280  6.30211636
  0.7290  6.23331616
  0.7300  6.16295887
  0.7310  6.09111204
  0.7320  6.01784324
  0.7330  5.94321996
  0.7340  5.86730963
  0.7350  5.79017952
  0.7360  5.71189675
  0.7370  5.63252823
  0.7380  5.55214062
  0.7390  5.47080033
  0.7400  5.38857344
  0.7410  5.30552569
  0.7420  5.22172247
  0.7430  5.13722872
  0.7440  5.05210900
  0.7450  4.96642736
  0.7460  4.88024738
  0.7470  4.79363212
  0.7480  4.70664407
  0.7490  4.61934518
  0.7500  4.53179678
  0.7510  4.44405956
  0.7520  4.35619359
  0.7530  4.26825826
  0.7540  4.18031225
  0.7550  4.09241354
  0.7560  4.00461936
  0.7570  3.91698619
  0.7580  3.82956973
  0.7590  3.74242486
  0.7600  3.65560568
  0.7610  3.56916542
  0.7620  3.48315647
  0.7630  3.39763035
  0.7640  3.31263769
  0.7650  3.22822822
  0.7660  3.14445073
  0.7670  3.06135310
  0.7680  2.97898226
  0.7690  2.89738415
  0.7700  2.81660376
  0.7710  2.73668508
  0.7720  2.65767109
  0.7730  2.57960377
  0.7740  2.50252406
  0.7750  2.42647187
  0.7760  2.35148607
  0.7770  2.27760446
  0.7780  2.20486377
  0.7790  2.13329967
  0.7800  2.06294674
  0.7810  1.99383845
  0.7820  1.92600721
  0.7830  1.85948428
  0.7840  1.79429985
  0.7850  1.73048297
  0.7860  1.66806156
  0.7870  1.60706245
  0.7880  1.54751130
  0.7890  1.48943267
  0.7900  1.43284996
  0.7910  1.37778543
  0.7920  1.32426023
  0.7930  1.27229431
  0.7940  1.22190652
  0.7950  1.17311453
  0.7960  1.12593485
  0.7970  1.08038284
  0.7980  1.03647265
  0.7990  0.99421727
  0.8000  0.95362846
  0.8010  0.91471678
  0.8020  0.87749151
  0.8030  0.84196065
  0.8040  0.80813089
  0.8050  0.77600754
  0.8060  0.74559446
  0.8070  0.71689407
  0.8080  0.68990721
  0.8090  0.66463309
  0.8100  0.64106921
  0.8110  0.61921130
  0.8120  0.59905326
  0.8130  0.58058704
  0.8140  0.56380268
  0.8150  0.54868825
  0.8160  0.53522987
  0.8170  0.52341178
  0.8180  0.51321644
  0.8190  0.50462465
  0.8200  0.49761575
  0.8210  0.49216778
  0.8220  0.48825779
  0.8230  0.48586201
  0.8240  0.48495608
  0.8250  0.48551532
  0.8260  0.48751483
  0.8270  0.49092968
  0.8280  0.49573496
  0.8290  0.50190584
  0.8300  0.50941752
  0.8310  0.51824523
  0.8320  0.52836409
  0.8330  0.53974905
  0.8340  0.55237476
  0.8350  0.56621546
  0.8360  0.58124485
  0.8370  0.59743603
  0.8380  0.61476136
  0.8390  0.63319246
  0.8400  0.65270013
  0.8410  0.67325431
  0.8420  0.69482411
  0.8430  0.71737776
  0.8440  0.74088269
  0.8450  0.76530550
  0.8460  0.79061201
  0.8470  0.81676734
  0.8480  0.84373590
  0.8490  0.87148148
  0.8500  0.89996727
  0.8510  0.92915596
  0.8520  0.95900973
  0.8530  0.98949035
  0.8540  1.02055925
  0.8550  1.05217749
  0.8560  1.08430591
  0.8570  1.11690512
  0.8580  1.14993556
  0.8590  1.18335756
  0.8600  1.21713138
  0.8610  1.25121727
  0.8620  1.28557549
  0.8630  1.32016639
  0.8640  1.35495041
  0.8650  1.38988816
  0.8660  1.42494045
  0.8670  1.46006834
  0.8680  1.49523316
  0.8690  1.53039656
  0.8700  1.56552056
  0.8710  1.60056759
  0.8720  1.63550051
  0.8730  1.67028264
  0.8740  1.70487783
  0.8750  1.73925048
  0.8760  1.77336556
  0.8770  1.80718867
  0.8780  1.84068606
  0.8790  1.87382463
  0.8800  1.90657203
  0.8810  1.93889664
  0.8820  1.97076761
  0.8830  2.00215488
  0.8840  2.03302924
  0.8850  2.06336232
  0.8860  2.09312662
  0.8870  2.12229555
  0.8880  2.15084345
  0.8890  2.17874561
  0.8900  2.20597825
  0.8910  2.23251862
  0.8920  2.25834494
  0.8930  2.28343646
  0.8940  2.30777346
  0.8950  2.33133727
  0.8960  2.35411027
  0.8970  2.37607592
  0.8980  2.39721873
  0.8990  2.41752433
  0.9000  2.43697941
  0.9010  2.45557178
  0.9020  2.47329032
  0.9030  2.49012505
  0.9040  2.50606704
  0.9050  2.52110851
  0.9060  2.53524272
  0.9070  2.54846407
  0.9080  2.56076803
  0.9090  2.57215112
  0.9100  2.58261096
  0.9110  2.59214622
  0.9120  2.60075661
  0.9130  2.60844288
  0.9140  2.61520679
  0.9150  2.62105110
  0.9160  2.62597956
  0.9170  2.62999688
  0.9180  2.63310872
  0.9190  2.63532166
  0.9200  2.63664317
  0.9210  2.63708162
  0.9220  2.63664619
  0.9230  2.63534693
  0.9240  2.63319465
  0.9250  2.63020094
  0.9260  2.62637814
  0.9270  2.62173929
  0.9280  2.61629809
  0.9290  2.61006889
  0.9300  2.60306668
  0.9310  2.59530699
  0.9320  2.58680590
  0.9330  2.57758002
  0.9340  2.56764639
  0.9350  2.55702252
  0.9360  2.54572631
  0.9370  2.53377602
  0.9380  2.52119022
  0.9390  2.50798779
  0.9400  2.49418784
  0.9410  2.47980971
  0.9420  2.46487290
  0.9430  2.44939705
  0.9440  2.43340190
  0.9450  2.41690726
  0.9460  2.39993295
  0.9470  2.38249880
  0.9480  2.36462457
  0.9490  2.34632996
  0.9500  2.32763455
  0.9510  2.30855775
  0.9520  2.28911883
  0.9530  2.26933680
  0.9540  2.24923046
  0.9550  2.22881831
  0.9560  2.20811856
  0.9570  2.18714909
  0.9580  2.16592742
  0.9590  2.14447069
  0.9600  2.12279562
  0.9610  2.10091852
  0.9620  2.07885524
  0.9630  2.05662118
  0.9640  2.03423124
  0.9650  2.01169982
  0.9660  1.98904081
  0.9670  1.96626758
  0.9680  1.94339296
  0.9690  1.92042924
  0.9700  1.89738815
  0.9710  1.87428088
  0.9720  1.85111804
  0.9730  1.82790970
  0.9740  1.80466537
  0.9750  1.78139398
  0.9760  1.75810395
  0.9770  1.73480312
  0.9780  1.71149881
  0.9790  1.68819780
  0.9800  1.66490636
  0.9810  1.64163025
  0.9820  1.61837475
  0.9830  1.59514466
  0.9840  1.57194430
  0.9850  1.54877759
  0.9860  1.52564799
  0.9870  1.50255857
  0.9880  1.47951204
  0.9890  1.45651071
  0.9900  1.43355660
  0.9910  1.41065137
  0.9920  1.38779641
  0.9930  1.36499286
  0.9940  1.34224160
  0.9950  1.31954328
  0.9960  1.29689839
  0.9970  1.27430722
  0.9980  1.25176994
  0.9990  1.22928658
