  0.0000  51.76369911
  0.0010  51.74001687
  0.0020  51.66897885
  0.0030  51.55061110
  0.0040  51.38495708
  0.0050  51.17207759
  0.0060  50.91205074
  0.0070  50.60497198
  0.0080  50.25095400
  0.0090  49.85012672
  0.0100  49.40263725
  0.0110  48.90864981
  0.0120  48.36834569
  0.0130  47.78192319
  0.0140  47.14959750
  0.0150  46.47160069
  0.0160  45.74818158
  0.0170  44.97960565
  0.0180  44.16615496
  0.0190  43.30812805
  0.0200  42.40583982
  0.0210  41.45962144
  0.0220  40.46982019
  0.0230  39.43679941
  0.0240  38.36093829
  0.0250  37.24263182
  0.0260  36.08229063
  0.0270  34.88034087
  0.0280  33.63722405
  0.0290  32.35339699
  0.0300  31.02933164
  0.0310  29.66551501
  0.0320  28.26244911
  0.0330  26.82065089
  0.0340  25.34065227
  0.0350  23.82300025
  0.0360  22.26825717
  0.0370  20.67700117
  0.0380  19.04982711
  0.0390  17.38734808
  0.0400  15.69019829
  0.0410  13.95903827
  0.0420  12.19456524
  0.0430  10.39753503
  0.0440  8.56881361
  0.0450  6.70951794
  0.0460  4.82149696
  0.0470  2.90974771
  0.0480  1.01311668
  0.0490  1.12686386
  0.0500  3.08775303
  0.0510  5.11370574
  0.0520  7.17216598
  0.0530  9.25844734
  0.0540  11.37069012
  0.0550  13.50769628
  0.0560  15.66848519
  0.0570  17.85216153
  0.0580  20.05786646
  0.0590  22.28475675
  0.0600  24.53199491
  0.0610  26.79874419
  0.0620  29.08416600
  0.0630  31.38741839
  0.0640  33.70765539
  0.0650  36.04402656
  0.0660  38.39567694
  0.0670  40.76174700
  0.0680  43.14137281
  0.0690  45.53368615
  0.0700  47.93781477
  0.0710  50.35288261
  0.0720  52.77801011
  0.0730  55.21231441
  0.0740  57.65490974
  0.0750  60.10490766
  0.0760  62.56141736
  0.0770  65.02354605
  0.0780  67.49039917
  0.0790  69.96108080
  0.0800  72.43469394
  0.0810  74.91034084
  0.0820  77.38712335
  0.0830  79.86414319
  0.0840  82.34050234
  0.0850  84.81530334
  0.0860  87.28764960
  0.0870  89.75664576
  0.0880  92.22139801
  0.0890  94.68101440
  0.0900  97.13460517
  0.0910  99.58128310
  0.0920  102.02016379
  0.0930  104.45036604
  0.0940  106.87101212
  0.0950  109.28122810
  0.0960  111.68014420
  0.0970  114.06689506
  0.0980  116.44062012
  0.0990  118.80046384
  0.1000  121.14557609
  0.1010  123.47511245
  0.1020  125.78823446
  0.1030  128.08410997
  0.1040  130.36191344
  0.1050  132.62082624
  0.1060  134.86003690
  0.1070  137.07874146
  0.1080  139.27614373
  0.1090  141.45145557
  0.1100  143.60389720
  0.1110  145.73269745
  0.1120  147.83709405
  0.1130  149.91633389
  0.1140  151.96967332
  0.1150  153.99637836
  0.1160  155.99572500
  0.1170  157.96699946
  0.1180  159.90949842
  0.1190  161.82252926
  0.1200  163.70541035
  0.1210  165.55747123
  0.1220  167.37805288
  0.1230  169.16650794
  0.1240  170.92220095
  0.1250  172.64450853
  0.1260  174.33281964
  0.1270  175.98653578
  0.1280  177.60507115
  0.1290  179.18785292
  0.1300  180.73432138
  0.1310  182.24393014
  0.1320  183.71614631
  0.1330  185.15045070
  0.1340  186.54633796
  0.1350  187.90331677
  0.1360  189.22091000
  0.1370  190.49865486
  0.1380  191.73610306
  0.1390  192.93282094
  0.1400  194.08838964
  0.1410  195.20240519
  0.1420  196.27447866
  0.1430  197.30423632
  0.1440  198.29131966
  0.1450  199.23538561
  0.1460  200.13610655
  0.1470  200.99317048
  0.1480  201.80628107
  0.1490  202.57515775
  0.1500  203.29953581
  0.1510  203.97916643
  0.1520  204.61381681
  0.1530  205.20327016
  0.1540  205.74732583
  0.1550  206.24579929
  0.1560  206.69852221
  0.1570  207.10534247
  0.1580  207.46612424
  0.1590  207.78074792
  0.1600  208.04911026
  0.1610  208.27112427
  0.1620  208.44671929
  0.1630  208.57584097
  0.1640  208.65845126
  0.1650  208.69452838
  0.1660  208.68406683
  0.1670  208.62707735
  0.1680  208.52358688
  0.1690  208.37363853
  0.1700  208.17729152
  0.1710  207.93462115
  0.1720  207.64571873
  0.1730  207.31069153
  0.1740  206.92966268
  0.1750  206.50277114
  0.1760  206.03017157
  0.1770  205.51203428
  0.1780  204.94854513
  0.1790  204.33990540
  0.1800  203.68633175
  0.1810  202.98805605
  0.1820  202.24532528
  0.1830  201.45840142
  0.1840  200.62756134
  0.1850  199.75309662
  0.1860  198.83531346
  0.1870  197.87453249
  0.1880  196.87108869
  0.1890  195.82533117
  0.1900  194.73762304
  0.1910  193.60834126
  0.1920  192.43787644
  0.1930  191.22663270
  0.1940  189.97502747
  0.1950  188.68349134
  0.1960  187.35246780
  0.1970  185.98241316
  0.1980  184.57379623
  0.1990  183.12709824
  0.2000  181.64281254
  0.2010  180.12144444
  0.2020  178.56351100
  0.2030  176.96954079
  0.2040  175.34007367
  0.2050  173.67566060
  0.2060  171.97686338
  0.2070  170.24425442
  0.2080  168.47841653
  0.2090  166.67994264
  0.2100  164.84943562
  0.2110  162.98750796
  0.2120  161.09478158
  0.2130  159.17188757
  0.2140  157.21946591
  0.2150  155.23816525
  0.2160  153.22864262
  0.2170  151.19156318
  0.2180  149.12759996
  0.2190  147.03743360
  0.2200  144.92175207
  0.2210  142.78125041
  0.2220  140.61663043
  0.2230  138.42860048
  0.2240  136.21787515
  0.2250  133.98517500
  0.2260  131.73122625
  0.2270  129.45676056
  0.2280  127.16251470
  0.2290  124.84923029
  0.2300  122.51765349
  0.2310  120.16853477
  0.2320  117.80262858
  0.2330  115.42069305
  0.2340  113.02348977
  0.2350  110.61178343
  0.2360  108.18634159
  0.2370  105.74793437
  0.2380  103.29733416
  0.2390  100.83531532
  0.2400  98.36265394
  0.2410  95.88012751
  0.2420  93.38851467
  0.2430  90.88859489
  0.2440  88.38114822
  0.2450  85.86695496
  0.2460  83.34679547
  0.2470  80.82144979
  0.2480  78.29169741
  0.2490  75.75831704
  0.2500  73.22208623
  0.2510  70.68378121
  0.2520  68.14417656
  0.2530  65.60404497
  0.2540  63.06415701
  0.2550  60.52528083
  0.2560  57.98818196
  0.2570  55.45362306
  0.2580  52.92236371
  0.2590  50.39516023
  0.2600  47.87276545
  0.2610  45.35592861
  0.2620  42.84539523
  0.2630  40.34190704
  0.2640  37.84620201
  0.2650  35.35901450
  0.2660  32.88107556
  0.2670  30.41311346
  0.2680  27.95585474
  0.2690  25.51002580
  0.2700  23.07635580
  0.2710  20.65558153
  0.2720  18.24845631
  0.2730  15.85576694
  0.2740  13.47836831
  0.2750  11.11726150
  0.2760  8.77379510
  0.2770  6.45029524
  0.2780  4.15276424
  0.2790  1.91266144
  0.2800  0.77231071
  0.2810  2.79328666
  0.2820  5.00098369
  0.2830  7.20720788
  0.2840  9.39796537
  0.2850  11.56950101
  0.2860  13.72010973
  0.2870  15.84872620
  0.2880  17.95454216
  0.2890  20.03687259
  0.2900  22.09510056
  0.2910  24.12865158
  0.2920  26.13698065
  0.2930  28.11956526
  0.2940  30.07590137
  0.2950  32.00550103
  0.2960  33.90789095
  0.2970  35.78261159
  0.2980  37.62921659
  0.2990  39.44727239
  0.3000  41.23635804
  0.3010  42.99606506
  0.3020  44.72599732
  0.3030  46.42577108
  0.3040  48.09501491
  0.3050  49.73336978
  0.3060  51.34048899
  0.3070  52.91603830
  0.3080  54.45969587
  0.3090  55.97115237
  0.3100  57.45011100
  0.3110  58.89628751
  0.3120  60.30941025
  0.3130  61.68922020
  0.3140  63.03547100
  0.3150  64.34792899
  0.3160  65.62637322
  0.3170  66.87059548
  0.3180  68.08040030
  0.3190  69.25560497
  0.3200  70.39603959
  0.3210  71.50154699
  0.3220  72.57198280
  0.3230  73.60721541
  0.3240  74.60712597
  0.3250  75.57160839
  0.3260  76.50056927
  0.3270  77.39392794
  0.3280  78.25161641
  0.3290  79.07357930
  0.3300  79.85977387
  0.3310  80.61016990
  0.3320  81.32474971
  0.3330  82.00350809
  0.3340  82.64645221
  0.3350  83.25360162
  0.3360  83.82498813
  0.3370  84.36065578
  0.3380  84.86066073
  0.3390  85.32507123
  0.3400  85.75396751
  0.3410  86.14744167
  0.3420  86.50559764
  0.3430  86.82855107
  0.3440  87.11642921
  0.3450  87.36937081
  0.3460  87.58752606
  0.3470  87.77105643
  0.3480  87.92013456
  0.3490  88.03494418
  0.3500  88.11567995
  0.3510  88.16254735
  0.3520  88.17576255
  0.3530  88.15555229
  0.3540  88.10215372
  0.3550  88.01581429
  0.3560  87.89679156
  0.3570  87.74535314
  0.3580  87.56177643
  0.3590  87.34634858
  0.3600  87.09936625
  0.3610  86.82113549
  0.3620  86.51197157
  0.3630  86.17219885
  0.3640  85.80215055
  0.3650  85.40216863
  0.3660  84.97260360
  0.3670  84.51381437
  0.3680  84.02616802
  0.3690  83.51003969
  0.3700  82.96581234
  0.3710  82.39387660
  0.3720  81.79463060
  0.3730  81.16847972
  0.3740  80.51583647
  0.3750  79.83712026
  0.3760  79.13275721
  0.3770  78.40317998
  0.3780  77.64882754
  0.3790  76.87014500
  0.3800  76.06758339
  0.3810  75.24159949
  0.3820  74.39265559
  0.3830  73.52121930
  0.3840  72.62776338
  0.3850  71.71276548
  0.3860  70.77670798
  0.3870  69.82007775
  0.3880  68.84336597
  0.3890  67.84706791
  0.3900  66.83168272
  0.3910  65.79771322
  0.3920  64.74566569
  0.3930  63.67604968
  0.3940  62.58937776
  0.3950  61.48616537
  0.3960  60.36693056
  0.3970  59.23219377
  0.3980  58.08247769
  0.3990  56.91830698
  0.4000  55.74020810
  0.4010  54.54870910
  0.4020  53.34433938
  0.4030  52.12762953
  0.4040  50.89911110
  0.4050  49.65931638
  0.4060  48.40877824
  0.4070  47.14802989
  0.4080  45.87760468
  0.4090  44.59803595
  0.4100  43.30985676
  0.4110  42.01359975
  0.4120  40.70979695
  0.4130  39.39897954
  0.4140  38.08167773
  0.4150  36.75842055
  0.4160  35.42973565
  0.4170  34.09614918
  0.4180  32.75818561
  0.4190  31.41636757
  0.4200  30.07121571
  0.4210  28.72324862
  0.4220  27.37298264
  0.4230  26.02093189
  0.4240  24.66760815
  0.4250  23.31352090
  0.4260  21.95917743
  0.4270  20.60508297
  0.4280  19.25174108
  0.4290  17.89965417
  0.4300  16.54932447
  0.4310  15.20125547
  0.4320  13.85595436
  0.4330  12.51393613
  0.4340  11.17573059
  0.4350  9.84189518
  0.4360  8.51303973
  0.4370  7.18987823
  0.4380  5.87334934
  0.4390  4.56494180
  0.4400  3.26778603
  0.4410  1.99191937
  0.4420  0.80914210
  0.4430  0.82660846
  0.4440  1.99835704
  0.4450  3.24365581
  0.4460  4.49436946
  0.4470  5.74077659
  0.4480  6.97985117
  0.4490  8.21018230
  0.4500  9.43091087
  0.4510  10.64141102
  0.4520  11.84117159
  0.4530  13.02974514
  0.4540  14.20672346
  0.4550  15.37172484
  0.4560  16.52438706
  0.4570  17.66436326
  0.4580  18.79131945
  0.4590  19.90493296
  0.4600  21.00489143
  0.4610  22.09089217
  0.4620  23.16264167
  0.4630  24.21985536
  0.4640  25.26225738
  0.4650  26.28958045
  0.4660  27.30156579
  0.4670  28.29796303
  0.4680  29.27853022
  0.4690  30.24303376
  0.4700  31.19124842
  0.4710  32.12295731
  0.4720  33.03795188
  0.4730  33.93603196
  0.4740  34.81700568
  0.4750  35.68068957
  0.4760  36.52690846
  0.4770  37.35549557
  0.4780  38.16629243
  0.4790  38.95914895
  0.4800  39.73392335
  0.4810  40.49048219
  0.4820  41.22870032
  0.4830  41.94846091
  0.4840  42.64965542
  0.4850  43.33218355
  0.4860  43.99595325
  0.4870  44.64088067
  0.4880  45.26689016
  0.4890  45.87391421
  0.4900  46.46189342
  0.4910  47.03077646
  0.4920  47.58052005
  0.4930  48.11108887
  0.4940  48.62245557
  0.4950  49.11460068
  0.4960  49.58751254
  0.4970  50.04118731
  0.4980  50.47562883
  0.4990  50.89084862
  0.5000  51.28686578
  0.5010  51.66370694
  0.5020  52.02140616
  0.5030  52.36000491
  0.5040  52.67955192
  0.5050  52.98010319
  0.5060  53.26172182
  0.5070  53.52447798
  0.5080  53.76844881
  0.5090  53.99371834
  0.5100  54.20037737
  0.5110  54.38852342
  0.5120  54.55826058
  0.5130  54.70969946
  0.5140  54.84295707
  0.5150  54.95815673
  0.5160  55.05542793
  0.5170  55.13490626
  0.5180  55.19673330
  0.5190  55.24105650
  0.5200  55.26802904
  0.5210  55.27780978
  0.5220  55.27056310
  0.5230  55.24645879
  0.5240  55.20567192
  0.5250  55.14838278
  0.5260  55.07477666
  0.5270  54.98504383
  0.5280  54.87937933
  0.5290  54.75798291
  0.5300  54.62105887
  0.5310  54.46881594
  0.5320  54.30146714
  0.5330  54.11922970
  0.5340  53.92232485
  0.5350  53.71097776
  0.5360  53.48541738
  0.5370  53.24587630
  0.5380  52.99259065
  0.5390  52.72579991
  0.5400  52.44574684
  0.5410  52.15267732
  0.5420  51.84684018
  0.5430  51.52848712
  0.5440  51.19787258
  0.5450  50.85525352
  0.5460  50.50088940
  0.5470  50.13504196
  0.5480  49.75797511
  0.5490  49.36995483
  0.5500  48.97124897
  0.5510  48.56212717
  0.5520  48.14286072
  0.5530  47.71372238
  0.5540  47.27498630
  0.5550  46.82692789
  0.5560  46.36982362
  0.5570  45.90395097
  0.5580  45.42958825
  0.5590  44.94701449
  0.5600  44.45650930
  0.5610  43.95835275
  0.5620  43.45282524
  0.5630  42.94020737
  0.5640  42.42077982
  0.5650  41.89482323
  0.5660  41.36261806
  0.5670  40.82444447
  0.5680  40.28058224
  0.5690  39.73131058
  0.5700  39.17690807
  0.5710  38.61765253
  0.5720  38.05382087
  0.5730  37.48568903
  0.5740  36.91353184
  0.5750  36.33762288
  0.5760  35.75823444
  0.5770  35.17563735
  0.5780  34.59010091
  0.5790  34.00189276
  0.5800  33.41127880
  0.5810  32.81852307
  0.5820  32.22388768
  0.5830  31.62763268
  0.5840  31.03001598
  0.5850  30.43129325
  0.5860  29.83171786
  0.5870  29.23154073
  0.5880  28.63101031
  0.5890  28.03037244
  0.5900  27.42987030
  0.5910  26.82974433
  0.5920  26.23023213
  0.5930  25.63156839
  0.5940  25.03398484
  0.5950  24.43771012
  0.5960  23.84296980
  0.5970  23.24998622
  0.5980  22.65897850
  0.5990  22.07016241
  0.6000  21.48375038
  0.6010  20.89995137
  0.6020  20.31897090
  0.6030  19.74101090
  0.6040  19.16626976
  0.6050  18.59494219
  0.6060  18.02721926
  0.6070  17.46328829
  0.6080  16.90333287
  0.6090  16.34753279
  0.6100  15.79606403
  0.6110  15.24909870
  0.6120  14.70680507
  0.6130  14.16934753
  0.6140  13.63688656
  0.6150  13.10957875
  0.6160  12.58757680
  0.6170  12.07102950
  0.6180  11.56008181
  0.6190  11.05487484
  0.6200  10.55554589
  0.6210  10.06222858
  0.6220  9.57505284
  0.6230  9.09414512
  0.6240  8.61962846
  0.6250  8.15162273
  0.6260  7.69024489
  0.6270  7.23560932
  0.6280  6.78782828
  0.6290  6.34701260
  0.6300  5.91327246
  0.6310  5.48671869
  0.6320  5.06746449
  0.6330  4.65562798
  0.6340  4.25133601
  0.6350  3.85473007
  0.6360  3.46597567
  0.6370  3.08527796
  0.6380  2.71290879
  0.6390  2.34925658
  0.6400  1.99492433
  0.6410  1.65093960
  0.6420  1.31925485
  0.6430  1.00411369
  0.6440  0.71645988
  0.6450  0.49010041
  0.6460  0.41682133
  0.6470  0.54689331
  0.6480  0.77571361
  0.6490  1.03318572
  0.6500  1.29710542
  0.6510  1.55990138
  0.6520  1.81846366
  0.6530  2.07131127
  0.6540  2.31765923
  0.6550  2.55705843
  0.6560  2.78923815
  0.6570  3.01403000
  0.6580  3.23132824
  0.6590  3.44106771
  0.6600  3.64321091
  0.6610  3.83774007
  0.6620  4.02465204
  0.6630  4.20395505
  0.6640  4.37566637
  0.6650  4.53981077
  0.6660  4.69641939
  0.6670  4.84552890
  0.6680  4.98718087
  0.6690  5.12142132
  0.6700  5.24830033
  0.6710  5.36787173
  0.6720  5.48019288
  0.6730  5.58532444
  0.6740  5.68333021
  0.6750  5.77427698
  0.6760  5.85823437
  0.6770  5.93527476
  0.6780  6.00547313
  0.6790  6.06890698
  0.6800  6.12565623
  0.6810  6.17580316
  0.6820  6.21943225
  0.6830  6.25663019
  0.6840  6.28748574
  0.6850  6.31208965
  0.6860  6.33053462
  0.6870  6.34291522
  0.6880  6.34932779
  0.6890  6.34987039
  0.6900  6.34464272
  0.6910  6.33374606
  0.6920  6.31728319
  0.6930  6.29535834
  0.6940  6.26807710
  0.6950  6.23554637
  0.6960  6.19787426
  0.6970  6.15517010
  0.6980  6.10754429
  0.6990  6.05510826
  0.7000  5.99797445
  0.7010  5.93625619
  0.7020  5.87006765
  0.7030  5.79952381
  0.7040  5.72474035
  0.7050  5.64583361
  0.7060  5.56292054
  0.7070  5.47611862
  0.7080  5.38554581
  0.7090  5.29132048
  0.7100  5.19356136
  0.7110  5.09238747
  0.7120  4.98791809
  0.7130  4.88027266
  0.7140  4.76957076
  0.7150  4.65593203
  0.7160  4.53947613
  0.7170  4.42032269
  0.7180  4.29859121
  0.7190  4.17440109
  0.7200  4.04787149
  0.7210  3.91912135
  0.7220  3.78826930
  0.7230  3.65543363
  0.7240  3.52073221
  0.7250  3.38428252
  0.7260  3.24620151
  0.7270  3.10660566
  0.7280  2.96561087
  0.7290  2.82333245
  0.7300  2.67988511
  0.7310  2.53538294
  0.7320  2.38993938
  0.7330  2.24366727
  0.7340  2.09667886
  0.7350  1.94908587
  0.7360  1.80099967
  0.7370  1.65253145
  0.7380  1.50379263
  0.7390  1.35489551
  0.7400  1.20595442
  0.7410  1.05708792
  0.7420  0.90842311
  0.7430  0.76010500
  0.7440  0.61231933
  0.7450  0.46535830
  0.7460  0.31986397
  0.7470  0.17823675
  0.7480  0.06620819
  0.7490  0.13967941
  0.7500  0.27639993
  0.7510  0.41736248
  0.7520  0.55852122
  0.7530  0.69901393
  0.7540  0.83850292
  0.7550  0.97679811
  0.7560  1.11376487
  0.7570  1.24929382
  0.7580  1.38328889
  0.7590  1.51566207
  0.7600  1.64633069
  0.7610  1.77521605
  0.7620  1.90224263
  0.7630  2.02733765
  0.7640  2.15043072
  0.7650  2.27145376
  0.7660  2.39034080
  0.7670  2.50702794
  0.7680  2.62145332
  0.7690  2.73355706
  0.7700  2.84328126
  0.7710  2.95056996
  0.7720  3.05536919
  0.7730  3.15762688
  0.7740  3.25729295
  0.7750  3.35431924
  0.7760  3.44865953
  0.7770  3.54026958
  0.7780  3.62910706
  0.7790  3.71513161
  0.7800  3.79830482
  0.7810  3.87859021
  0.7820  3.95595327
  0.7830  4.03036143
  0.7840  4.10178406
  0.7850  4.17019248
  0.7860  4.23555996
  0.7870  4.29786170
  0.7880  4.35707483
  0.7890  4.41317842
  0.7900  4.46615347
  0.7910  4.51598288
  0.7920  4.56265147
  0.7930  4.60614597
  0.7940  4.64645500
  0.7950  4.68356907
  0.7960  4.71748056
  0.7970  4.74818372
  0.7980  4.77567467
  0.7990  4.79995134
  0.8000  4.82101353
  0.8010  4.83886282
  0.8020  4.85350262
  0.8030  4.86493813
  0.8040  4.87317629
  0.8050  4.87822584
  0.8060  4.88009724
  0.8070  4.87880267
  0.8080  4.87435603
  0.8090  4.86677289
  0.8100  4.85607050
  0.8110  4.84226777
  0.8120  4.82538521
  0.8130  4.80544495
  0.8140  4.78247073
  0.8150  4.75648781
  0.8160  4.72752303
  0.8170  4.69560473
  0.8180  4.66076276
  0.8190  4.62302843
  0.8200  4.58243450
  0.8210  4.53901516
  0.8220  4.49280601
  0.8230  4.44384401
  0.8240  4.39216746
  0.8250  4.33781602
  0.8260  4.28083061
  0.8270  4.22125346
  0.8280  4.15912803
  0.8290  4.09449900
  0.8300  4.02741226
  0.8310  3.95791487
  0.8320  3.88605504
  0.8330  3.81188213
  0.8340  3.73544657
  0.8350  3.65679991
  0.8360  3.57599476
  0.8370  3.49308478
  0.8380  3.40812466
  0.8390  3.32117015
  0.8400  3.23227798
  0.8410  3.14150596
  0.8420  3.04891289
  0.8430  2.95455865
  0.8440  2.85850418
  0.8450  2.76081155
  0.8460  2.66154403
  0.8470  2.56076617
  0.8480  2.45854391
  0.8490  2.35494476
  0.8500  2.25003806
  0.8510  2.14389526
  0.8520  2.03659038
  0.8530  1.92820059
  0.8540  1.81880709
  0.8550  1.70849631
  0.8560  1.59736160
  0.8570  1.48550584
  0.8580  1.37304526
  0.8590  1.26011541
  0.8600  1.14688065
  0.8610  1.03354996
  0.8620  0.92040415
  0.8630  0.80784541
  0.8640  0.69649278
  0.8650  0.58737877
  0.8660  0.48238489
  0.8670  0.38526885
  0.8680  0.30405545
  0.8690  0.25477933
  0.8700  0.25675700
  0.8710  0.30907560
  0.8720  0.39205344
  0.8730  0.49028702
  0.8740  0.59616887
  0.8750  0.70612894
  0.8760  0.81837024
  0.8770  0.93190214
  0.8780  1.04612906
  0.8790  1.16066385
  0.8800  1.27523677
  0.8810  1.38964803
  0.8820  1.50374154
  0.8830  1.61738975
  0.8840  1.73048442
  0.8850  1.84293081
  0.8860  1.95464400
  0.8870  2.06554632
  0.8880  2.17556570
  0.8890  2.28463446
  0.8900  2.39268849
  0.8910  2.49966664
  0.8920  2.60551026
  0.8930  2.71016292
  0.8940  2.81357013
  0.8950  2.91567918
  0.8960  3.01643899
  0.8970  3.11580003
  0.8980  3.21371421
  0.8990  3.31013485
  0.9000  3.40501662
  0.9010  3.49831550
  0.9020  3.58998879
  0.9030  3.67999505
  0.9040  3.76829410
  0.9050  3.85484703
  0.9060  3.93961618
  0.9070  4.02256513
  0.9080  4.10365870
  0.9090  4.18286298
  0.9100  4.26014526
  0.9110  4.33547413
  0.9120  4.40881940
  0.9130  4.48015214
  0.9140  4.54944466
  0.9150  4.61667054
  0.9160  4.68180463
  0.9170  4.74482300
  0.9180  4.80570303
  0.9190  4.86442332
  0.9200  4.92096376
  0.9210  4.97530550
  0.9220  5.02743095
  0.9230  5.07732377
  0.9240  5.12496891
  0.9250  5.17035255
  0.9260  5.21346214
  0.9270  5.25428639
  0.9280  5.29281524
  0.9290  5.32903990
  0.9300  5.36295279
  0.9310  5.39454761
  0.9320  5.42381923
  0.9330  5.45076379
  0.9340  5.47537863
  0.9350  5.49766228
  0.9360  5.51761448
  0.9370  5.53523618
  0.9380  5.55052946
  0.9390  5.56349761
  0.9400  5.57414506
  0.9410  5.58247738
  0.9420  5.58850130
  0.9430  5.59222463
  0.9440  5.59365633
  0.9450  5.59280643
  0.9460  5.58968604
  0.9470  5.58430736
  0.9480  5.57668361
  0.9490  5.56682908
  0.9500  5.55475905
  0.9510  5.54048984
  0.9520  5.52403873
  0.9530  5.50542399
  0.9540  5.48466485
  0.9550  5.46178147
  0.9560  5.43679494
  0.9570  5.40972726
  0.9580  5.38060131
  0.9590  5.34944087
  0.9600  5.31627055
  0.9610  5.28111581
  0.9620  5.24400293
  0.9630  5.20495899
  0.9640  5.16401189
  0.9650  5.12119027
  0.9660  5.07652356
  0.9670  5.03004190
  0.9680  4.98177618
  0.9690  4.93175802
  0.9700  4.88001971
  0.9710  4.82659427
  0.9720  4.77151537
  0.9730  4.71481736
  0.9740  4.65653527
  0.9750  4.59670476
  0.9760  4.53536217
  0.9770  4.47254446
  0.9780  4.40828928
  0.9790  4.34263489
  0.9800  4.27562024
  0.9810  4.20728494
  0.9820  4.13766929
  0.9830  4.06681426
  0.9840  3.99476160
  0.9850  3.92155377
  0.9860  3.84723405
  0.9870  3.77184654
  0.9880  3.69543625
  0.9890  3.61804916
  0.9900  3.53973228
  0.9910  3.46053377
  0.9920  3.38050302
  0.9930  3.29969084
  0.9940  3.21814957
  0.9950  3.13593330
  0.9960  3.05309806
  0.9970  2.96970214
  0.9980  2.88580636
  0.9990  2.80147446
