  0.0000  85.06741791
  0.0010  85.02866624
  0.0020  84.91242935
  0.0030  84.71876165
  0.0040  84.44775375
  0.0050  84.09953249
  0.0060  83.67426081
  0.0070  83.17213773
  0.0080  82.59339822
  0.0090  81.93831311
  0.0100  81.20718896
  0.0110  80.40036792
  0.0120  79.51822755
  0.0130  78.56118068
  0.0140  77.52967519
  0.0150  76.42419381
  0.0160  75.24525388
  0.0170  73.99340715
  0.0180  72.66923948
  0.0190  71.27337059
  0.0200  69.80645377
  0.0210  68.26917556
  0.0220  66.66225547
  0.0230  64.98644562
  0.0240  63.24253038
  0.0250  61.43132607
  0.0260  59.55368051
  0.0270  57.61047271
  0.0280  55.60261245
  0.0290  53.53103986
  0.0300  51.39672504
  0.0310  49.20066768
  0.0320  46.94389662
  0.0330  44.62746947
  0.0340  42.25247228
  0.0350  39.82001923
  0.0360  37.33125239
  0.0370  34.78734164
  0.0380  32.18948480
  0.0390  29.53890823
  0.0400  26.83686804
  0.0410  24.08465275
  0.0420  21.28358862
  0.0430  18.43505075
  0.0440  15.54048789
  0.0450  12.60148410
  0.0460  9.61993965
  0.0470  6.59876074
  0.0480  3.54616963
  0.0490  0.62493537
  0.0500  2.77767004
  0.0510  5.93703215
  0.0520  9.14648077
  0.0530  12.39284386
  0.0540  15.67249406
  0.0550  18.98322695
  0.0560  22.32321698
  0.0570  25.69076903
  0.0580  29.08423834
  0.0590  32.50199956
  0.0600  35.94243338
  0.0610  39.40392017
  0.0620  42.88483710
  0.0630  46.38355673
  0.0640  49.89844655
  0.0650  53.42786902
  0.0660  56.97018180
  0.0670  60.52373824
  0.0680  64.08688795
  0.0690  67.65797748
  0.0700  71.23535094
  0.0710  74.81735079
  0.0720  78.40231857
  0.0730  81.98859566
  0.0740  85.57452405
  0.0750  89.15844715
  0.0760  92.73871056
  0.0770  96.31366287
  0.0780  99.88165645
  0.0790  103.44104826
  0.0800  106.99020062
  0.0810  110.52748203
  0.0820  114.05126794
  0.0830  117.55994156
  0.0840  121.05189464
  0.0850  124.52552821
  0.0860  127.97925343
  0.0870  131.41149230
  0.0880  134.82067847
  0.0890  138.20525794
  0.0900  141.56368990
  0.0910  144.89444737
  0.0920  148.19601804
  0.0930  151.46690492
  0.0940  154.70562711
  0.0950  157.91072048
  0.0960  161.08073842
  0.0970  164.21425247
  0.0980  167.30985304
  0.0990  170.36615010
  0.1000  173.38177378
  0.1010  176.35537510
  0.1020  179.28562653
  0.1030  182.17122269
  0.1040  185.01088091
  0.1050  187.80334185
  0.1060  190.54737009
  0.1070  193.24175472
  0.1080  195.88530987
  0.1090  198.47687527
  0.1100  201.01531682
  0.1110  203.49952704
  0.1120  205.92842565
  0.1130  208.30095999
  0.1140  210.61610554
  0.1150  212.87286637
  0.1160  215.07027559
  0.1170  217.20739573
  0.1180  219.28331924
  0.1190  221.29716878
  0.1200  223.24809770
  0.1210  225.13529032
  0.1220  226.95796234
  0.1230  228.71536111
  0.1240  230.40676599
  0.1250  232.03148862
  0.1260  233.58887320
  0.1270  235.07829676
  0.1280  236.49916938
  0.1290  237.85093444
  0.1300  239.13306883
  0.1310  240.34508310
  0.1320  241.48652169
  0.1330  242.55696303
  0.1340  243.55601971
  0.1350  244.48333861
  0.1360  245.33860097
  0.1370  246.12152248
  0.1380  246.83185336
  0.1390  247.46937842
  0.1400  248.03391705
  0.1410  248.52532330
  0.1420  248.94348579
  0.1430  249.28832778
  0.1440  249.55980706
  0.1450  249.75791595
  0.1460  249.88268119
  0.1470  249.93416387
  0.1480  249.91245933
  0.1490  249.81769701
  0.1500  249.65004035
  0.1510  249.40968663
  0.1520  249.09686675
  0.1530  248.71184510
  0.1540  248.25491937
  0.1550  247.72642025
  0.1560  247.12671128
  0.1570  246.45618856
  0.1580  245.71528051
  0.1590  244.90444755
  0.1600  244.02418186
  0.1610  243.07500704
  0.1620  242.05747780
  0.1630  240.97217961
  0.1640  239.81972837
  0.1650  238.60077003
  0.1660  237.31598024
  0.1670  235.96606392
  0.1680  234.55175489
  0.1690  233.07381545
  0.1700  231.53303595
  0.1710  229.93023433
  0.1720  228.26625571
  0.1730  226.54197191
  0.1740  224.75828094
  0.1750  222.91610658
  0.1760  221.01639784
  0.1770  219.06012847
  0.1780  217.04829642
  0.1790  214.98192335
  0.1800  212.86205407
  0.1810  210.68975601
  0.1820  208.46611864
  0.1830  206.19225293
  0.1840  203.86929077
  0.1850  201.49838438
  0.1860  199.08070575
  0.1870  196.61744599
  0.1880  194.10981479
  0.1890  191.55903976
  0.1900  188.96636582
  0.1910  186.33305462
  0.1920  183.66038383
  0.1930  180.94964656
  0.1940  178.20215071
  0.1950  175.41921829
  0.1960  172.60218481
  0.1970  169.75239859
  0.1980  166.87122009
  0.1990  163.96002127
  0.2000  161.02018489
  0.2010  158.05310386
  0.2020  155.06018054
  0.2030  152.04282606
  0.2040  149.00245963
  0.2050  145.94050788
  0.2060  142.85840411
  0.2070  139.75758767
  0.2080  136.63950321
  0.2090  133.50559999
  0.2100  130.35733123
  0.2110  127.19615333
  0.2120  124.02352526
  0.2130  120.84090780
  0.2140  117.64976284
  0.2150  114.45155275
  0.2160  111.24773959
  0.2170  108.03978449
  0.2180  104.82914691
  0.2190  101.61728396
  0.2200  98.40564974
  0.2210  95.19569460
  0.2220  91.98886452
  0.2230  88.78660038
  0.2240  85.59033731
  0.2250  82.40150403
  0.2260  79.22152218
  0.2270  76.05180566
  0.2280  72.89376003
  0.2290  69.74878183
  0.2300  66.61825797
  0.2310  63.50356518
  0.2320  60.40606937
  0.2330  57.32712512
  0.2340  54.26807514
  0.2350  51.23024981
  0.2360  48.21496677
  0.2370  45.22353060
  0.2380  42.25723258
  0.2390  39.31735072
  0.2400  36.40514992
  0.2410  33.52188264
  0.2420  30.66879014
  0.2430  27.84710474
  0.2440  25.05805398
  0.2450  22.30286784
  0.2460  19.58279225
  0.2470  16.89911510
  0.2480  14.25322045
  0.2490  11.64671276
  0.2500  9.08174461
  0.2510  6.56207640
  0.2520  4.09787423
  0.2530  1.74967092
  0.2540  1.11640883
  0.2550  3.27404128
  0.2560  5.55390957
  0.2570  7.80941822
  0.2580  10.02498439
  0.2590  12.19596527
  0.2600  14.32012630
  0.2610  16.39602777
  0.2620  18.42256620
  0.2630  20.39880950
  0.2640  22.32392758
  0.2650  24.19715978
  0.2660  26.01779825
  0.2670  27.78517888
  0.2680  29.49867611
  0.2690  31.15769989
  0.2700  32.76169381
  0.2710  34.31013392
  0.2720  35.80252803
  0.2730  37.23841522
  0.2740  38.61736558
  0.2750  39.93898004
  0.2760  41.20289022
  0.2770  42.40875843
  0.2780  43.55627761
  0.2790  44.64517127
  0.2800  45.67519357
  0.2810  46.64612921
  0.2820  47.55779348
  0.2830  48.41003220
  0.2840  49.20272172
  0.2850  49.93576886
  0.2860  50.60911084
  0.2870  51.22271525
  0.2880  51.77657993
  0.2890  52.27073290
  0.2900  52.70523225
  0.2910  53.08016600
  0.2920  53.39565198
  0.2930  53.65183765
  0.2940  53.84889997
  0.2950  53.98704515
  0.2960  54.06650854
  0.2970  54.08755434
  0.2980  54.05047540
  0.2990  53.95559299
  0.3000  53.80325650
  0.3010  53.59384323
  0.3020  53.32775805
  0.3030  53.00543311
  0.3040  52.62732755
  0.3050  52.19392716
  0.3060  51.70574406
  0.3070  51.16331630
  0.3080  50.56720757
  0.3090  49.91800678
  0.3100  49.21632768
  0.3110  48.46280851
  0.3120  47.65811156
  0.3130  46.80292281
  0.3140  45.89795147
  0.3150  44.94392963
  0.3160  43.94161181
  0.3170  42.89177455
  0.3180  41.79521607
  0.3190  40.65275582
  0.3200  39.46523415
  0.3210  38.23351196
  0.3220  36.95847045
  0.3230  35.64101081
  0.3240  34.28205416
  0.3250  32.88254147
  0.3260  31.44343371
  0.3270  29.96571223
  0.3280  28.45037952
  0.3290  26.89846044
  0.3300  25.31100425
  0.3310  23.68908787
  0.3320  22.03382105
  0.3330  20.34635462
  0.3340  18.62789420
  0.3350  16.87972329
  0.3360  15.10324425
  0.3370  13.30005481
  0.3380  11.47210155
  0.3390  9.62201695
  0.3400  7.75395704
  0.3410  5.87607422
  0.3420  4.00999143
  0.3430  2.24690202
  0.3440  1.29936236
  0.3450  2.49766950
  0.3460  4.34989211
  0.3470  6.32015608
  0.3480  8.33643554
  0.3490  10.38021255
  0.3500  12.44412973
  0.3510  14.52427674
  0.3520  16.61808723
  0.3530  18.72360644
  0.3540  20.83919063
  0.3550  22.96336835
  0.3560  25.09477043
  0.3570  27.23209224
  0.3580  29.37407221
  0.3590  31.51947908
  0.3600  33.66710409
  0.3610  35.81575618
  0.3620  37.96425888
  0.3630  40.11144839
  0.3640  42.25617237
  0.3650  44.39728929
  0.3660  46.53366802
  0.3670  48.66418769
  0.3680  50.78773774
  0.3690  52.90321804
  0.3700  55.00953909
  0.3710  57.10562235
  0.3720  59.19040049
  0.3730  61.26281778
  0.3740  63.32183045
  0.3750  65.36640705
  0.3760  67.39552887
  0.3770  69.40819029
  0.3780  71.40339922
  0.3790  73.38017748
  0.3800  75.33756115
  0.3810  77.27460101
  0.3820  79.19036293
  0.3830  81.08392818
  0.3840  82.95439385
  0.3850  84.80087322
  0.3860  86.62249607
  0.3870  88.41840906
  0.3880  90.18777606
  0.3890  91.92977847
  0.3900  93.64361551
  0.3910  95.32850461
  0.3920  96.98368160
  0.3930  98.60840109
  0.3940  100.20193668
  0.3950  101.76358127
  0.3960  103.29264728
  0.3970  104.78846694
  0.3980  106.25039248
  0.3990  107.67779638
  0.4000  109.07007156
  0.4010  110.42663161
  0.4020  111.74691097
  0.4030  113.03036509
  0.4040  114.27647063
  0.4050  115.48472558
  0.4060  116.65464946
  0.4070  117.78578339
  0.4080  118.87769026
  0.4090  119.92995483
  0.4100  120.94218384
  0.4110  121.91400608
  0.4120  122.84507249
  0.4130  123.73505620
  0.4140  124.58365263
  0.4150  125.39057950
  0.4160  126.15557690
  0.4170  126.87840725
  0.4180  127.55885541
  0.4190  128.19672858
  0.4200  128.79185638
  0.4210  129.34409076
  0.4220  129.85330603
  0.4230  130.31939876
  0.4240  130.74228779
  0.4250  131.12191411
  0.4260  131.45824083
  0.4270  131.75125309
  0.4280  132.00095795
  0.4290  132.20738428
  0.4300  132.37058269
  0.4310  132.49062536
  0.4320  132.56760593
  0.4330  132.60163934
  0.4340  132.59286169
  0.4350  132.54143008
  0.4360  132.44752242
  0.4370  132.31133725
  0.4380  132.13309356
  0.4390  131.91303057
  0.4400  131.65140754
  0.4410  131.34850353
  0.4420  131.00461718
  0.4430  130.62006647
  0.4440  130.19518845
  0.4450  129.73033905
  0.4460  129.22589272
  0.4470  128.68224223
  0.4480  128.09979838
  0.4490  127.47898966
  0.4500  126.82026201
  0.4510  126.12407849
  0.4520  125.39091895
  0.4530  124.62127975
  0.4540  123.81567340
  0.4550  122.97462821
  0.4560  122.09868800
  0.4570  121.18841171
  0.4580  120.24437305
  0.4590  119.26716013
  0.4600  118.25737513
  0.4610  117.21563386
  0.4620  116.14256546
  0.4630  115.03881192
  0.4640  113.90502777
  0.4650  112.74187963
  0.4660  111.55004584
  0.4670  110.33021602
  0.4680  109.08309069
  0.4690  107.80938083
  0.4700  106.50980747
  0.4710  105.18510127
  0.4720  103.83600207
  0.4730  102.46325848
  0.4740  101.06762745
  0.4750  99.64987380
  0.4760  98.21076980
  0.4770  96.75109474
  0.4780  95.27163446
  0.4790  93.77318092
  0.4800  92.25653173
  0.4810  90.72248974
  0.4820  89.17186254
  0.4830  87.60546203
  0.4840  86.02410400
  0.4850  84.42860761
  0.4860  82.81979500
  0.4870  81.19849082
  0.4880  79.56552174
  0.4890  77.92171607
  0.4900  76.26790325
  0.4910  74.60491345
  0.4920  72.93357710
  0.4930  71.25472444
  0.4940  69.56918513
  0.4950  67.87778775
  0.4960  66.18135943
  0.4970  64.48072538
  0.4980  62.77670849
  0.4990  61.07012893
  0.5000  59.36180370
  0.5010  57.65254627
  0.5020  55.94316617
  0.5030  54.23446860
  0.5040  52.52725407
  0.5050  50.82231802
  0.5060  49.12045052
  0.5070  47.42243587
  0.5080  45.72905233
  0.5090  44.04107183
  0.5100  42.35925970
  0.5110  40.68437440
  0.5120  39.01716739
  0.5130  37.35838294
  0.5140  35.70875803
  0.5150  34.06902235
  0.5160  32.43989840
  0.5170  30.82210166
  0.5180  29.21634096
  0.5190  27.62331909
  0.5200  26.04373367
  0.5210  24.47827847
  0.5220  22.92764529
  0.5230  21.39252675
  0.5240  19.87362028
  0.5250  18.37163406
  0.5260  16.88729594
  0.5270  15.42136710
  0.5280  13.97466368
  0.5290  12.54809205
  0.5300  11.14270888
  0.5310  9.75982874
  0.5320  8.40122898
  0.5330  7.06957093
  0.5340  5.76935501
  0.5350  4.50938023
  0.5360  3.31024436
  0.5370  2.23269666
  0.5380  1.49817559
  0.5390  1.60117914
  0.5400  2.40191936
  0.5410  3.41863376
  0.5420  4.48815281
  0.5430  5.56463777
  0.5440  6.63169839
  0.5450  7.68209713
  0.5460  8.71209480
  0.5470  9.71951263
  0.5480  10.70295411
  0.5490  11.66145282
  0.5500  12.59429762
  0.5510  13.50093931
  0.5520  14.38093773
  0.5530  15.23393019
  0.5540  16.05961192
  0.5550  16.85772351
  0.5560  17.62804253
  0.5570  18.37037782
  0.5580  19.08456551
  0.5590  19.77046616
  0.5600  20.42796265
  0.5610  21.05695864
  0.5620  21.65737735
  0.5630  22.22916064
  0.5640  22.77226827
  0.5650  23.28667728
  0.5660  23.77238150
  0.5670  24.22939112
  0.5680  24.65773230
  0.5690  25.05744686
  0.5700  25.42859197
  0.5710  25.77123986
  0.5720  26.08547758
  0.5730  26.37140676
  0.5740  26.62914334
  0.5750  26.85881734
  0.5760  27.06057266
  0.5770  27.23456685
  0.5780  27.38097084
  0.5790  27.49996878
  0.5800  27.59175778
  0.5810  27.65654768
  0.5820  27.69456084
  0.5830  27.70603191
  0.5840  27.69120762
  0.5850  27.65034648
  0.5860  27.58371866
  0.5870  27.49160564
  0.5880  27.37430007
  0.5890  27.23210548
  0.5900  27.06533606
  0.5910  26.87431642
  0.5920  26.65938137
  0.5930  26.42087567
  0.5940  26.15915380
  0.5950  25.87457971
  0.5960  25.56752663
  0.5970  25.23837682
  0.5980  24.88752133
  0.5990  24.51535983
  0.6000  24.12230039
  0.6010  23.70875925
  0.6020  23.27516069
  0.6030  22.82193684
  0.6040  22.34952754
  0.6050  21.85838020
  0.6060  21.34894974
  0.6070  20.82169855
  0.6080  20.27709645
  0.6090  19.71562078
  0.6100  19.13775656
  0.6110  18.54399671
  0.6120  17.93484244
  0.6130  17.31080380
  0.6140  16.67240051
  0.6150  16.02016296
  0.6160  15.35463380
  0.6170  14.67636995
  0.6180  13.98594546
  0.6190  13.28395543
  0.6200  12.57102157
  0.6210  11.84779993
  0.6220  11.11499218
  0.6230  10.37336205
  0.6240  9.62375993
  0.6250  8.86716080
  0.6260  8.10472418
  0.6270  7.33789261
  0.6280  6.56855990
  0.6290  5.79937283
  0.6300  5.03430334
  0.6310  4.27980556
  0.6320  3.54732892
  0.6330  2.85915344
  0.6340  2.26215695
  0.6350  1.85340418
  0.6360  1.77442201
  0.6370  2.06762362
  0.6380  2.61316822
  0.6390  3.28939423
  0.6400  4.03199787
  0.6410  4.81078138
  0.6420  5.61079372
  0.6430  6.42394155
  0.6440  7.24543637
  0.6450  8.07220606
  0.6460  8.90213184
  0.6470  9.73365626
  0.6480  10.56556930
  0.6490  11.39688565
  0.6500  12.22677109
  0.6510  13.05449657
  0.6520  13.87940875
  0.6530  14.70091045
  0.6540  15.51844745
  0.6550  16.33149924
  0.6560  17.13957265
  0.6570  17.94219715
  0.6580  18.73892148
  0.6590  19.52931122
  0.6600  20.31294690
  0.6610  21.08942267
  0.6620  21.85834524
  0.6630  22.61933310
  0.6640  23.37201596
  0.6650  24.11603426
  0.6660  24.85103886
  0.6670  25.57669079
  0.6680  26.29266105
  0.6690  26.99863048
  0.6700  27.69428965
  0.6710  28.37933882
  0.6720  29.05348788
  0.6730  29.71645630
  0.6740  30.36797317
  0.6750  31.00777714
  0.6760  31.63561649
  0.6770  32.25124906
  0.6780  32.85444235
  0.6790  33.44497347
  0.6800  34.02262918
  0.6810  34.58720593
  0.6820  35.13850982
  0.6830  35.67635667
  0.6840  36.20057200
  0.6850  36.71099102
  0.6860  37.20745870
  0.6870  37.68982968
  0.6880  38.15796836
  0.6890  38.61174882
  0.6900  39.05105483
  0.6910  39.47577984
  0.6920  39.88582697
  0.6930  40.28110895
  0.6940  40.66154811
  0.6950  41.02707635
  0.6960  41.37763506
  0.6970  41.71317511
  0.6980  42.03365681
  0.6990  42.33904979
  0.7000  42.62933299
  0.7010  42.90449458
  0.7020  43.16453187
  0.7030  43.40945125
  0.7040  43.63926809
  0.7050  43.85400667
  0.7060  44.05370005
  0.7070  44.23839001
  0.7080  44.40812693
  0.7090  44.56296966
  0.7100  44.70298544
  0.7110  44.82824976
  0.7120  44.93884623
  0.7130  45.03486646
  0.7140  45.11640994
  0.7150  45.18358388
  0.7160  45.23650307
  0.7170  45.27528976
  0.7180  45.30007346
  0.7190  45.31099085
  0.7200  45.30818556
  0.7210  45.29180806
  0.7220  45.26201544
  0.7230  45.21897131
  0.7240  45.16284556
  0.7250  45.09381424
  0.7260  45.01205933
  0.7270  44.91776861
  0.7280  44.81113545
  0.7290  44.69235862
  0.7300  44.56164212
  0.7310  44.41919498
  0.7320  44.26523106
  0.7330  44.09996888
  0.7340  43.92363139
  0.7350  43.73644580
  0.7360  43.53864339
  0.7370  43.33045929
  0.7380  43.11213225
  0.7390  42.88390453
  0.7400  42.64602161
  0.7410  42.39873202
  0.7420  42.14228715
  0.7430  41.87694104
  0.7440  41.60295016
  0.7450  41.32057324
  0.7460  41.03007105
  0.7470  40.73170619
  0.7480  40.42574291
  0.7490  40.11244690
  0.7500  39.79208511
  0.7510  39.46492551
  0.7520  39.13123696
  0.7530  38.79128894
  0.7540  38.44535145
  0.7550  38.09369472
  0.7560  37.73658909
  0.7570  37.37430482
  0.7580  37.00711188
  0.7590  36.63527978
  0.7600  36.25907739
  0.7610  35.87877279
  0.7620  35.49463304
  0.7630  35.10692408
  0.7640  34.71591051
  0.7650  34.32185545
  0.7660  33.92502036
  0.7670  33.52566493
  0.7680  33.12404687
  0.7690  32.72042177
  0.7700  32.31504301
  0.7710  31.90816154
  0.7720  31.50002579
  0.7730  31.09088150
  0.7740  30.68097164
  0.7750  30.27053623
  0.7760  29.85981225
  0.7770  29.44903350
  0.7780  29.03843048
  0.7790  28.62823033
  0.7800  28.21865666
  0.7810  27.80992947
  0.7820  27.40226507
  0.7830  26.99587595
  0.7840  26.59097073
  0.7850  26.18775404
  0.7860  25.78642646
  0.7870  25.38718444
  0.7880  24.99022022
  0.7890  24.59572175
  0.7900  24.20387265
  0.7910  23.81485216
  0.7920  23.42883502
  0.7930  23.04599150
  0.7940  22.66648731
  0.7950  22.29048353
  0.7960  21.91813664
  0.7970  21.54959842
  0.7980  21.18501596
  0.7990  20.82453162
  0.8000  20.46828298
  0.8010  20.11640287
  0.8020  19.76901932
  0.8030  19.42625556
  0.8040  19.08823000
  0.8050  18.75505624
  0.8060  18.42684307
  0.8070  18.10369444
  0.8080  17.78570952
  0.8090  17.47298266
  0.8100  17.16560342
  0.8110  16.86365660
  0.8120  16.56722223
  0.8130  16.27637561
  0.8140  15.99118734
  0.8150  15.71172331
  0.8160  15.43804476
  0.8170  15.17020834
  0.8180  14.90826606
  0.8190  14.65226541
  0.8200  14.40224935
  0.8210  14.15825637
  0.8220  13.92032051
  0.8230  13.68847144
  0.8240  13.46273447
  0.8250  13.24313063
  0.8260  13.02967669
  0.8270  12.82238521
  0.8280  12.62126462
  0.8290  12.42631925
  0.8300  12.23754936
  0.8310  12.05495127
  0.8320  11.87851731
  0.8330  11.70823597
  0.8340  11.54409189
  0.8350  11.38606596
  0.8360  11.23413535
  0.8370  11.08827358
  0.8380  10.94845057
  0.8390  10.81463271
  0.8400  10.68678291
  0.8410  10.56486067
  0.8420  10.44882211
  0.8430  10.33862007
  0.8440  10.23420418
  0.8450  10.13552085
  0.8460  10.04251342
  0.8470  9.95512216
  0.8480  9.87328439
  0.8490  9.79693449
  0.8500  9.72600401
  0.8510  9.66042171
  0.8520  9.60011366
  0.8530  9.54500329
  0.8540  9.49501146
  0.8550  9.45005654
  0.8560  9.41005449
  0.8570  9.37491893
  0.8580  9.34456122
  0.8590  9.31889053
  0.8600  9.29781392
  0.8610  9.28123646
  0.8620  9.26906124
  0.8630  9.26118950
  0.8640  9.25752071
  0.8650  9.25795265
  0.8660  9.26238146
  0.8670  9.27070180
  0.8680  9.28280684
  0.8690  9.29858843
  0.8700  9.31793712
  0.8710  9.34074228
  0.8720  9.36689216
  0.8730  9.39627402
  0.8740  9.42877414
  0.8750  9.46427797
  0.8760  9.50267017
  0.8770  9.54383472
  0.8780  9.58765495
  0.8790  9.63401371
  0.8800  9.68279337
  0.8810  9.73387591
  0.8820  9.78714305
  0.8830  9.84247626
  0.8840  9.89975690
  0.8850  9.95886625
  0.8860  10.01968561
  0.8870  10.08209637
  0.8880  10.14598008
  0.8890  10.21121855
  0.8900  10.27769389
  0.8910  10.34528861
  0.8920  10.41388567
  0.8930  10.48336860
  0.8940  10.55362151
  0.8950  10.62452921
  0.8960  10.69597728
  0.8970  10.76785211
  0.8980  10.84004100
  0.8990  10.91243224
  0.9000  10.98491514
  0.9010  11.05738015
  0.9020  11.12971889
  0.9030  11.20182426
  0.9040  11.27359047
  0.9050  11.34491312
  0.9060  11.41568929
  0.9070  11.48581760
  0.9080  11.55519825
  0.9090  11.62373312
  0.9100  11.69132582
  0.9110  11.75788176
  0.9120  11.82330820
  0.9130  11.88751434
  0.9140  11.95041136
  0.9150  12.01191249
  0.9160  12.07193308
  0.9170  12.13039062
  0.9180  12.18720486
  0.9190  12.24229780
  0.9200  12.29559379
  0.9210  12.34701959
  0.9220  12.39650436
  0.9230  12.44397979
  0.9240  12.48938010
  0.9250  12.53264209
  0.9260  12.57370519
  0.9270  12.61251154
  0.9280  12.64900595
  0.9290  12.68313604
  0.9300  12.71485218
  0.9310  12.74410760
  0.9320  12.77085839
  0.9330  12.79506352
  0.9340  12.81668491
  0.9350  12.83568740
  0.9360  12.85203884
  0.9370  12.86571004
  0.9380  12.87667485
  0.9390  12.88491014
  0.9400  12.89039585
  0.9410  12.89311494
  0.9420  12.89305346
  0.9430  12.89020053
  0.9440  12.88454835
  0.9450  12.87609219
  0.9460  12.86483039
  0.9470  12.85076438
  0.9480  12.83389863
  0.9490  12.81424069
  0.9500  12.79180113
  0.9510  12.76659354
  0.9520  12.73863454
  0.9530  12.70794371
  0.9540  12.67454360
  0.9550  12.63845971
  0.9560  12.59972042
  0.9570  12.55835699
  0.9580  12.51440353
  0.9590  12.46789694
  0.9600  12.41887687
  0.9610  12.36738571
  0.9620  12.31346851
  0.9630  12.25717294
  0.9640  12.19854926
  0.9650  12.13765023
  0.9660  12.07453111
  0.9670  12.00924955
  0.9680  11.94186555
  0.9690  11.87244141
  0.9700  11.80104166
  0.9710  11.72773298
  0.9720  11.65258416
  0.9730  11.57566601
  0.9740  11.49705131
  0.9750  11.41681470
  0.9760  11.33503267
  0.9770  11.25178341
  0.9780  11.16714680
  0.9790  11.08120428
  0.9800  10.99403881
  0.9810  10.90573478
  0.9820  10.81637792
  0.9830  10.72605523
  0.9840  10.63485489
  0.9850  10.54286618
  0.9860  10.45017940
  0.9870  10.35688578
  0.9880  10.26307742
  0.9890  10.16884715
  0.9900  10.07428852
  0.9910  9.97949566
  0.9920  9.88456320
  0.9930  9.78958622
  0.9940  9.69466014
  0.9950  9.59988061
  0.9960  9.50534349
  0.9970  9.41114469
  0.9980  9.31738014
  0.9990  9.22414568
