  0.0000  19.24973647
  0.0010  19.22237705
  0.0020  19.14031168
  0.0030  19.00357908
  0.0040  18.81224373
  0.0050  18.56639589
  0.0060  18.26615151
  0.0070  17.91165220
  0.0080  17.50306515
  0.0090  17.04058305
  0.0100  16.52442402
  0.0110  15.95483148
  0.0120  15.33207403
  0.0130  14.65644536
  0.0140  13.92826411
  0.0150  13.14787370
  0.0160  12.31564225
  0.0170  11.43196242
  0.0180  10.49725133
  0.0190  9.51195054
  0.0200  8.47652614
  0.0210  7.39146920
  0.0220  6.25729702
  0.0230  5.07455664
  0.0240  3.84383611
  0.0250  2.56581213
  0.0260  1.24161450
  0.0270  0.14887569
  0.0280  1.55033835
  0.0290  3.01154467
  0.0300  4.51747875
  0.0310  6.06707676
  0.0320  7.65953430
  0.0330  9.29407738
  0.0340  10.96992733
  0.0350  12.68629199
  0.0360  14.44236305
  0.0370  16.23731510
  0.0380  18.07030549
  0.0390  19.94047446
  0.0400  21.84694539
  0.0410  23.78882513
  0.0420  25.76520442
  0.0430  27.77515827
  0.0440  29.81774640
  0.0450  31.89201369
  0.0460  33.99699064
  0.0470  36.13169383
  0.0480  38.29512641
  0.0490  40.48627855
  0.0500  42.70412800
  0.0510  44.94764051
  0.0520  47.21577038
  0.0530  49.50746095
  0.0540  51.82164512
  0.0550  54.15724588
  0.0560  56.51317681
  0.0570  58.88834262
  0.0580  61.28163969
  0.0590  63.69195657
  0.0600  66.11817457
  0.0610  68.55916827
  0.0620  71.01380605
  0.0630  73.48095067
  0.0640  75.95945979
  0.0650  78.44818655
  0.0660  80.94598007
  0.0670  83.45168605
  0.0680  85.96414733
  0.0690  88.48220440
  0.0700  91.00469596
  0.0710  93.53045952
  0.0720  96.05833192
  0.0730  98.58714988
  0.0740  101.11575056
  0.0750  103.64297211
  0.0760  106.16765423
  0.0770  108.68863871
  0.0780  111.20476997
  0.0790  113.71489563
  0.0800  116.21786701
  0.0810  118.71253970
  0.0820  121.19777409
  0.0830  123.67243590
  0.0840  126.13539671
  0.0850  128.58553449
  0.0860  131.02173408
  0.0870  133.44288779
  0.0880  135.84789583
  0.0890  138.23566686
  0.0900  140.60511847
  0.0910  142.95517769
  0.0920  145.28478149
  0.0930  147.59287724
  0.0940  149.87842318
  0.0950  152.14038893
  0.0960  154.37775595
  0.0970  156.58951794
  0.0980  158.77468138
  0.0990  160.93226590
  0.1000  163.06130475
  0.1010  165.16084522
  0.1020  167.22994907
  0.1030  169.26769294
  0.1040  171.27316872
  0.1050  173.24548401
  0.1060  175.18376245
  0.1070  177.08714413
  0.1080  178.95478594
  0.1090  180.78586194
  0.1100  182.57956372
  0.1110  184.33510070
  0.1120  186.05170051
  0.1130  187.72860928
  0.1140  189.36509198
  0.1150  190.96043267
  0.1160  192.51393485
  0.1170  194.02492170
  0.1180  195.49273635
  0.1190  196.91674218
  0.1200  198.29632301
  0.1210  199.63088338
  0.1220  200.91984878
  0.1230  202.16266580
  0.1240  203.35880244
  0.1250  204.50774822
  0.1260  205.60901438
  0.1270  206.66213407
  0.1280  207.66666250
  0.1290  208.62217709
  0.1300  209.52827760
  0.1310  210.38458625
  0.1320  211.19074787
  0.1330  211.94642995
  0.1340  212.65132276
  0.1350  213.30513944
  0.1360  213.90761603
  0.1370  214.45851157
  0.1380  214.95760813
  0.1390  215.40471080
  0.1400  215.79964779
  0.1410  216.14227037
  0.1420  216.43245292
  0.1430  216.67009289
  0.1440  216.85511076
  0.1450  216.98745006
  0.1460  217.06707726
  0.1470  217.09398175
  0.1480  217.06817579
  0.1490  216.98969437
  0.1500  216.85859517
  0.1510  216.67495844
  0.1520  216.43888688
  0.1530  216.15050555
  0.1540  215.80996168
  0.1550  215.41742460
  0.1560  214.97308551
  0.1570  214.47715737
  0.1580  213.92987472
  0.1590  213.33149345
  0.1600  212.68229067
  0.1610  211.98256445
  0.1620  211.23263366
  0.1630  210.43283770
  0.1640  209.58353630
  0.1650  208.68510924
  0.1660  207.73795617
  0.1670  206.74249628
  0.1680  205.69916807
  0.1690  204.60842905
  0.1700  203.47075552
  0.1710  202.28664218
  0.1720  201.05660190
  0.1730  199.78116541
  0.1740  198.46088096
  0.1750  197.09631400
  0.1760  195.68804688
  0.1770  194.23667847
  0.1780  192.74282387
  0.1790  191.20711401
  0.1800  189.63019534
  0.1810  188.01272944
  0.1820  186.35539265
  0.1830  184.65887573
  0.1840  182.92388344
  0.1850  181.15113421
  0.1860  179.34135969
  0.1870  177.49530440
  0.1880  175.61372534
  0.1890  173.69739155
  0.1900  171.74708374
  0.1910  169.76359386
  0.1920  167.74772469
  0.1930  165.70028946
  0.1940  163.62211136
  0.1950  161.51402319
  0.1960  159.37686690
  0.1970  157.21149317
  0.1980  155.01876097
  0.1990  152.79953715
  0.2000  150.55469601
  0.2010  148.28511882
  0.2020  145.99169346
  0.2030  143.67531392
  0.2040  141.33687989
  0.2050  138.97729632
  0.2060  136.59747299
  0.2070  134.19832406
  0.2080  131.78076764
  0.2090  129.34572535
  0.2100  126.89412188
  0.2110  124.42688456
  0.2120  121.94494292
  0.2130  119.44922828
  0.2140  116.94067329
  0.2150  114.42021149
  0.2160  111.88877693
  0.2170  109.34730369
  0.2180  106.79672551
  0.2190  104.23797532
  0.2200  101.67198483
  0.2210  99.09968416
  0.2220  96.52200137
  0.2230  93.93986207
  0.2240  91.35418905
  0.2250  88.76590182
  0.2260  86.17591623
  0.2270  83.58514413
  0.2280  80.99449290
  0.2290  78.40486509
  0.2300  75.81715810
  0.2310  73.23226370
  0.2320  70.65106775
  0.2330  68.07444979
  0.2340  65.50328267
  0.2350  62.93843223
  0.2360  60.38075692
  0.2370  57.83110749
  0.2380  55.29032660
  0.2390  52.75924855
  0.2400  50.23869890
  0.2410  47.72949418
  0.2420  45.23244157
  0.2430  42.74833861
  0.2440  40.27797286
  0.2450  37.82212165
  0.2460  35.38155178
  0.2470  32.95701924
  0.2480  30.54926894
  0.2490  28.15903445
  0.2500  25.78703780
  0.2510  23.43398916
  0.2520  21.10058671
  0.2530  18.78751642
  0.2540  16.49545192
  0.2550  14.22505448
  0.2560  11.97697318
  0.2570  9.75184568
  0.2580  7.55030048
  0.2590  5.37296526
  0.2600  3.22050892
  0.2610  1.09417090
  0.2620  1.01031133
  0.2630  3.08418099
  0.2640  5.13192255
  0.2650  7.15226734
  0.2660  9.14462814
  0.2670  11.10849127
  0.2680  13.04337143
  0.2690  14.94880288
  0.2700  16.82433687
  0.2710  18.66954083
  0.2720  20.48399802
  0.2730  22.26730741
  0.2740  24.01908366
  0.2750  25.73895710
  0.2760  27.42657380
  0.2770  29.08159557
  0.2780  30.70369998
  0.2790  32.29258040
  0.2800  33.84794601
  0.2810  35.36952181
  0.2820  36.85704864
  0.2830  38.31028318
  0.2840  39.72899792
  0.2850  41.11298116
  0.2860  42.46203700
  0.2870  43.77598529
  0.2880  45.05466161
  0.2890  46.29791721
  0.2900  47.50561897
  0.2910  48.67764936
  0.2920  49.81390634
  0.2930  50.91430332
  0.2940  51.97876905
  0.2950  53.00724758
  0.2960  53.99969813
  0.2970  54.95609500
  0.2980  55.87642748
  0.2990  56.76069973
  0.3000  57.60893066
  0.3010  58.42115382
  0.3020  59.19741726
  0.3030  59.93778340
  0.3040  60.64232887
  0.3050  61.31114440
  0.3060  61.94433464
  0.3070  62.54201803
  0.3080  63.10432659
  0.3090  63.63140580
  0.3100  64.12341442
  0.3110  64.58052428
  0.3120  65.00292013
  0.3130  65.39079944
  0.3140  65.74437221
  0.3150  66.06386078
  0.3160  66.34949961
  0.3170  66.60153511
  0.3180  66.82022540
  0.3190  67.00584010
  0.3200  67.15866014
  0.3210  67.27897750
  0.3220  67.36709504
  0.3230  67.42332622
  0.3240  67.44799489
  0.3250  67.44143508
  0.3260  67.40399073
  0.3270  67.33601548
  0.3280  67.23787240
  0.3290  67.10993378
  0.3300  66.95258084
  0.3310  66.76620353
  0.3320  66.55120027
  0.3330  66.30797765
  0.3340  66.03695024
  0.3350  65.73854030
  0.3360  65.41317754
  0.3370  65.06129883
  0.3380  64.68334800
  0.3390  64.27977550
  0.3400  63.85103821
  0.3410  63.39759915
  0.3420  62.91992720
  0.3430  62.41849687
  0.3440  61.89378803
  0.3450  61.34628559
  0.3460  60.77647934
  0.3470  60.18486359
  0.3480  59.57193696
  0.3490  58.93820209
  0.3500  58.28416541
  0.3510  57.61033684
  0.3520  56.91722954
  0.3530  56.20535965
  0.3540  55.47524605
  0.3550  54.72741008
  0.3560  53.96237527
  0.3570  53.18066710
  0.3580  52.38281276
  0.3590  51.56934086
  0.3600  50.74078122
  0.3610  49.89766457
  0.3620  49.04052233
  0.3630  48.16988639
  0.3640  47.28628881
  0.3650  46.39026160
  0.3660  45.48233649
  0.3670  44.56304471
  0.3680  43.63291668
  0.3690  42.69248187
  0.3700  41.74226850
  0.3710  40.78280335
  0.3720  39.81461152
  0.3730  38.83821622
  0.3740  37.85413854
  0.3750  36.86289721
  0.3760  35.86500846
  0.3770  34.86098573
  0.3780  33.85133952
  0.3790  32.83657715
  0.3800  31.81720259
  0.3810  30.79371623
  0.3820  29.76661474
  0.3830  28.73639083
  0.3840  27.70353310
  0.3850  26.66852581
  0.3860  25.63184880
  0.3870  24.59397719
  0.3880  23.55538134
  0.3890  22.51652657
  0.3900  21.47787308
  0.3910  20.43987578
  0.3920  19.40298411
  0.3930  18.36764192
  0.3940  17.33428733
  0.3950  16.30335259
  0.3960  15.27526397
  0.3970  14.25044162
  0.3980  13.22929949
  0.3990  12.21224524
  0.4000  11.19968017
  0.4010  10.19199922
  0.4020  9.18959097
  0.4030  8.19283783
  0.4040  7.20211637
  0.4050  6.21779813
  0.4060  5.24025138
  0.4070  4.26984536
  0.4080  3.30696197
  0.4090  2.35203569
  0.4100  1.40575324
  0.4110  0.47162298
  0.4120  0.47239327
  0.4130  1.38876932
  0.4140  2.29948189
  0.4150  3.20108800
  0.4160  4.09294914
  0.4170  4.97469296
  0.4180  5.84601484
  0.4190  6.70663807
  0.4200  7.55630219
  0.4210  8.39475868
  0.4220  9.22176914
  0.4230  10.03710440
  0.4240  10.84054411
  0.4250  11.63187646
  0.4260  12.41089805
  0.4270  13.17741382
  0.4280  13.93123695
  0.4290  14.67218887
  0.4300  15.40009916
  0.4310  16.11480559
  0.4320  16.81615403
  0.4330  17.50399845
  0.4340  18.17820089
  0.4350  18.83863143
  0.4360  19.48516812
  0.4370  20.11769699
  0.4380  20.73611199
  0.4390  21.34031493
  0.4400  21.93021545
  0.4410  22.50573098
  0.4420  23.06678665
  0.4430  23.61331528
  0.4440  24.14525728
  0.4450  24.66256063
  0.4460  25.16518075
  0.4470  25.65308052
  0.4480  26.12623013
  0.4490  26.58460703
  0.4500  27.02819589
  0.4510  27.45698848
  0.4520  27.87098357
  0.4530  28.27018692
  0.4540  28.65461112
  0.4550  29.02427552
  0.4560  29.37920617
  0.4570  29.71943569
  0.4580  30.04500317
  0.4590  30.35595410
  0.4600  30.65234026
  0.4610  30.93421961
  0.4620  31.20165616
  0.4630  31.45471994
  0.4640  31.69348681
  0.4650  31.91803838
  0.4660  32.12846192
  0.4670  32.32485022
  0.4680  32.50730147
  0.4690  32.67591918
  0.4700  32.83081203
  0.4710  32.97209376
  0.4720  33.09988304
  0.4730  33.21430338
  0.4740  33.31548298
  0.4750  33.40355462
  0.4760  33.47865552
  0.4770  33.54092723
  0.4780  33.59051551
  0.4790  33.62757019
  0.4800  33.65224505
  0.4810  33.66469770
  0.4820  33.66508943
  0.4830  33.65358511
  0.4840  33.63035304
  0.4850  33.59556482
  0.4860  33.54939527
  0.4870  33.49202223
  0.4880  33.42362647
  0.4890  33.34439156
  0.4900  33.25450374
  0.4910  33.15415180
  0.4920  33.04352692
  0.4930  32.92282259
  0.4940  32.79223443
  0.4950  32.65196011
  0.4960  32.50219920
  0.4970  32.34315306
  0.4980  32.17502469
  0.4990  31.99801862
  0.5000  31.81234079
  0.5010  31.61819844
  0.5020  31.41579996
  0.5030  31.20535477
  0.5040  30.98707323
  0.5050  30.76116650
  0.5060  30.52784643
  0.5070  30.28732542
  0.5080  30.03981635
  0.5090  29.78553243
  0.5100  29.52468709
  0.5110  29.25749388
  0.5120  28.98416637
  0.5130  28.70491801
  0.5140  28.41996205
  0.5150  28.12951142
  0.5160  27.83377864
  0.5170  27.53297570
  0.5180  27.22731397
  0.5190  26.91700409
  0.5200  26.60225591
  0.5210  26.28327832
  0.5220  25.96027925
  0.5230  25.63346549
  0.5240  25.30304266
  0.5250  24.96921510
  0.5260  24.63218578
  0.5270  24.29215620
  0.5280  23.94932636
  0.5290  23.60389463
  0.5300  23.25605767
  0.5310  22.90601040
  0.5320  22.55394586
  0.5330  22.20005520
  0.5340  21.84452757
  0.5350  21.48755005
  0.5360  21.12930760
  0.5370  20.76998301
  0.5380  20.40975678
  0.5390  20.04880713
  0.5400  19.68730988
  0.5410  19.32543843
  0.5420  18.96336371
  0.5430  18.60125410
  0.5440  18.23927538
  0.5450  17.87759073
  0.5460  17.51636061
  0.5470  17.15574278
  0.5480  16.79589224
  0.5490  16.43696115
  0.5500  16.07909886
  0.5510  15.72245182
  0.5520  15.36716357
  0.5530  15.01337472
  0.5540  14.66122287
  0.5550  14.31084265
  0.5560  13.96236566
  0.5570  13.61592042
  0.5580  13.27163240
  0.5590  12.92962399
  0.5600  12.59001444
  0.5610  12.25291989
  0.5620  11.91845333
  0.5630  11.58672462
  0.5640  11.25784044
  0.5650  10.93190430
  0.5660  10.60901656
  0.5670  10.28927435
  0.5680  9.97277168
  0.5690  9.65959932
  0.5700  9.34984489
  0.5710  9.04359283
  0.5720  8.74092439
  0.5730  8.44191765
  0.5740  8.14664755
  0.5750  7.85518586
  0.5760  7.56760120
  0.5770  7.28395908
  0.5780  7.00432190
  0.5790  6.72874893
  0.5800  6.45729638
  0.5810  6.19001739
  0.5820  5.92696207
  0.5830  5.66817749
  0.5840  5.41370773
  0.5850  5.16359389
  0.5860  4.91787412
  0.5870  4.67658366
  0.5880  4.43975484
  0.5890  4.20741715
  0.5900  3.97959722
  0.5910  3.75631891
  0.5920  3.53760331
  0.5930  3.32346877
  0.5940  3.11393097
  0.5950  2.90900297
  0.5960  2.70869519
  0.5970  2.51301554
  0.5980  2.32196945
  0.5990  2.13555992
  0.6000  1.95378762
  0.6010  1.77665101
  0.6020  1.60414646
  0.6030  1.43626847
  0.6040  1.27300998
  0.6050  1.11436288
  0.6060  0.96031895
  0.6070  0.81087164
  0.6080  0.66601990
  0.6090  0.52577765
  0.6100  0.39020147
  0.6110  0.25949738
  0.6120  0.13470263
  0.6130  0.03576314
  0.6140  0.11615515
  0.6150  0.22733323
  0.6160  0.33598515
  0.6170  0.44078923
  0.6180  0.54151378
  0.6190  0.63810905
  0.6200  0.73057789
  0.6210  0.81894371
  0.6220  0.90323982
  0.6230  0.98350513
  0.6240  1.05978224
  0.6250  1.13211639
  0.6260  1.20055497
  0.6270  1.26514711
  0.6280  1.32594350
  0.6290  1.38299621
  0.6300  1.43635861
  0.6310  1.48608522
  0.6320  1.53223167
  0.6330  1.57485461
  0.6340  1.61401168
  0.6350  1.64976138
  0.6360  1.68216311
  0.6370  1.71127703
  0.6380  1.73716407
  0.6390  1.75988583
  0.6400  1.77950458
  0.6410  1.79608317
  0.6420  1.80968503
  0.6430  1.82037406
  0.6440  1.82821465
  0.6450  1.83327160
  0.6460  1.83561006
  0.6470  1.83529555
  0.6480  1.83239383
  0.6490  1.82697094
  0.6500  1.81909311
  0.6510  1.80882672
  0.6520  1.79623828
  0.6530  1.78139438
  0.6540  1.76436166
  0.6550  1.74520675
  0.6560  1.72399625
  0.6570  1.70079669
  0.6580  1.67567448
  0.6590  1.64869592
  0.6600  1.61992708
  0.6610  1.58943387
  0.6620  1.55728191
  0.6630  1.52353656
  0.6640  1.48826288
  0.6650  1.45152556
  0.6660  1.41338894
  0.6670  1.37391696
  0.6680  1.33317311
  0.6690  1.29122045
  0.6700  1.24812155
  0.6710  1.20393848
  0.6720  1.15873278
  0.6730  1.11256545
  0.6740  1.06549692
  0.6750  1.01758708
  0.6760  0.96889520
  0.6770  0.91948001
  0.6780  0.86939963
  0.6790  0.81871165
  0.6800  0.76747314
  0.6810  0.71574073
  0.6820  0.66357072
  0.6830  0.61101924
  0.6840  0.55814255
  0.6850  0.50499756
  0.6860  0.45164264
  0.6870  0.39813923
  0.6880  0.34455481
  0.6890  0.29096932
  0.6900  0.23749004
  0.6910  0.18429218
  0.6920  0.13175555
  0.6930  0.08111461
  0.6940  0.03993536
  0.6950  0.04855649
  0.6960  0.09382309
  0.6970  0.14438556
  0.6980  0.19593798
  0.6990  0.24763123
  0.7000  0.29917511
  0.7010  0.35042980
  0.7020  0.40130980
  0.7030  0.45175350
  0.7040  0.50171141
  0.7050  0.55114099
  0.7060  0.60000416
  0.7070  0.64826592
  0.7080  0.69589362
  0.7090  0.74285652
  0.7100  0.78912551
  0.7110  0.83467292
  0.7120  0.87947242
  0.7130  0.92349895
  0.7140  0.96672864
  0.7150  1.00913875
  0.7160  1.05070770
  0.7170  1.09141498
  0.7180  1.13124118
  0.7190  1.17016794
  0.7200  1.20817793
  0.7210  1.24525488
  0.7220  1.28138353
  0.7230  1.31654961
  0.7240  1.35073988
  0.7250  1.38394204
  0.7260  1.41614481
  0.7270  1.44733785
  0.7280  1.47751176
  0.7290  1.50665811
  0.7300  1.53476936
  0.7310  1.56183892
  0.7320  1.58786108
  0.7330  1.61283102
  0.7340  1.63674482
  0.7350  1.65959940
  0.7360  1.68139254
  0.7370  1.70212286
  0.7380  1.72178978
  0.7390  1.74039357
  0.7400  1.75793525
  0.7410  1.77441664
  0.7420  1.78984032
  0.7430  1.80420962
  0.7440  1.81752860
  0.7450  1.82980201
  0.7460  1.84103535
  0.7470  1.85123476
  0.7480  1.86040706
  0.7490  1.86855972
  0.7500  1.87570084
  0.7510  1.88183914
  0.7520  1.88698392
  0.7530  1.89114509
  0.7540  1.89433309
  0.7550  1.89655893
  0.7560  1.89783414
  0.7570  1.89817074
  0.7580  1.89758126
  0.7590  1.89607870
  0.7600  1.89367651
  0.7610  1.89038858
  0.7620  1.88622921
  0.7630  1.88121312
  0.7640  1.87535538
  0.7650  1.86867145
  0.7660  1.86117713
  0.7670  1.85288854
  0.7680  1.84382210
  0.7690  1.83399455
  0.7700  1.82342287
  0.7710  1.81212432
  0.7720  1.80011638
  0.7730  1.78741676
  0.7740  1.77404337
  0.7750  1.76001431
  0.7760  1.74534782
  0.7770  1.73006234
  0.7780  1.71417639
  0.7790  1.69770864
  0.7800  1.68067786
  0.7810  1.66310287
  0.7820  1.64500261
  0.7830  1.62639602
  0.7840  1.60730212
  0.7850  1.58773991
  0.7860  1.56772842
  0.7870  1.54728668
  0.7880  1.52643367
  0.7890  1.50518833
  0.7900  1.48356958
  0.7910  1.46159625
  0.7920  1.43928708
  0.7930  1.41666073
  0.7940  1.39373577
  0.7950  1.37053062
  0.7960  1.34706360
  0.7970  1.32335286
  0.7980  1.29941641
  0.7990  1.27527209
  0.8000  1.25093758
  0.8010  1.22643036
  0.8020  1.20176771
  0.8030  1.17696672
  0.8040  1.15204425
  0.8050  1.12701694
  0.8060  1.10190122
  0.8070  1.07671324
  0.8080  1.05146895
  0.8090  1.02618402
  0.8100  1.00087385
  0.8110  0.97555360
  0.8120  0.95023815
  0.8130  0.92494209
  0.8140  0.89967974
  0.8150  0.87446514
  0.8160  0.84931204
  0.8170  0.82423389
  0.8180  0.79924384
  0.8190  0.77435478
  0.8200  0.74957927
  0.8210  0.72492959
  0.8220  0.70041773
  0.8230  0.67605537
  0.8240  0.65185392
  0.8250  0.62782449
  0.8260  0.60397794
  0.8270  0.58032482
  0.8280  0.55687545
  0.8290  0.53363988
  0.8300  0.51062795
  0.8310  0.48784926
  0.8320  0.46531324
  0.8330  0.44302915
  0.8340  0.42100614
  0.8350  0.39925326
  0.8360  0.37777958
  0.8370  0.35659421
  0.8380  0.33570644
  0.8390  0.31512587
  0.8400  0.29486258
  0.8410  0.27492741
  0.8420  0.25533227
  0.8430  0.23609067
  0.8440  0.21721837
  0.8450  0.19873450
  0.8460  0.18066304
  0.8470  0.16303534
  0.8480  0.14589391
  0.8490  0.12929887
  0.8500  0.11333872
  0.8510  0.09814929
  0.8520  0.08394732
  0.8530  0.07108931
  0.8540  0.06016384
  0.8550  0.05208037
  0.8560  0.04795227
  0.8570  0.04846727
  0.8580  0.05319891
  0.8590  0.06092586
  0.8600  0.07046013
  0.8610  0.08098675
  0.8620  0.09201120
  0.8630  0.10323962
  0.8640  0.11449391
  0.8650  0.12566256
  0.8660  0.13667333
  0.8670  0.14747794
  0.8680  0.15804325
  0.8690  0.16834602
  0.8700  0.17836964
  0.8710  0.18810216
  0.8720  0.19753489
  0.8730  0.20666156
  0.8740  0.21547766
  0.8750  0.22398006
  0.8760  0.23216668
  0.8770  0.24003625
  0.8780  0.24758818
  0.8790  0.25482243
  0.8800  0.26173938
  0.8810  0.26833979
  0.8820  0.27462474
  0.8830  0.28059558
  0.8840  0.28625387
  0.8850  0.29160141
  0.8860  0.29664013
  0.8870  0.30137215
  0.8880  0.30579971
  0.8890  0.30992518
  0.8900  0.31375104
  0.8910  0.31727988
  0.8920  0.32051436
  0.8930  0.32345726
  0.8940  0.32611140
  0.8950  0.32847968
  0.8960  0.33056509
  0.8970  0.33237064
  0.8980  0.33389944
  0.8990  0.33515462
  0.9000  0.33613937
  0.9010  0.33685693
  0.9020  0.33731057
  0.9030  0.33750364
  0.9040  0.33743947
  0.9050  0.33712149
  0.9060  0.33655312
  0.9070  0.33573783
  0.9080  0.33467913
  0.9090  0.33338056
  0.9100  0.33184569
  0.9110  0.33007812
  0.9120  0.32808147
  0.9130  0.32585942
  0.9140  0.32341564
  0.9150  0.32075386
  0.9160  0.31787783
  0.9170  0.31479132
  0.9180  0.31149812
  0.9190  0.30800208
  0.9200  0.30430705
  0.9210  0.30041692
  0.9220  0.29633560
  0.9230  0.29206702
  0.9240  0.28761517
  0.9250  0.28298403
  0.9260  0.27817763
  0.9270  0.27320002
  0.9280  0.26805529
  0.9290  0.26274752
  0.9300  0.25728087
  0.9310  0.25165949
  0.9320  0.24588758
  0.9330  0.23996935
  0.9340  0.23390906
  0.9350  0.22771098
  0.9360  0.22137942
  0.9370  0.21491872
  0.9380  0.20833326
  0.9390  0.20162743
  0.9400  0.19480567
  0.9410  0.18787246
  0.9420  0.18083232
  0.9430  0.17368981
  0.9440  0.16644954
  0.9450  0.15911617
  0.9460  0.15169444
  0.9470  0.14418917
  0.9480  0.13660526
  0.9490  0.12894774
  0.9500  0.12122183
  0.9510  0.11343291
  0.9520  0.10558669
  0.9530  0.09768926
  0.9540  0.08974730
  0.9550  0.08176835
  0.9560  0.07376128
  0.9570  0.06573713
  0.9580  0.05771058
  0.9590  0.04970290
  0.9600  0.04174818
  0.9610  0.03390805
  0.9620  0.02631093
  0.9630  0.01927421
  0.9640  0.01371883
  0.9650  0.01195247
  0.9660  0.01535019
  0.9670  0.02159584
  0.9680  0.02889111
  0.9690  0.03660417
  0.9700  0.04450718
  0.9710  0.05250222
  0.9720  0.06053993
  0.9730  0.06859191
  0.9740  0.07663989
  0.9750  0.08467098
  0.9760  0.09267536
  0.9770  0.10064505
  0.9780  0.10857327
  0.9790  0.11645402
  0.9800  0.12428184
  0.9810  0.13205169
  0.9820  0.13975880
  0.9830  0.14739866
  0.9840  0.15496693
  0.9850  0.16245942
  0.9860  0.16987208
  0.9870  0.17720099
  0.9880  0.18444233
  0.9890  0.19159236
  0.9900  0.19864746
  0.9910  0.20560409
  0.9920  0.21245880
  0.9930  0.21920822
  0.9940  0.22584907
  0.9950  0.23237815
  0.9960  0.23879234
  0.9970  0.24508862
  0.9980  0.25126404
  0.9990  0.25731574
