  0.0000  51.63726406
  0.0010  51.61359130
  0.0020  51.54258184
  0.0030  51.42426208
  0.0040  51.25867604
  0.0050  51.04588532
  0.0060  50.78596908
  0.0070  50.47902400
  0.0080  50.12516426
  0.0090  49.72452148
  0.0100  49.27724468
  0.0110  48.78350022
  0.0120  48.24347172
  0.0130  47.65736004
  0.0140  47.02538312
  0.0150  46.34777597
  0.0160  45.62479056
  0.0170  44.85669569
  0.0180  44.04377693
  0.0190  43.18633648
  0.0200  42.28469307
  0.0210  41.33918184
  0.0220  40.35015420
  0.0230  39.31797768
  0.0240  38.24303584
  0.0250  37.12572806
  0.0260  35.96646944
  0.0270  34.76569061
  0.0280  33.52383757
  0.0290  32.24137152
  0.0300  30.91876870
  0.0310  29.55652019
  0.0320  28.15513171
  0.0330  26.71512349
  0.0340  25.23703000
  0.0350  23.72139980
  0.0360  22.16879534
  0.0370  20.57979272
  0.0380  18.95498157
  0.0390  17.29496478
  0.0400  15.60035844
  0.0410  13.87179167
  0.0420  12.10990671
  0.0430  10.31535921
  0.0440  8.48881935
  0.0450  6.63097533
  0.0460  4.74254593
  0.0470  2.82434643
  0.0480  0.87824464
  0.0490  1.10223200
  0.0500  3.10503949
  0.0510  5.13583473
  0.0520  7.19306633
  0.0530  9.27587607
  0.0540  11.38346682
  0.0550  13.51504919
  0.0560  15.66983077
  0.0570  17.84701315
  0.0580  20.04579100
  0.0590  22.26535184
  0.0600  24.50487608
  0.0610  26.76353723
  0.0620  29.04050209
  0.0630  31.33493110
  0.0640  33.64597855
  0.0650  35.97279293
  0.0660  38.31451723
  0.0670  40.67028928
  0.0680  43.03924203
  0.0690  45.42050389
  0.0700  47.81319909
  0.0710  50.21644795
  0.0720  52.62936725
  0.0730  55.05107058
  0.0740  57.48066863
  0.0750  59.91726953
  0.0760  62.35997921
  0.0770  64.80790174
  0.0780  67.26013963
  0.0790  69.71579421
  0.0800  72.17396591
  0.0810  74.63375467
  0.0820  77.09426023
  0.0830  79.55458247
  0.0840  82.01382175
  0.0850  84.47107928
  0.0860  86.92545739
  0.0870  89.37605991
  0.0880  91.82199253
  0.0890  94.26236305
  0.0900  96.69628178
  0.0910  99.12286186
  0.0920  101.54121956
  0.0930  103.95047465
  0.0940  106.34975069
  0.0950  108.73817537
  0.0960  111.11488081
  0.0970  113.47900393
  0.0980  115.82968673
  0.0990  118.16607660
  0.1000  120.48732666
  0.1010  122.79259603
  0.1020  125.08105021
  0.1030  127.35186129
  0.1040  129.60420835
  0.1050  131.83727766
  0.1060  134.05026307
  0.1070  136.24236625
  0.1080  138.41279696
  0.1090  140.56077340
  0.1100  142.68552244
  0.1110  144.78627992
  0.1120  146.86229093
  0.1130  148.91281005
  0.1140  150.93710165
  0.1150  152.93444014
  0.1160  154.90411023
  0.1170  156.84540719
  0.1180  158.75763709
  0.1190  160.64011703
  0.1200  162.49217542
  0.1210  164.31315219
  0.1220  166.10239902
  0.1230  167.85927959
  0.1240  169.58316976
  0.1250  171.27345782
  0.1260  172.92954471
  0.1270  174.55084417
  0.1280  176.13678300
  0.1290  177.68680124
  0.1300  179.20035235
  0.1310  180.67690338
  0.1320  182.11593518
  0.1330  183.51694257
  0.1340  184.87943449
  0.1350  186.20293416
  0.1360  187.48697927
  0.1370  188.73112207
  0.1380  189.93492960
  0.1390  191.09798374
  0.1400  192.21988139
  0.1410  193.30023462
  0.1420  194.33867072
  0.1430  195.33483237
  0.1440  196.28837773
  0.1450  197.19898057
  0.1460  198.06633029
  0.1470  198.89013211
  0.1480  199.67010707
  0.1490  200.40599217
  0.1500  201.09754038
  0.1510  201.74452077
  0.1520  202.34671850
  0.1530  202.90393493
  0.1540  203.41598764
  0.1550  203.88271048
  0.1560  204.30395356
  0.1570  204.67958335
  0.1580  205.00948264
  0.1590  205.29355057
  0.1600  205.53170267
  0.1610  205.72387080
  0.1620  205.87000320
  0.1630  205.97006445
  0.1640  206.02403545
  0.1650  206.03191341
  0.1660  205.99371183
  0.1670  205.90946042
  0.1680  205.77920510
  0.1690  205.60300794
  0.1700  205.38094707
  0.1710  205.11311669
  0.1720  204.79962694
  0.1730  204.44060384
  0.1740  204.03618923
  0.1750  203.58654068
  0.1760  203.09183136
  0.1770  202.55225002
  0.1780  201.96800081
  0.1790  201.33930320
  0.1800  200.66639189
  0.1810  199.94951665
  0.1820  199.18894222
  0.1830  198.38494817
  0.1840  197.53782877
  0.1850  196.64789283
  0.1860  195.71546357
  0.1870  194.74087848
  0.1880  193.72448912
  0.1890  192.66666099
  0.1900  191.56777336
  0.1910  190.42821909
  0.1920  189.24840445
  0.1930  188.02874895
  0.1940  186.76968513
  0.1950  185.47165839
  0.1960  184.13512679
  0.1970  182.76056084
  0.1980  181.34844330
  0.1990  179.89926898
  0.2000  178.41354451
  0.2010  176.89178812
  0.2020  175.33452946
  0.2030  173.74230931
  0.2040  172.11567940
  0.2050  170.45520216
  0.2060  168.76145049
  0.2070  167.03500751
  0.2080  165.27646631
  0.2090  163.48642975
  0.2100  161.66551014
  0.2110  159.81432904
  0.2120  157.93351700
  0.2130  156.02371328
  0.2140  154.08556559
  0.2150  152.11972986
  0.2160  150.12686992
  0.2170  148.10765729
  0.2180  146.06277088
  0.2190  143.99289668
  0.2200  141.89872759
  0.2210  139.78096301
  0.2220  137.64030869
  0.2230  135.47747634
  0.2240  133.29318343
  0.2250  131.08815285
  0.2260  128.86311269
  0.2270  126.61879588
  0.2280  124.35593994
  0.2290  122.07528672
  0.2300  119.77758206
  0.2310  117.46357552
  0.2320  115.13402012
  0.2330  112.78967201
  0.2340  110.43129018
  0.2350  108.05963623
  0.2360  105.67547398
  0.2370  103.27956926
  0.2380  100.87268960
  0.2390  98.45560392
  0.2400  96.02908226
  0.2410  93.59389546
  0.2420  91.15081493
  0.2430  88.70061231
  0.2440  86.24405918
  0.2450  83.78192683
  0.2460  81.31498591
  0.2470  78.84400617
  0.2480  76.36975621
  0.2490  73.89300315
  0.2500  71.41451235
  0.2510  68.93504720
  0.2520  66.45536874
  0.2530  63.97623548
  0.2540  61.49840308
  0.2550  59.02262407
  0.2560  56.54964762
  0.2570  54.08021923
  0.2580  51.61508053
  0.2590  49.15496893
  0.2600  46.70061746
  0.2610  44.25275443
  0.2620  41.81210324
  0.2630  39.37938210
  0.2640  36.95530381
  0.2650  34.54057549
  0.2660  32.13589841
  0.2670  29.74196767
  0.2680  27.35947211
  0.2690  24.98909402
  0.2700  22.63150900
  0.2710  20.28738588
  0.2720  17.95738663
  0.2730  15.64216651
  0.2740  13.34237452
  0.2750  11.05865474
  0.2760  8.79164987
  0.2770  6.54201264
  0.2780  4.31045250
  0.2790  2.09807686
  0.2800  0.13282304
  0.2810  2.27438676
  0.2820  4.42779584
  0.2830  6.56092613
  0.2840  8.67280271
  0.2850  10.76279185
  0.2860  12.83032717
  0.2870  14.87486906
  0.2880  16.89589455
  0.2890  18.89289394
  0.2900  20.86536953
  0.2910  22.81283517
  0.2920  24.73481603
  0.2930  26.63084858
  0.2940  28.50048060
  0.2950  30.34327126
  0.2960  32.15879118
  0.2970  33.94662254
  0.2980  35.70635913
  0.2990  37.43760651
  0.3000  39.13998200
  0.3010  40.81311486
  0.3020  42.45664631
  0.3030  44.07022965
  0.3040  45.65353028
  0.3050  47.20622585
  0.3060  48.72800622
  0.3070  50.21857363
  0.3080  51.67764265
  0.3090  53.10494032
  0.3100  54.50020614
  0.3110  55.86319211
  0.3120  57.19366280
  0.3130  58.49139535
  0.3140  59.75617949
  0.3150  60.98781759
  0.3160  62.18612464
  0.3170  63.35092828
  0.3180  64.48206881
  0.3190  65.57939916
  0.3200  66.64278492
  0.3210  67.67210429
  0.3220  68.66724810
  0.3230  69.62811977
  0.3240  70.55463530
  0.3250  71.44672321
  0.3260  72.30432454
  0.3270  73.12739278
  0.3280  73.91589384
  0.3290  74.66980602
  0.3300  75.38911991
  0.3310  76.07383837
  0.3320  76.72397643
  0.3330  77.33956128
  0.3340  77.92063213
  0.3350  78.46724018
  0.3360  78.97944852
  0.3370  79.45733206
  0.3380  79.90097739
  0.3390  80.31048277
  0.3400  80.68595796
  0.3410  81.02752414
  0.3420  81.33531382
  0.3430  81.60947070
  0.3440  81.85014959
  0.3450  82.05751624
  0.3460  82.23174729
  0.3470  82.37303007
  0.3480  82.48156254
  0.3490  82.55755308
  0.3500  82.60122043
  0.3510  82.61279351
  0.3520  82.59251125
  0.3530  82.54062252
  0.3540  82.45738591
  0.3550  82.34306961
  0.3560  82.19795123
  0.3570  82.02231768
  0.3580  81.81646498
  0.3590  81.58069809
  0.3600  81.31533075
  0.3610  81.02068534
  0.3620  80.69709265
  0.3630  80.34489176
  0.3640  79.96442981
  0.3650  79.55606187
  0.3660  79.12015073
  0.3670  78.65706671
  0.3680  78.16718752
  0.3690  77.65089799
  0.3700  77.10858996
  0.3710  76.54066205
  0.3720  75.94751947
  0.3730  75.32957382
  0.3740  74.68724291
  0.3750  74.02095055
  0.3760  73.33112636
  0.3770  72.61820554
  0.3780  71.88262873
  0.3790  71.12484172
  0.3800  70.34529535
  0.3810  69.54444520
  0.3820  68.72275147
  0.3830  67.88067872
  0.3840  67.01869570
  0.3850  66.13727511
  0.3860  65.23689341
  0.3870  64.31803063
  0.3880  63.38117011
  0.3890  62.42679836
  0.3900  61.45540479
  0.3910  60.46748154
  0.3920  59.46352325
  0.3930  58.44402689
  0.3940  57.40949148
  0.3950  56.36041797
  0.3960  55.29730898
  0.3970  54.22066858
  0.3980  53.13100215
  0.3990  52.02881610
  0.4000  50.91461772
  0.4010  49.78891497
  0.4020  48.65221623
  0.4030  47.50503017
  0.4040  46.34786551
  0.4050  45.18123081
  0.4060  44.00563431
  0.4070  42.82158371
  0.4080  41.62958598
  0.4090  40.43014717
  0.4100  39.22377221
  0.4110  38.01096475
  0.4120  36.79222694
  0.4130  35.56805925
  0.4140  34.33896032
  0.4150  33.10542674
  0.4160  31.86795289
  0.4170  30.62703076
  0.4180  29.38314981
  0.4190  28.13679674
  0.4200  26.88845539
  0.4210  25.63860654
  0.4220  24.38772778
  0.4230  23.13629335
  0.4240  21.88477401
  0.4250  20.63363690
  0.4260  19.38334546
  0.4270  18.13435933
  0.4280  16.88713426
  0.4290  15.64212215
  0.4300  14.39977108
  0.4310  13.16052551
  0.4320  11.92482663
  0.4330  10.69311316
  0.4340  9.46582270
  0.4350  8.24339449
  0.4360  7.02627517
  0.4370  5.81493162
  0.4380  4.60988400
  0.4390  3.41180780
  0.4400  2.22196116
  0.4410  1.04549181
  0.4420  0.23849187
  0.4430  1.33190502
  0.4440  2.48728952
  0.4450  3.63787013
  0.4460  4.78047190
  0.4470  5.91412040
  0.4480  7.03825558
  0.4490  8.15244615
  0.4500  9.25631468
  0.4510  10.34951187
  0.4520  11.43170618
  0.4530  12.50257902
  0.4540  13.56182240
  0.4550  14.60913765
  0.4560  15.64423472
  0.4570  16.66683177
  0.4580  17.67665494
  0.4590  18.67343824
  0.4600  19.65692343
  0.4610  20.62685999
  0.4620  21.58300514
  0.4630  22.52512376
  0.4640  23.45298847
  0.4650  24.36637959
  0.4660  25.26508515
  0.4670  26.14890094
  0.4680  27.01763046
  0.4690  27.87108499
  0.4700  28.70908355
  0.4710  29.53145295
  0.4720  30.33802775
  0.4730  31.12865028
  0.4740  31.90317063
  0.4750  32.66144668
  0.4760  33.40334404
  0.4770  34.12873607
  0.4780  34.83750386
  0.4790  35.52953620
  0.4800  36.20472960
  0.4810  36.86298821
  0.4820  37.50422385
  0.4830  38.12835594
  0.4840  38.73531149
  0.4850  39.32502505
  0.4860  39.89743869
  0.4870  40.45250196
  0.4880  40.99017181
  0.4890  41.51041260
  0.4900  42.01319600
  0.4910  42.49850099
  0.4920  42.96631375
  0.4930  43.41662764
  0.4940  43.84944312
  0.4950  44.26476772
  0.4960  44.66261593
  0.4970  45.04300917
  0.4980  45.40597570
  0.4990  45.75155057
  0.5000  46.07977549
  0.5010  46.39069884
  0.5020  46.68437551
  0.5030  46.96086687
  0.5040  47.22024067
  0.5050  47.46257094
  0.5060  47.68793794
  0.5070  47.89642802
  0.5080  48.08813357
  0.5090  48.26315292
  0.5100  48.42159023
  0.5110  48.56355540
  0.5120  48.68916396
  0.5130  48.79853702
  0.5140  48.89180108
  0.5150  48.96908802
  0.5160  49.03053494
  0.5170  49.07628404
  0.5180  49.10648259
  0.5190  49.12128271
  0.5200  49.12084137
  0.5210  49.10532021
  0.5220  49.07488543
  0.5230  49.02970771
  0.5240  48.96996209
  0.5250  48.89582781
  0.5260  48.80748825
  0.5270  48.70513079
  0.5280  48.58894668
  0.5290  48.45913093
  0.5300  48.31588220
  0.5310  48.15940268
  0.5320  47.98989795
  0.5330  47.80757688
  0.5340  47.61265150
  0.5350  47.40533688
  0.5360  47.18585099
  0.5370  46.95441463
  0.5380  46.71125123
  0.5390  46.45658681
  0.5400  46.19064979
  0.5410  45.91367090
  0.5420  45.62588307
  0.5430  45.32752125
  0.5440  45.01882237
  0.5450  44.70002516
  0.5460  44.37137003
  0.5470  44.03309898
  0.5480  43.68545544
  0.5490  43.32868420
  0.5500  42.96303124
  0.5510  42.58874362
  0.5520  42.20606939
  0.5530  41.81525746
  0.5540  41.41655744
  0.5550  41.01021958
  0.5560  40.59649463
  0.5570  40.17563373
  0.5580  39.74788828
  0.5590  39.31350985
  0.5600  38.87275002
  0.5610  38.42586035
  0.5620  37.97309219
  0.5630  37.51469662
  0.5640  37.05092430
  0.5650  36.58202541
  0.5660  36.10824951
  0.5670  35.62984545
  0.5680  35.14706125
  0.5690  34.66014401
  0.5700  34.16933983
  0.5710  33.67489367
  0.5720  33.17704927
  0.5730  32.67604907
  0.5740  32.17213407
  0.5750  31.66554380
  0.5760  31.15651617
  0.5770  30.64528742
  0.5780  30.13209200
  0.5790  29.61716250
  0.5800  29.10072957
  0.5810  28.58302182
  0.5820  28.06426576
  0.5830  27.54468570
  0.5840  27.02450366
  0.5850  26.50393934
  0.5860  25.98321000
  0.5870  25.46253040
  0.5880  24.94211276
  0.5890  24.42216662
  0.5900  23.90289886
  0.5910  23.38451356
  0.5920  22.86721198
  0.5930  22.35119250
  0.5940  21.83665051
  0.5950  21.32377842
  0.5960  20.81276556
  0.5970  20.30379816
  0.5980  19.79705926
  0.5990  19.29272868
  0.6000  18.79098298
  0.6010  18.29199540
  0.6020  17.79593583
  0.6030  17.30297077
  0.6040  16.81326327
  0.6050  16.32697292
  0.6060  15.84425578
  0.6070  15.36526441
  0.6080  14.89014775
  0.6090  14.41905120
  0.6100  13.95211648
  0.6110  13.48948169
  0.6120  13.03128128
  0.6130  12.57764598
  0.6140  12.12870284
  0.6150  11.68457518
  0.6160  11.24538259
  0.6170  10.81124095
  0.6180  10.38226237
  0.6190  9.95855525
  0.6200  9.54022422
  0.6210  9.12737020
  0.6220  8.72009038
  0.6230  8.31847824
  0.6240  7.92262360
  0.6250  7.53261260
  0.6260  7.14852778
  0.6270  6.77044813
  0.6280  6.39844912
  0.6290  6.03260284
  0.6300  5.67297804
  0.6310  5.31964035
  0.6320  4.97265243
  0.6330  4.63207422
  0.6340  4.29796333
  0.6350  3.97037552
  0.6360  3.64936543
  0.6370  3.33498760
  0.6380  3.02729814
  0.6390  2.72635718
  0.6400  2.43223302
  0.6410  2.14500911
  0.6420  1.86479672
  0.6430  1.59175930
  0.6440  1.32616351
  0.6450  1.06849822
  0.6460  0.81979453
  0.6470  0.58268010
  0.6480  0.36605025
  0.6490  0.21379796
  0.6500  0.25526789
  0.6510  0.42793708
  0.6520  0.62505019
  0.6530  0.82413867
  0.6540  1.01997670
  0.6550  1.21082995
  0.6560  1.39598039
  0.6570  1.57508944
  0.6580  1.74798652
  0.6590  1.91458539
  0.6600  2.07484653
  0.6610  2.22875853
  0.6620  2.37632816
  0.6630  2.51757467
  0.6640  2.65252646
  0.6650  2.78121890
  0.6660  2.90369300
  0.6670  3.01999442
  0.6680  3.13017287
  0.6690  3.23428157
  0.6700  3.33237696
  0.6710  3.42451840
  0.6720  3.51076793
  0.6730  3.59119013
  0.6740  3.66585196
  0.6750  3.73482261
  0.6760  3.79817343
  0.6770  3.85597779
  0.6780  3.90831101
  0.6790  3.95525026
  0.6800  3.99687447
  0.6810  4.03326430
  0.6820  4.06450200
  0.6830  4.09067138
  0.6840  4.11185773
  0.6850  4.12814776
  0.6860  4.13962951
  0.6870  4.14639230
  0.6880  4.14852668
  0.6890  4.14612433
  0.6900  4.13927803
  0.6910  4.12808158
  0.6920  4.11262974
  0.6930  4.09301819
  0.6940  4.06934344
  0.6950  4.04170279
  0.6960  4.01019427
  0.6970  3.97491657
  0.6980  3.93596900
  0.6990  3.89345145
  0.7000  3.84746428
  0.7010  3.79810832
  0.7020  3.74548482
  0.7030  3.68969537
  0.7040  3.63084184
  0.7050  3.56902640
  0.7060  3.50435142
  0.7070  3.43691943
  0.7080  3.36683314
  0.7090  3.29419533
  0.7100  3.21910886
  0.7110  3.14167666
  0.7120  3.06200167
  0.7130  2.98018688
  0.7140  2.89633527
  0.7150  2.81054988
  0.7160  2.72293378
  0.7170  2.63359015
  0.7180  2.54262233
  0.7190  2.45013390
  0.7200  2.35622880
  0.7210  2.26101156
  0.7220  2.16458745
  0.7230  2.06706287
  0.7240  1.96854577
  0.7250  1.86914620
  0.7260  1.76897719
  0.7270  1.66815582
  0.7280  1.56680479
  0.7290  1.46505473
  0.7300  1.36304737
  0.7310  1.26094042
  0.7320  1.15891483
  0.7330  1.05718623
  0.7340  0.95602321
  0.7350  0.85577778
  0.7360  0.75693814
  0.7370  0.66022378
  0.7380  0.56676448
  0.7390  0.47844822
  0.7400  0.39859583
  0.7410  0.33311535
  0.7420  0.29147431
  0.7430  0.28385712
  0.7440  0.31222045
  0.7450  0.36780952
  0.7460  0.43992452
  0.7470  0.52127823
  0.7480  0.60772270
  0.7490  0.69694000
  0.7500  0.78758268
  0.7510  0.87882246
  0.7520  0.97012003
  0.7530  1.06110450
  0.7540  1.15150776
  0.7550  1.24112711
  0.7560  1.32980312
  0.7570  1.41740599
  0.7580  1.50382699
  0.7590  1.58897271
  0.7600  1.67276136
  0.7610  1.75512009
  0.7620  1.83598318
  0.7630  1.91529076
  0.7640  1.99298782
  0.7650  2.06902353
  0.7660  2.14335067
  0.7670  2.21592530
  0.7680  2.28670639
  0.7690  2.35565557
  0.7700  2.42273701
  0.7710  2.48791718
  0.7720  2.55116481
  0.7730  2.61245070
  0.7740  2.67174772
  0.7750  2.72903067
  0.7760  2.78427629
  0.7770  2.83746314
  0.7780  2.88857158
  0.7790  2.93758376
  0.7800  2.98448354
  0.7810  3.02925647
  0.7820  3.07188979
  0.7830  3.11237234
  0.7840  3.15069460
  0.7850  3.18684861
  0.7860  3.22082799
  0.7870  3.25262787
  0.7880  3.28224491
  0.7890  3.30967725
  0.7900  3.33492450
  0.7910  3.35798769
  0.7920  3.37886930
  0.7930  3.39757318
  0.7940  3.41410457
  0.7950  3.42847004
  0.7960  3.44067752
  0.7970  3.45073621
  0.7980  3.45865660
  0.7990  3.46445044
  0.8000  3.46813072
  0.8010  3.46971162
  0.8020  3.46920852
  0.8030  3.46663796
  0.8040  3.46201761
  0.8050  3.45536624
  0.8060  3.44670373
  0.8070  3.43605101
  0.8080  3.42343003
  0.8090  3.40886378
  0.8100  3.39237621
  0.8110  3.37399224
  0.8120  3.35373773
  0.8130  3.33163945
  0.8140  3.30772503
  0.8150  3.28202299
  0.8160  3.25456265
  0.8170  3.22537417
  0.8180  3.19448846
  0.8190  3.16193721
  0.8200  3.12775282
  0.8210  3.09196843
  0.8220  3.05461784
  0.8230  3.01573549
  0.8240  2.97535650
  0.8250  2.93351656
  0.8260  2.89025199
  0.8270  2.84559963
  0.8280  2.79959692
  0.8290  2.75228178
  0.8300  2.70369267
  0.8310  2.65386853
  0.8320  2.60284877
  0.8330  2.55067326
  0.8340  2.49738234
  0.8350  2.44301675
  0.8360  2.38761769
  0.8370  2.33122678
  0.8380  2.27388606
  0.8390  2.21563803
  0.8400  2.15652559
  0.8410  2.09659214
  0.8420  2.03588155
  0.8430  1.97443823
  0.8440  1.91230717
  0.8450  1.84953397
  0.8460  1.78616502
  0.8470  1.72224751
  0.8480  1.65782964
  0.8490  1.59296079
  0.8500  1.52769178
  0.8510  1.46207516
  0.8520  1.39616563
  0.8530  1.33002061
  0.8540  1.26370092
  0.8550  1.19727175
  0.8560  1.13080395
  0.8570  1.06437578
  0.8580  0.99807534
  0.8590  0.93200400
  0.8600  0.86628125
  0.8610  0.80105182
  0.8620  0.73649614
  0.8630  0.67284616
  0.8640  0.61040972
  0.8650  0.54960852
  0.8660  0.49103810
  0.8670  0.43556203
  0.8680  0.38445371
  0.8690  0.33958420
  0.8700  0.30358088
  0.8710  0.27968995
  0.8720  0.27089603
  0.8730  0.27837061
  0.8740  0.30063316
  0.8750  0.33447834
  0.8760  0.37653894
  0.8770  0.42413154
  0.8780  0.47536206
  0.8790  0.52894963
  0.8800  0.58403079
  0.8810  0.64001404
  0.8820  0.69648425
  0.8830  0.75314188
  0.8840  0.80976462
  0.8850  0.86618288
  0.8860  0.92226386
  0.8870  0.97790098
  0.8880  1.03300677
  0.8890  1.08750796
  0.8900  1.14134202
  0.8910  1.19445475
  0.8920  1.24679844
  0.8930  1.29833063
  0.8940  1.34901308
  0.8950  1.39881109
  0.8960  1.44769287
  0.8970  1.49562918
  0.8980  1.54259295
  0.8990  1.58855903
  0.9000  1.63350395
  0.9010  1.67740581
  0.9020  1.72024409
  0.9030  1.76199956
  0.9040  1.80265418
  0.9050  1.84219106
  0.9060  1.88059433
  0.9070  1.91784915
  0.9080  1.95394166
  0.9090  1.98885887
  0.9100  2.02258874
  0.9110  2.05512007
  0.9120  2.08644247
  0.9130  2.11654642
  0.9140  2.14542316
  0.9150  2.17306472
  0.9160  2.19946390
  0.9170  2.22461423
  0.9180  2.24851000
  0.9190  2.27114620
  0.9200  2.29251855
  0.9210  2.31262346
  0.9220  2.33145803
  0.9230  2.34902003
  0.9240  2.36530792
  0.9250  2.38032079
  0.9260  2.39405840
  0.9270  2.40652114
  0.9280  2.41771004
  0.9290  2.42762673
  0.9300  2.43627347
  0.9310  2.44365312
  0.9320  2.44976911
  0.9330  2.45462548
  0.9340  2.45822684
  0.9350  2.46057835
  0.9360  2.46168573
  0.9370  2.46155526
  0.9380  2.46019374
  0.9390  2.45760851
  0.9400  2.45380741
  0.9410  2.44879880
  0.9420  2.44259154
  0.9430  2.43519498
  0.9440  2.42661893
  0.9450  2.41687370
  0.9460  2.40597003
  0.9470  2.39391913
  0.9480  2.38073265
  0.9490  2.36642264
  0.9500  2.35100162
  0.9510  2.33448248
  0.9520  2.31687853
  0.9530  2.29820347
  0.9540  2.27847137
  0.9550  2.25769670
  0.9560  2.23589425
  0.9570  2.21307921
  0.9580  2.18926707
  0.9590  2.16447369
  0.9600  2.13871523
  0.9610  2.11200819
  0.9620  2.08436935
  0.9630  2.05581582
  0.9640  2.02636497
  0.9650  1.99603448
  0.9660  1.96484229
  0.9670  1.93280662
  0.9680  1.89994592
  0.9690  1.86627895
  0.9700  1.83182467
  0.9710  1.79660230
  0.9720  1.76063133
  0.9730  1.72393145
  0.9740  1.68652260
  0.9750  1.64842497
  0.9760  1.60965898
  0.9770  1.57024529
  0.9780  1.53020480
  0.9790  1.48955871
  0.9800  1.44832844
  0.9810  1.40653573
  0.9820  1.36420265
  0.9830  1.32135159
  0.9840  1.27800533
  0.9850  1.23418712
  0.9860  1.18992067
  0.9870  1.14523033
  0.9880  1.10014113
  0.9890  1.05467896
  0.9900  1.00887074
  0.9910  0.96274469
  0.9920  0.91633063
  0.9930  0.86966044
  0.9940  0.82276862
  0.9950  0.77569315
  0.9960  0.72847657
  0.9970  0.68116764
  0.9980  0.63382361
  0.9990  0.58651364
