  0.0000  61.95894142
  0.0010  61.93280516
  0.0020  61.85440628
  0.0030  61.72377439
  0.0040  61.54095884
  0.0050  61.30602872
  0.0060  61.01907277
  0.0070  60.68019941
  0.0080  60.28953667
  0.0090  59.84723213
  0.0100  59.35345288
  0.0110  58.80838544
  0.0120  58.21223569
  0.0130  57.56522881
  0.0140  56.86760916
  0.0150  56.11964019
  0.0160  55.32160437
  0.0170  54.47380302
  0.0180  53.57655626
  0.0190  52.63020282
  0.0200  51.63509995
  0.0210  50.59162327
  0.0220  49.50016660
  0.0230  48.36114185
  0.0240  47.17497880
  0.0250  45.94212500
  0.0260  44.66304553
  0.0270  43.33822286
  0.0280  41.96815663
  0.0290  40.55336350
  0.0300  39.09437690
  0.0310  37.59174684
  0.0320  36.04603971
  0.0330  34.45783802
  0.0340  32.82774023
  0.0350  31.15636047
  0.0360  29.44432832
  0.0370  27.69228858
  0.0380  25.90090099
  0.0390  24.07084003
  0.0400  22.20279464
  0.0410  20.29746797
  0.0420  18.35557720
  0.0430  16.37785327
  0.0440  14.36504082
  0.0450  12.31789814
  0.0460  10.23719764
  0.0470  8.12372739
  0.0480  5.97829674
  0.0490  3.80176283
  0.0500  1.59528191
  0.0510  0.64472030
  0.0520  2.90811449
  0.0530  5.20101446
  0.0540  7.52104817
  0.0550  9.86724465
  0.0560  12.23869991
  0.0570  14.63451644
  0.0580  17.05379281
  0.0590  19.49562105
  0.0600  21.95908592
  0.0610  24.44326490
  0.0620  26.94722827
  0.0630  29.47003940
  0.0640  32.01075507
  0.0650  34.56842574
  0.0660  37.14209598
  0.0670  39.73080475
  0.0680  42.33358581
  0.0690  44.94946806
  0.0700  47.57747594
  0.0710  50.21662977
  0.0720  52.86594614
  0.0730  55.52443828
  0.0740  58.19111646
  0.0750  60.86498833
  0.0760  63.54505934
  0.0770  66.23033308
  0.0780  68.91981170
  0.0790  71.61249628
  0.0800  74.30738717
  0.0810  77.00348445
  0.0820  79.69978822
  0.0830  82.39529908
  0.0840  85.08901841
  0.0850  87.77994881
  0.0860  90.46709449
  0.0870  93.14946158
  0.0880  95.82605859
  0.0890  98.49589670
  0.0900  101.15799023
  0.0910  103.81135690
  0.0920  106.45501830
  0.0930  109.08800020
  0.0940  111.70933295
  0.0950  114.31805180
  0.0960  116.91319730
  0.0970  119.49381566
  0.0980  122.05895907
  0.0990  124.60768611
  0.1000  127.13906202
  0.1010  129.65215913
  0.1020  132.14605717
  0.1030  134.61984359
  0.1040  137.07261394
  0.1050  139.50347215
  0.1060  141.91153093
  0.1070  144.29591203
  0.1080  146.65574661
  0.1090  148.99017550
  0.1100  151.29834960
  0.1110  153.57943012
  0.1120  155.83258889
  0.1130  158.05700870
  0.1140  160.25188356
  0.1150  162.41641902
  0.1160  164.54983241
  0.1170  166.65135316
  0.1180  168.72022308
  0.1190  170.75569660
  0.1200  172.75704106
  0.1210  174.72353693
  0.1220  176.65447814
  0.1230  178.54917225
  0.1240  180.40694073
  0.1250  182.22711918
  0.1260  184.00905759
  0.1270  185.75212055
  0.1280  187.45568743
  0.1290  189.11915266
  0.1300  190.74192588
  0.1310  192.32343218
  0.1320  193.86311227
  0.1330  195.36042265
  0.1340  196.81483585
  0.1350  198.22584055
  0.1360  199.59294174
  0.1370  200.91566094
  0.1380  202.19353630
  0.1390  203.42612275
  0.1400  204.61299219
  0.1410  205.75373355
  0.1420  206.84795297
  0.1430  207.89527390
  0.1440  208.89533721
  0.1450  209.84780131
  0.1460  210.75234222
  0.1470  211.60865368
  0.1480  212.41644724
  0.1490  213.17545232
  0.1500  213.88541629
  0.1510  214.54610453
  0.1520  215.15730047
  0.1530  215.71880568
  0.1540  216.23043984
  0.1550  216.69204085
  0.1560  217.10346480
  0.1570  217.46458603
  0.1580  217.77529710
  0.1590  218.03550883
  0.1600  218.24515027
  0.1610  218.40416872
  0.1620  218.51252967
  0.1630  218.57021683
  0.1640  218.57723206
  0.1650  218.53359533
  0.1660  218.43934471
  0.1670  218.29453628
  0.1680  218.09924408
  0.1690  217.85356006
  0.1700  217.55759400
  0.1710  217.21147342
  0.1720  216.81534348
  0.1730  216.36936695
  0.1740  215.87372402
  0.1750  215.32861227
  0.1760  214.73424651
  0.1770  214.09085868
  0.1780  213.39869773
  0.1790  212.65802947
  0.1800  211.86913643
  0.1810  211.03231773
  0.1820  210.14788892
  0.1830  209.21618184
  0.1840  208.23754443
  0.1850  207.21234055
  0.1860  206.14094987
  0.1870  205.02376762
  0.1880  203.86120444
  0.1890  202.65368616
  0.1900  201.40165364
  0.1910  200.10556255
  0.1920  198.76588314
  0.1930  197.38310007
  0.1940  195.95771215
  0.1950  194.49023214
  0.1960  192.98118653
  0.1970  191.43111526
  0.1980  189.84057156
  0.1990  188.21012163
  0.2000  186.54034445
  0.2010  184.83183149
  0.2020  183.08518648
  0.2030  181.30102515
  0.2040  179.47997494
  0.2050  177.62267477
  0.2060  175.72977475
  0.2070  173.80193590
  0.2080  171.83982989
  0.2090  169.84413874
  0.2100  167.81555456
  0.2110  165.75477922
  0.2120  163.66252413
  0.2130  161.53950985
  0.2140  159.38646591
  0.2150  157.20413040
  0.2160  154.99324974
  0.2170  152.75457836
  0.2180  150.48887838
  0.2190  148.19691933
  0.2200  145.87947780
  0.2210  143.53733718
  0.2220  141.17128730
  0.2230  138.78212415
  0.2240  136.37064954
  0.2250  133.93767082
  0.2260  131.48400050
  0.2270  129.01045600
  0.2280  126.51785928
  0.2290  124.00703656
  0.2300  121.47881795
  0.2310  118.93403720
  0.2320  116.37353130
  0.2330  113.79814021
  0.2340  111.20870655
  0.2350  108.60607523
  0.2360  105.99109316
  0.2370  103.36460895
  0.2380  100.72747256
  0.2390  98.08053500
  0.2400  95.42464801
  0.2410  92.76066375
  0.2420  90.08943450
  0.2430  87.41181232
  0.2440  84.72864879
  0.2450  82.04079469
  0.2460  79.34909966
  0.2470  76.65441200
  0.2480  73.95757831
  0.2490  71.25944321
  0.2500  68.56084914
  0.2510  65.86263601
  0.2520  63.16564104
  0.2530  60.47069846
  0.2540  57.77863935
  0.2550  55.09029144
  0.2560  52.40647896
  0.2570  49.72802258
  0.2580  47.05573934
  0.2590  44.39044276
  0.2600  41.73294299
  0.2610  39.08404723
  0.2620  36.44456039
  0.2630  33.81528619
  0.2640  31.19702891
  0.2650  28.59059621
  0.2660  25.99680378
  0.2670  23.41648305
  0.2680  20.85049473
  0.2690  18.29975341
  0.2700  15.76527559
  0.2710  13.24828147
  0.2720  10.75043580
  0.2730  8.27451369
  0.2740  5.82671988
  0.2750  3.42867736
  0.2760  1.26742190
  0.2770  1.79293886
  0.2780  4.03517111
  0.2790  6.36414543
  0.2800  8.69232587
  0.2810  11.00540634
  0.2820  13.29869001
  0.2830  15.56993228
  0.2840  17.81775317
  0.2850  20.04114567
  0.2860  22.23928889
  0.2870  24.41146625
  0.2880  26.55702588
  0.2890  28.67535982
  0.2900  30.76589240
  0.2910  32.82807344
  0.2920  34.86137411
  0.2930  36.86528435
  0.2940  38.83931115
  0.2950  40.78297746
  0.2960  42.69582147
  0.2970  44.57739609
  0.2980  46.42726863
  0.2990  48.24502060
  0.3000  50.03024754
  0.3010  51.78255891
  0.3020  53.50157810
  0.3030  55.18694234
  0.3040  56.83830271
  0.3050  58.45532414
  0.3060  60.03768542
  0.3070  61.58507922
  0.3080  63.09721209
  0.3090  64.57380448
  0.3100  66.01459078
  0.3110  67.41931929
  0.3120  68.78775228
  0.3130  70.11966597
  0.3140  71.41485055
  0.3150  72.67311015
  0.3160  73.89426290
  0.3170  75.07814086
  0.3180  76.22459006
  0.3190  77.33347044
  0.3200  78.40465587
  0.3210  79.43803410
  0.3220  80.43350674
  0.3230  81.39098923
  0.3240  82.31041078
  0.3250  83.19171437
  0.3260  84.03485664
  0.3270  84.83980789
  0.3280  85.60655199
  0.3290  86.33508634
  0.3300  87.02542177
  0.3310  87.67758250
  0.3320  88.29160605
  0.3330  88.86754314
  0.3340  89.40545762
  0.3350  89.90542640
  0.3360  90.36753929
  0.3370  90.79189898
  0.3380  91.17862086
  0.3390  91.52783297
  0.3400  91.83967583
  0.3410  92.11430239
  0.3420  92.35187783
  0.3430  92.55257950
  0.3440  92.71659675
  0.3450  92.84413079
  0.3460  92.93539461
  0.3470  92.99061275
  0.3480  93.01002122
  0.3490  92.99386734
  0.3500  92.94240956
  0.3510  92.85591731
  0.3520  92.73467086
  0.3530  92.57896115
  0.3540  92.38908959
  0.3550  92.16536796
  0.3560  91.90811814
  0.3570  91.61767202
  0.3580  91.29437127
  0.3590  90.93856719
  0.3600  90.55062048
  0.3610  90.13090110
  0.3620  89.67978807
  0.3630  89.19766923
  0.3640  88.68494111
  0.3650  88.14200870
  0.3660  87.56928524
  0.3670  86.96719204
  0.3680  86.33615826
  0.3690  85.67662073
  0.3700  84.98902369
  0.3710  84.27381864
  0.3720  83.53146410
  0.3730  82.76242536
  0.3740  81.96717437
  0.3750  81.14618939
  0.3760  80.29995489
  0.3770  79.42896126
  0.3780  78.53370463
  0.3790  77.61468660
  0.3800  76.67241409
  0.3810  75.70739906
  0.3820  74.72015831
  0.3830  73.71121325
  0.3840  72.68108969
  0.3850  71.63031760
  0.3860  70.55943090
  0.3870  69.46896722
  0.3880  68.35946767
  0.3890  67.23147665
  0.3900  66.08554159
  0.3910  64.92221275
  0.3920  63.74204298
  0.3930  62.54558749
  0.3940  61.33340367
  0.3950  60.10605080
  0.3960  58.86408989
  0.3970  57.60808343
  0.3980  56.33859518
  0.3990  55.05618994
  0.4000  53.76143335
  0.4010  52.45489166
  0.4020  51.13713153
  0.4030  49.80871981
  0.4040  48.47022335
  0.4050  47.12220876
  0.4060  45.76524223
  0.4070  44.39988934
  0.4080  43.02671483
  0.4090  41.64628246
  0.4100  40.25915478
  0.4110  38.86589295
  0.4120  37.46705663
  0.4130  36.06320373
  0.4140  34.65489034
  0.4150  33.24267055
  0.4160  31.82709633
  0.4170  30.40871749
  0.4180  28.98808154
  0.4190  27.56573375
  0.4200  26.14221715
  0.4210  24.71807264
  0.4220  23.29383924
  0.4230  21.87005449
  0.4240  20.44725505
  0.4250  19.02597769
  0.4260  17.60676080
  0.4270  16.19014686
  0.4280  14.77668618
  0.4290  13.36694335
  0.4300  11.96150801
  0.4310  10.56101425
  0.4320  9.16617757
  0.4330  7.77787082
  0.4340  6.39729694
  0.4350  5.02644040
  0.4360  3.66950683
  0.4370  2.33923760
  0.4380  1.10759672
  0.4390  0.81631798
  0.4400  1.92959923
  0.4410  3.21340921
  0.4420  4.51647617
  0.4430  5.81905430
  0.4440  7.11555785
  0.4450  8.40362968
  0.4460  9.68197528
  0.4470  10.94973588
  0.4480  12.20626077
  0.4490  13.45101085
  0.4500  14.68351303
  0.4510  15.90333669
  0.4520  17.11008075
  0.4530  18.30336617
  0.4540  19.48283136
  0.4550  20.64812939
  0.4560  21.79892606
  0.4570  22.93489873
  0.4580  24.05573548
  0.4590  25.16113450
  0.4600  26.25080375
  0.4610  27.32446065
  0.4620  28.38183188
  0.4630  29.42265325
  0.4640  30.44666960
  0.4650  31.45363472
  0.4660  32.44331131
  0.4670  33.41547092
  0.4680  34.36989396
  0.4690  35.30636965
  0.4700  36.22469603
  0.4710  37.12467991
  0.4720  38.00613690
  0.4730  38.86889137
  0.4740  39.71277647
  0.4750  40.53763409
  0.4760  41.34331486
  0.4770  42.12967813
  0.4780  42.89659196
  0.4790  43.64393310
  0.4800  44.37158697
  0.4810  45.07944764
  0.4820  45.76741777
  0.4830  46.43540865
  0.4840  47.08334008
  0.4850  47.71114043
  0.4860  48.31874652
  0.4870  48.90610363
  0.4880  49.47316543
  0.4890  50.01989395
  0.4900  50.54625954
  0.4910  51.05224078
  0.4920  51.53782445
  0.4930  52.00300549
  0.4940  52.44778690
  0.4950  52.87217972
  0.4960  53.27620291
  0.4970  53.65988333
  0.4980  54.02325566
  0.4990  54.36636229
  0.5000  54.68925330
  0.5010  54.99198632
  0.5020  55.27462651
  0.5030  55.53724643
  0.5040  55.77992595
  0.5050  56.00275221
  0.5060  56.20581948
  0.5070  56.38922908
  0.5080  56.55308932
  0.5090  56.69751532
  0.5100  56.82262901
  0.5110  56.92855895
  0.5120  57.01544024
  0.5130  57.08341448
  0.5140  57.13262955
  0.5150  57.16323960
  0.5160  57.17540488
  0.5170  57.16929166
  0.5180  57.14507209
  0.5190  57.10292408
  0.5200  57.04303122
  0.5210  56.96558263
  0.5220  56.87077283
  0.5230  56.75880165
  0.5240  56.62987407
  0.5250  56.48420013
  0.5260  56.32199477
  0.5270  56.14347774
  0.5280  55.94887343
  0.5290  55.73841078
  0.5300  55.51232311
  0.5310  55.27084804
  0.5320  55.01422729
  0.5330  54.74270661
  0.5340  54.45653562
  0.5350  54.15596767
  0.5360  53.84125971
  0.5370  53.51267217
  0.5380  53.17046879
  0.5390  52.81491652
  0.5400  52.44628537
  0.5410  52.06484826
  0.5420  51.67088090
  0.5430  51.26466165
  0.5440  50.84647138
  0.5450  50.41659332
  0.5460  49.97531294
  0.5470  49.52291783
  0.5480  49.05969751
  0.5490  48.58594334
  0.5500  48.10194836
  0.5510  47.60800717
  0.5520  47.10441578
  0.5530  46.59147148
  0.5540  46.06947270
  0.5550  45.53871889
  0.5560  44.99951038
  0.5570  44.45214821
  0.5580  43.89693408
  0.5590  43.33417013
  0.5600  42.76415887
  0.5610  42.18720302
  0.5620  41.60360538
  0.5630  41.01366874
  0.5640  40.41769569
  0.5650  39.81598856
  0.5660  39.20884923
  0.5670  38.59657908
  0.5680  37.97947880
  0.5690  37.35784829
  0.5700  36.73198659
  0.5710  36.10219167
  0.5720  35.46876041
  0.5730  34.83198840
  0.5740  34.19216988
  0.5750  33.54959762
  0.5760  32.90456280
  0.5770  32.25735491
  0.5780  31.60826163
  0.5790  30.95756875
  0.5800  30.30556003
  0.5810  29.65251716
  0.5820  28.99871959
  0.5830  28.34444450
  0.5840  27.68996667
  0.5850  27.03555838
  0.5860  26.38148937
  0.5870  25.72802671
  0.5880  25.07543474
  0.5890  24.42397499
  0.5900  23.77390608
  0.5910  23.12548370
  0.5920  22.47896052
  0.5930  21.83458608
  0.5940  21.19260683
  0.5950  20.55326598
  0.5960  19.91680352
  0.5970  19.28345618
  0.5980  18.65345733
  0.5990  18.02703707
  0.6000  17.40442212
  0.6010  16.78583588
  0.6020  16.17149842
  0.6030  15.56162655
  0.6040  14.95643383
  0.6050  14.35613068
  0.6060  13.76092452
  0.6070  13.17101987
  0.6080  12.58661860
  0.6090  12.00792020
  0.6100  11.43512211
  0.6110  10.86842023
  0.6120  10.30800947
  0.6130  9.75408459
  0.6140  9.20684124
  0.6150  8.66647736
  0.6160  8.13319508
  0.6170  7.60720330
  0.6180  7.08872129
  0.6190  6.57798371
  0.6200  6.07524785
  0.6210  5.58080427
  0.6220  5.09499280
  0.6230  4.61822717
  0.6240  4.15103457
  0.6250  3.69412093
  0.6260  3.24848398
  0.6270  2.81561827
  0.6280  2.39790846
  0.6290  1.99943053
  0.6300  1.62768246
  0.6310  1.29743166
  0.6320  1.03840417
  0.6330  0.90167346
  0.6340  0.93087916
  0.6350  1.10367516
  0.6360  1.35912740
  0.6370  1.65340401
  0.6380  1.96412892
  0.6390  2.28032998
  0.6400  2.59633113
  0.6410  2.90898260
  0.6420  3.21641861
  0.6430  3.51747045
  0.6440  3.81137124
  0.6450  4.09759824
  0.6460  4.37578412
  0.6470  4.64566460
  0.6480  4.90704632
  0.6490  5.15978643
  0.6500  5.40377916
  0.6510  5.63894680
  0.6520  5.86523347
  0.6530  6.08260069
  0.6540  6.29102426
  0.6550  6.49049184
  0.6560  6.68100130
  0.6570  6.86255934
  0.6580  7.03518051
  0.6590  7.19888635
  0.6600  7.35370483
  0.6610  7.49966981
  0.6620  7.63682058
  0.6630  7.76520159
  0.6640  7.88486207
  0.6650  7.99585588
  0.6660  8.09824118
  0.6670  8.19208035
  0.6680  8.27743974
  0.6690  8.35438957
  0.6700  8.42300373
  0.6710  8.48335974
  0.6720  8.53553854
  0.6730  8.57962445
  0.6740  8.61570501
  0.6750  8.64387091
  0.6760  8.66421589
  0.6770  8.67683663
  0.6780  8.68183266
  0.6790  8.67930629
  0.6800  8.66936251
  0.6810  8.65210890
  0.6820  8.62765555
  0.6830  8.59611497
  0.6840  8.55760203
  0.6850  8.51223384
  0.6860  8.46012971
  0.6870  8.40141104
  0.6880  8.33620126
  0.6890  8.26462575
  0.6900  8.18681175
  0.6910  8.10288828
  0.6920  8.01298611
  0.6930  7.91723761
  0.6940  7.81577676
  0.6950  7.70873900
  0.6960  7.59626123
  0.6970  7.47848168
  0.6980  7.35553988
  0.6990  7.22757660
  0.7000  7.09473376
  0.7010  6.95715439
  0.7020  6.81498258
  0.7030  6.66836340
  0.7040  6.51744288
  0.7050  6.36236799
  0.7060  6.20328655
  0.7070  6.04034726
  0.7080  5.87369967
  0.7090  5.70349417
  0.7100  5.52988203
  0.7110  5.35301543
  0.7120  5.17304755
  0.7130  4.99013265
  0.7140  4.80442622
  0.7150  4.61608521
  0.7160  4.42526834
  0.7170  4.23213643
  0.7180  4.03685302
  0.7190  3.83958506
  0.7200  3.64050394
  0.7210  3.43978691
  0.7220  3.23761905
  0.7230  3.03419605
  0.7240  2.82972835
  0.7250  2.62444710
  0.7260  2.41861330
  0.7270  2.21253200
  0.7280  2.00657511
  0.7290  1.80121953
  0.7300  1.59711345
  0.7310  1.39519795
  0.7320  1.19694230
  0.7330  1.00482895
  0.7340  0.82341199
  0.7350  0.66167982
  0.7360  0.53764861
  0.7370  0.48111264
  0.7380  0.51433160
  0.7390  0.62254488
  0.7400  0.77435723
  0.7410  0.94848220
  0.7420  1.13411303
  0.7430  1.32585833
  0.7440  1.52085021
  0.7450  1.71743723
  0.7460  1.91459292
  0.7470  2.11163330
  0.7480  2.30807341
  0.7490  2.50354999
  0.7500  2.69777763
  0.7510  2.89052276
  0.7520  3.08158765
  0.7530  3.27080013
  0.7540  3.45800694
  0.7550  3.64306910
  0.7560  3.82585886
  0.7570  4.00625748
  0.7580  4.18415362
  0.7590  4.35944224
  0.7600  4.53202371
  0.7610  4.70180317
  0.7620  4.86869012
  0.7630  5.03259794
  0.7640  5.19344370
  0.7650  5.35114791
  0.7660  5.50563431
  0.7670  5.65682978
  0.7680  5.80466419
  0.7690  5.94907037
  0.7700  6.08998395
  0.7710  6.22734339
  0.7720  6.36108985
  0.7730  6.49116723
  0.7740  6.61752205
  0.7750  6.74010351
  0.7760  6.85886338
  0.7770  6.97375603
  0.7780  7.08473839
  0.7790  7.19176994
  0.7800  7.29481268
  0.7810  7.39383112
  0.7820  7.48879225
  0.7830  7.57966558
  0.7840  7.66642302
  0.7850  7.74903897
  0.7860  7.82749024
  0.7870  7.90175606
  0.7880  7.97181804
  0.7890  8.03766019
  0.7900  8.09926886
  0.7910  8.15663276
  0.7920  8.20974291
  0.7930  8.25859263
  0.7940  8.30317754
  0.7950  8.34349551
  0.7960  8.37954665
  0.7970  8.41133331
  0.7980  8.43886001
  0.7990  8.46213345
  0.8000  8.48116249
  0.8010  8.49595811
  0.8020  8.50653337
  0.8030  8.51290344
  0.8040  8.51508549
  0.8050  8.51309875
  0.8060  8.50696441
  0.8070  8.49670564
  0.8080  8.48234753
  0.8090  8.46391707
  0.8100  8.44144314
  0.8110  8.41495645
  0.8120  8.38448951
  0.8130  8.35007662
  0.8140  8.31175382
  0.8150  8.26955887
  0.8160  8.22353119
  0.8170  8.17371186
  0.8180  8.12014356
  0.8190  8.06287056
  0.8200  8.00193867
  0.8210  7.93739518
  0.8220  7.86928888
  0.8230  7.79766997
  0.8240  7.72259008
  0.8250  7.64410216
  0.8260  7.56226052
  0.8270  7.47712075
  0.8280  7.38873968
  0.8290  7.29717536
  0.8300  7.20248704
  0.8310  7.10473507
  0.8320  7.00398094
  0.8330  6.90028719
  0.8340  6.79371741
  0.8350  6.68433617
  0.8360  6.57220900
  0.8370  6.45740236
  0.8380  6.33998360
  0.8390  6.22002092
  0.8400  6.09758336
  0.8410  5.97274072
  0.8420  5.84556357
  0.8430  5.71612323
  0.8440  5.58449168
  0.8450  5.45074161
  0.8460  5.31494632
  0.8470  5.17717978
  0.8480  5.03751654
  0.8490  4.89603174
  0.8500  4.75280114
  0.8510  4.60790104
  0.8520  4.46140836
  0.8530  4.31340062
  0.8540  4.16395597
  0.8550  4.01315322
  0.8560  3.86107194
  0.8570  3.70779253
  0.8580  3.55339632
  0.8590  3.39796581
  0.8600  3.24158482
  0.8610  3.08433887
  0.8620  2.92631559
  0.8630  2.76760532
  0.8640  2.60830193
  0.8650  2.44850403
  0.8660  2.28831662
  0.8670  2.12785355
  0.8680  1.96724116
  0.8690  1.80662393
  0.8700  1.64617329
  0.8710  1.48610207
  0.8720  1.32668920
  0.8730  1.16832373
  0.8740  1.01158845
  0.8750  0.85742945
  0.8760  0.70752859
  0.8770  0.56519603
  0.8780  0.43765710
  0.8790  0.34147690
  0.8800  0.30702392
  0.8810  0.35221675
  0.8820  0.45325561
  0.8830  0.58119441
  0.8840  0.72137694
  0.8850  0.86743477
  0.8860  1.01641211
  0.8870  1.16678714
  0.8880  1.31769577
  0.8890  1.46860341
  0.8900  1.61915370
  0.8910  1.76909302
  0.8920  1.91823038
  0.8930  2.06641477
  0.8940  2.21352172
  0.8950  2.35944515
  0.8960  2.50409204
  0.8970  2.64737902
  0.8980  2.78923004
  0.8990  2.92957474
  0.9000  3.06834736
  0.9010  3.20548589
  0.9020  3.34093150
  0.9030  3.47462811
  0.9040  3.60652205
  0.9050  3.73656180
  0.9060  3.86469785
  0.9070  3.99088250
  0.9080  4.11506978
  0.9090  4.23721535
  0.9100  4.35727645
  0.9110  4.47521181
  0.9120  4.59098162
  0.9130  4.70454753
  0.9140  4.81587256
  0.9150  4.92492112
  0.9160  5.03165899
  0.9170  5.13605327
  0.9180  5.23807242
  0.9190  5.33768620
  0.9200  5.43486568
  0.9210  5.52958324
  0.9220  5.62181255
  0.9230  5.71152858
  0.9240  5.79870757
  0.9250  5.88332703
  0.9260  5.96536576
  0.9270  6.04480381
  0.9280  6.12162250
  0.9290  6.19580440
  0.9300  6.26733332
  0.9310  6.33619433
  0.9320  6.40237372
  0.9330  6.46585903
  0.9340  6.52663900
  0.9350  6.58470361
  0.9360  6.64004402
  0.9370  6.69265263
  0.9380  6.74252300
  0.9390  6.78964990
  0.9400  6.83402927
  0.9410  6.87565821
  0.9420  6.91453499
  0.9430  6.95065903
  0.9440  6.98403088
  0.9450  7.01465223
  0.9460  7.04252588
  0.9470  7.06765576
  0.9480  7.09004685
  0.9490  7.10970527
  0.9500  7.12663818
  0.9510  7.14085380
  0.9520  7.15236142
  0.9530  7.16117134
  0.9540  7.16729490
  0.9550  7.17074444
  0.9560  7.17153330
  0.9570  7.16967579
  0.9580  7.16518720
  0.9590  7.15808376
  0.9600  7.14838265
  0.9610  7.13610196
  0.9620  7.12126069
  0.9630  7.10387873
  0.9640  7.08397686
  0.9650  7.06157670
  0.9660  7.03670072
  0.9670  7.00937223
  0.9680  6.97961534
  0.9690  6.94745495
  0.9700  6.91291676
  0.9710  6.87602720
  0.9720  6.83681349
  0.9730  6.79530353
  0.9740  6.75152597
  0.9750  6.70551014
  0.9760  6.65728605
  0.9770  6.60688437
  0.9780  6.55433642
  0.9790  6.49967414
  0.9800  6.44293010
  0.9810  6.38413743
  0.9820  6.32332989
  0.9830  6.26054175
  0.9840  6.19580787
  0.9850  6.12916361
  0.9860  6.06064487
  0.9870  5.99028802
  0.9880  5.91812995
  0.9890  5.84420800
  0.9900  5.76855996
  0.9910  5.69122408
  0.9920  5.61223904
  0.9930  5.53164392
  0.9940  5.44947824
  0.9950  5.36578188
  0.9960  5.28059513
  0.9970  5.19395865
  0.9980  5.10591347
  0.9990  5.01650101
