  0.0000  52.21729869
  0.0010  52.18599349
  0.0020  52.09209099
  0.0030  51.93563036
  0.0040  51.71667691
  0.0050  51.43532205
  0.0060  51.09168322
  0.0070  50.68590385
  0.0080  50.21815332
  0.0090  49.68862688
  0.0100  49.09754558
  0.0110  48.44515614
  0.0120  47.73173090
  0.0130  46.95756767
  0.0140  46.12298962
  0.0150  45.22834515
  0.0160  44.27400776
  0.0170  43.26037587
  0.0180  42.18787268
  0.0190  41.05694601
  0.0200  39.86806808
  0.0210  38.62173538
  0.0220  37.31846845
  0.0230  35.95881170
  0.0240  34.54333321
  0.0250  33.07262453
  0.0260  31.54730051
  0.0270  29.96799913
  0.0280  28.33538136
  0.0290  26.65013107
  0.0300  24.91295501
  0.0310  23.12458297
  0.0320  21.28576817
  0.0330  19.39728808
  0.0340  17.45994607
  0.0350  15.47457479
  0.0360  13.44204307
  0.0370  11.36327134
  0.0380  9.23926991
  0.0390  7.07125122
  0.0400  4.86105860
  0.0410  2.61385519
  0.0420  0.43636882
  0.0430  2.06846534
  0.0440  4.43428766
  0.0450  6.84841147
  0.0460  9.30263927
  0.0470  11.79464617
  0.0480  14.32297761
  0.0490  16.88640620
  0.0500  19.48377857
  0.0510  22.11396603
  0.0520  24.77584546
  0.0530  27.46829101
  0.0540  30.19017021
  0.0550  32.94034220
  0.0560  35.71765681
  0.0570  38.52095430
  0.0580  41.34906536
  0.0590  44.20081131
  0.0600  47.07500433
  0.0610  49.97044789
  0.0620  52.88593710
  0.0630  55.82025919
  0.0640  58.77219394
  0.0650  61.74051419
  0.0660  64.72398629
  0.0670  67.72137063
  0.0680  70.73142217
  0.0690  73.75289088
  0.0700  76.78452234
  0.0710  79.82505820
  0.0720  82.87323673
  0.0730  85.92779338
  0.0740  88.98746123
  0.0750  92.05097160
  0.0760  95.11705454
  0.0770  98.18443938
  0.0780  101.25185525
  0.0790  104.31803161
  0.0800  107.38169881
  0.0810  110.44158859
  0.0820  113.49643465
  0.0830  116.54497312
  0.0840  119.58594316
  0.0850  122.61808744
  0.0860  125.64015269
  0.0870  128.65089019
  0.0880  131.64905634
  0.0890  134.63341314
  0.0900  137.60272872
  0.0910  140.55577786
  0.0920  143.49134249
  0.0930  146.40821218
  0.0940  149.30518469
  0.0950  152.18106640
  0.0960  155.03467286
  0.0970  157.86482926
  0.0980  160.67037091
  0.0990  163.45014372
  0.1000  166.20300468
  0.1010  168.92782232
  0.1020  171.62347718
  0.1030  174.28886227
  0.1040  176.92288351
  0.1050  179.52446018
  0.1060  182.09252539
  0.1070  184.62602643
  0.1080  187.12392530
  0.1090  189.58519903
  0.1100  192.00884018
  0.1110  194.39385718
  0.1120  196.73927474
  0.1130  199.04413427
  0.1140  201.30749422
  0.1150  203.52843047
  0.1160  205.70603671
  0.1170  207.83942476
  0.1180  209.92772496
  0.1190  211.97008649
  0.1200  213.96567768
  0.1210  215.91368638
  0.1220  217.81332022
  0.1230  219.66380695
  0.1240  221.46439473
  0.1250  223.21435241
  0.1260  224.91296979
  0.1270  226.55955793
  0.1280  228.15344935
  0.1290  229.69399834
  0.1300  231.18058113
  0.1310  232.61259619
  0.1320  233.98946438
  0.1330  235.31062920
  0.1340  236.57555699
  0.1350  237.78373709
  0.1360  238.93468203
  0.1370  240.02792772
  0.1380  241.06303356
  0.1390  242.03958263
  0.1400  242.95718183
  0.1410  243.81546194
  0.1420  244.61407783
  0.1430  245.35270850
  0.1440  246.03105719
  0.1450  246.64885148
  0.1460  247.20584334
  0.1470  247.70180924
  0.1480  248.13655014
  0.1490  248.50989158
  0.1500  248.82168369
  0.1510  249.07180123
  0.1520  249.26014360
  0.1530  249.38663482
  0.1540  249.45122356
  0.1550  249.45388308
  0.1560  249.39461122
  0.1570  249.27343039
  0.1580  249.09038748
  0.1590  248.84555380
  0.1600  248.53902505
  0.1610  248.17092121
  0.1620  247.74138646
  0.1630  247.25058910
  0.1640  246.69872140
  0.1650  246.08599953
  0.1660  245.41266339
  0.1670  244.67897651
  0.1680  243.88522590
  0.1690  243.03172186
  0.1700  242.11879786
  0.1710  241.14681033
  0.1720  240.11613852
  0.1730  239.02718426
  0.1740  237.88037181
  0.1750  236.67614759
  0.1760  235.41498003
  0.1770  234.09735931
  0.1780  232.72379712
  0.1790  231.29482642
  0.1800  229.81100122
  0.1810  228.27289628
  0.1820  226.68110686
  0.1830  225.03624848
  0.1840  223.33895656
  0.1850  221.58988621
  0.1860  219.78971188
  0.1870  217.93912711
  0.1880  216.03884415
  0.1890  214.08959369
  0.1900  212.09212454
  0.1910  210.04720326
  0.1920  207.95561385
  0.1930  205.81815740
  0.1940  203.63565175
  0.1950  201.40893111
  0.1960  199.13884571
  0.1970  196.82626143
  0.1980  194.47205943
  0.1990  192.07713576
  0.2000  189.64240097
  0.2010  187.16877976
  0.2020  184.65721053
  0.2030  182.10864501
  0.2040  179.52404783
  0.2050  176.90439616
  0.2060  174.25067923
  0.2070  171.56389797
  0.2080  168.84506454
  0.2090  166.09520194
  0.2100  163.31534356
  0.2110  160.50653273
  0.2120  157.66982231
  0.2130  154.80627426
  0.2140  151.91695916
  0.2150  149.00295576
  0.2160  146.06535056
  0.2170  143.10523737
  0.2180  140.12371679
  0.2190  137.12189582
  0.2200  134.10088735
  0.2210  131.06180975
  0.2220  128.00578634
  0.2230  124.93394501
  0.2240  121.84741768
  0.2250  118.74733985
  0.2260  115.63485017
  0.2270  112.51108993
  0.2280  109.37720260
  0.2290  106.23433338
  0.2300  103.08362870
  0.2310  99.92623577
  0.2320  96.76330210
  0.2330  93.59597506
  0.2340  90.42540135
  0.2350  87.25272660
  0.2360  84.07909485
  0.2370  80.90564813
  0.2380  77.73352596
  0.2390  74.56386491
  0.2400  71.39779813
  0.2410  68.23645489
  0.2420  65.08096015
  0.2430  61.93243409
  0.2440  58.79199166
  0.2450  55.66074218
  0.2460  52.53978884
  0.2470  49.43022834
  0.2480  46.33315045
  0.2490  43.24963763
  0.2500  40.18076461
  0.2510  37.12759813
  0.2520  34.09119658
  0.2530  31.07260980
  0.2540  28.07287906
  0.2550  25.09303714
  0.2560  22.13410902
  0.2570  19.19711341
  0.2580  16.28306627
  0.2590  13.39298944
  0.2600  10.52793355
  0.2610  7.68905157
  0.2620  4.87792474
  0.2630  2.09945994
  0.2640  0.70599076
  0.2650  3.40396886
  0.2660  6.09752320
  0.2670  8.76182362
  0.2680  11.39458089
  0.2690  13.99460911
  0.2700  16.56095523
  0.2710  19.09274943
  0.2720  21.58916462
  0.2730  24.04940239
  0.2740  26.47268735
  0.2750  28.85826466
  0.2760  31.20539889
  0.2770  33.51337354
  0.2780  35.78149079
  0.2790  38.00907155
  0.2800  40.19545549
  0.2810  42.34000119
  0.2820  44.44208626
  0.2830  46.50110753
  0.2840  48.51648121
  0.2850  50.48764309
  0.2860  52.41404864
  0.2870  54.29517327
  0.2880  56.13051242
  0.2890  57.91958173
  0.2900  59.66191720
  0.2910  61.35707531
  0.2920  63.00463318
  0.2930  64.60418862
  0.2940  66.15536032
  0.2950  67.65778789
  0.2960  69.11113200
  0.2970  70.51507441
  0.2980  71.86931808
  0.2990  73.17358722
  0.3000  74.42762733
  0.3010  75.63120526
  0.3020  76.78410922
  0.3030  77.88614883
  0.3040  78.93715511
  0.3050  79.93698048
  0.3060  80.88549876
  0.3070  81.78260517
  0.3080  82.62821626
  0.3090  83.42226989
  0.3100  84.16472522
  0.3110  84.85556257
  0.3120  85.49478344
  0.3130  86.08241038
  0.3140  86.61848690
  0.3150  87.10307742
  0.3160  87.53626712
  0.3170  87.91816183
  0.3180  88.24888792
  0.3190  88.52859217
  0.3200  88.75744160
  0.3210  88.93562335
  0.3220  89.06334450
  0.3230  89.14083190
  0.3240  89.16833200
  0.3250  89.14611067
  0.3260  89.07445299
  0.3270  88.95366303
  0.3280  88.78406371
  0.3290  88.56599648
  0.3300  88.29982118
  0.3310  87.98591575
  0.3320  87.62467602
  0.3330  87.21651545
  0.3340  86.76186487
  0.3350  86.26117222
  0.3360  85.71490226
  0.3370  85.12353635
  0.3380  84.48757210
  0.3390  83.80752312
  0.3400  83.08391872
  0.3410  82.31730359
  0.3420  81.50823752
  0.3430  80.65729508
  0.3440  79.76506527
  0.3450  78.83215125
  0.3460  77.85916998
  0.3470  76.84675191
  0.3480  75.79554060
  0.3490  74.70619243
  0.3500  73.57937623
  0.3510  72.41577295
  0.3520  71.21607528
  0.3530  69.98098732
  0.3540  68.71122421
  0.3550  67.40751178
  0.3560  66.07058617
  0.3570  64.70119349
  0.3580  63.30008943
  0.3590  61.86803893
  0.3600  60.40581573
  0.3610  58.91420211
  0.3620  57.39398843
  0.3630  55.84597279
  0.3640  54.27096070
  0.3650  52.66976465
  0.3660  51.04320377
  0.3670  49.39210349
  0.3680  47.71729515
  0.3690  46.01961567
  0.3700  44.29990721
  0.3710  42.55901684
  0.3720  40.79779620
  0.3730  39.01710125
  0.3740  37.21779199
  0.3750  35.40073223
  0.3760  33.56678944
  0.3770  31.71683464
  0.3780  29.85174246
  0.3790  27.97239136
  0.3800  26.07966404
  0.3810  24.17444837
  0.3820  22.25763897
  0.3830  20.33013981
  0.3840  18.39286890
  0.3850  16.44676652
  0.3860  14.49281049
  0.3870  12.53204623
  0.3880  10.56565111
  0.3890  8.59508795
  0.3900  6.62253433
  0.3910  4.65240442
  0.3920  2.69950723
  0.3930  0.90715962
  0.3940  1.50855112
  0.3950  3.41413447
  0.3960  5.38162922
  0.3970  7.36047059
  0.3980  9.34188785
  0.3990  11.32266273
  0.4000  13.30100933
  0.4010  15.27565030
  0.4020  17.24552877
  0.4030  19.20969838
  0.4040  21.16727509
  0.4050  23.11741382
  0.4060  25.05929629
  0.4070  26.99212425
  0.4080  28.91511565
  0.4090  30.82750236
  0.4100  32.72852872
  0.4110  34.61745080
  0.4120  36.49353589
  0.4130  38.35606222
  0.4140  40.20431888
  0.4150  42.03760577
  0.4160  43.85523366
  0.4170  45.65652426
  0.4180  47.44081035
  0.4190  49.20743593
  0.4200  50.95575634
  0.4210  52.68513843
  0.4220  54.39496073
  0.4230  56.08461361
  0.4240  57.75349945
  0.4250  59.40103280
  0.4260  61.02664055
  0.4270  62.62976207
  0.4280  64.20984943
  0.4290  65.76636745
  0.4300  67.29879396
  0.4310  68.80661986
  0.4320  70.28934931
  0.4330  71.74649983
  0.4340  73.17760246
  0.4350  74.58220186
  0.4360  75.95985646
  0.4370  77.31013852
  0.4380  78.63263429
  0.4390  79.92694408
  0.4400  81.19268236
  0.4410  82.42947786
  0.4420  83.63697365
  0.4430  84.81482720
  0.4440  85.96271048
  0.4450  87.08031000
  0.4460  88.16732688
  0.4470  89.22347690
  0.4480  90.24849056
  0.4490  91.24211309
  0.4500  92.20410454
  0.4510  93.13423972
  0.4520  94.03230832
  0.4530  94.89811485
  0.4540  95.73147869
  0.4550  96.53223410
  0.4560  97.30023018
  0.4570  98.03533087
  0.4580  98.73741499
  0.4590  99.40637613
  0.4600  100.04212270
  0.4610  100.64457784
  0.4620  101.21367943
  0.4630  101.74938000
  0.4640  102.25164670
  0.4650  102.72046125
  0.4660  103.15581986
  0.4670  103.55773316
  0.4680  103.92622613
  0.4690  104.26133803
  0.4700  104.56312228
  0.4710  104.83164641
  0.4720  105.06699190
  0.4730  105.26925414
  0.4740  105.43854229
  0.4750  105.57497914
  0.4760  105.67870101
  0.4770  105.74985765
  0.4780  105.78861203
  0.4790  105.79514029
  0.4800  105.76963153
  0.4810  105.71228767
  0.4820  105.62332333
  0.4830  105.50296563
  0.4840  105.35145402
  0.4850  105.16904015
  0.4860  104.95598767
  0.4870  104.71257203
  0.4880  104.43908032
  0.4890  104.13581107
  0.4900  103.80307404
  0.4910  103.44119005
  0.4920  103.05049074
  0.4930  102.63131840
  0.4940  102.18402571
  0.4950  101.70897556
  0.4960  101.20654080
  0.4970  100.67710404
  0.4980  100.12105740
  0.4990  99.53880227
  0.5000  98.93074911
  0.5010  98.29731717
  0.5020  97.63893424
  0.5030  96.95603645
  0.5040  96.24906797
  0.5050  95.51848079
  0.5060  94.76473444
  0.5070  93.98829573
  0.5080  93.18963852
  0.5090  92.36924340
  0.5100  91.52759749
  0.5110  90.66519412
  0.5120  89.78253256
  0.5130  88.88011780
  0.5140  87.95846020
  0.5150  87.01807527
  0.5160  86.05948337
  0.5170  85.08320945
  0.5180  84.08978273
  0.5190  83.07973648
  0.5200  82.05360768
  0.5210  81.01193676
  0.5220  79.95526735
  0.5230  78.88414595
  0.5240  77.79912166
  0.5250  76.70074593
  0.5260  75.58957224
  0.5270  74.46615583
  0.5280  73.33105342
  0.5290  72.18482296
  0.5300  71.02802329
  0.5310  69.86121393
  0.5320  68.68495475
  0.5330  67.49980571
  0.5340  66.30632663
  0.5350  65.10507686
  0.5360  63.89661503
  0.5370  62.68149881
  0.5380  61.46028460
  0.5390  60.23352732
  0.5400  59.00178012
  0.5410  57.76559411
  0.5420  56.52551816
  0.5430  55.28209859
  0.5440  54.03587897
  0.5450  52.78739985
  0.5460  51.53719856
  0.5470  50.28580892
  0.5480  49.03376105
  0.5490  47.78158115
  0.5500  46.52979124
  0.5510  45.27890900
  0.5520  44.02944752
  0.5530  42.78191510
  0.5540  41.53681508
  0.5550  40.29464561
  0.5560  39.05589952
  0.5570  37.82106408
  0.5580  36.59062087
  0.5590  35.36504564
  0.5600  34.14480810
  0.5610  32.93037186
  0.5620  31.72219424
  0.5630  30.52072621
  0.5640  29.32641228
  0.5650  28.13969041
  0.5660  26.96099202
  0.5670  25.79074193
  0.5680  24.62935840
  0.5690  23.47725320
  0.5700  22.33483175
  0.5710  21.20249334
  0.5720  20.08063142
  0.5730  18.96963411
  0.5740  17.86988478
  0.5750  16.78176304
  0.5760  15.70564598
  0.5770  14.64191006
  0.5780  13.59093370
  0.5790  12.55310122
  0.5800  11.52880856
  0.5810  10.51847218
  0.5820  9.52254295
  0.5830  8.54152897
  0.5840  7.57603439
  0.5850  6.62682920
  0.5860  5.69498261
  0.5870  4.78213912
  0.5880  3.89114994
  0.5890  3.02772059
  0.5900  2.20554122
  0.5910  1.46639892
  0.5920  0.97066555
  0.5930  1.07589698
  0.5940  1.64750917
  0.5950  2.35174963
  0.5960  3.08639132
  0.5970  3.82350731
  0.5980  4.55317883
  0.5990  5.27105253
  0.6000  5.97490310
  0.6010  6.66345585
  0.6020  7.33591329
  0.6030  7.99174055
  0.6040  8.63055856
  0.6050  9.25208698
  0.6060  9.85611170
  0.6070  10.44246549
  0.6080  11.01101592
  0.6090  11.56165760
  0.6100  12.09430696
  0.6110  12.60889872
  0.6120  13.10538340
  0.6130  13.58372546
  0.6140  14.04390203
  0.6150  14.48590186
  0.6160  14.90972459
  0.6170  15.31538009
  0.6180  15.70288803
  0.6190  16.07227740
  0.6200  16.42358626
  0.6210  16.75686138
  0.6220  17.07215800
  0.6230  17.36953964
  0.6240  17.64907785
  0.6250  17.91085205
  0.6260  18.15494935
  0.6270  18.38146438
  0.6280  18.59049910
  0.6290  18.78216272
  0.6300  18.95657148
  0.6310  19.11384855
  0.6320  19.25412385
  0.6330  19.37753395
  0.6340  19.48422190
  0.6350  19.57433710
  0.6360  19.64803517
  0.6370  19.70547781
  0.6380  19.74683265
  0.6390  19.77227312
  0.6400  19.78197834
  0.6410  19.77613292
  0.6420  19.75492692
  0.6430  19.71855559
  0.6440  19.66721935
  0.6450  19.60112357
  0.6460  19.52047849
  0.6470  19.42549902
  0.6480  19.31640467
  0.6490  19.19341936
  0.6500  19.05677130
  0.6510  18.90669287
  0.6520  18.74342044
  0.6530  18.56719426
  0.6540  18.37825833
  0.6550  18.17686025
  0.6560  17.96325105
  0.6570  17.73768512
  0.6580  17.50042002
  0.6590  17.25171636
  0.6600  16.99183766
  0.6610  16.72105024
  0.6620  16.43962305
  0.6630  16.14782757
  0.6640  15.84593765
  0.6650  15.53422940
  0.6660  15.21298109
  0.6670  14.88247296
  0.6680  14.54298719
  0.6690  14.19480770
  0.6700  13.83822011
  0.6710  13.47351161
  0.6720  13.10097087
  0.6730  12.72088795
  0.6740  12.33355427
  0.6750  11.93926252
  0.6760  11.53830665
  0.6770  11.13098189
  0.6780  10.71758473
  0.6790  10.29841309
  0.6800  9.87376639
  0.6810  9.44394584
  0.6820  9.00925474
  0.6830  8.56999906
  0.6840  8.12648810
  0.6850  7.67903556
  0.6860  7.22796109
  0.6870  6.77359242
  0.6880  6.31626863
  0.6890  5.85634497
  0.6900  5.39420028
  0.6910  4.93024873
  0.6920  4.46495897
  0.6930  3.99888679
  0.6940  3.53273352
  0.6950  3.06745724
  0.6960  2.60450073
  0.6970  2.14630524
  0.6980  1.69761599
  0.6990  1.26933952
  0.7000  0.89194105
  0.7010  0.65944774
  0.7020  0.72672975
  0.7030  1.03602964
  0.7040  1.43791003
  0.7050  1.87268127
  0.7060  2.32090693
  0.7070  2.77505280
  0.7080  3.23161067
  0.7090  3.68868299
  0.7100  4.14510966
  0.7110  4.60010558
  0.7120  5.05309289
  0.7130  5.50361651
  0.7140  5.95129842
  0.7150  6.39581158
  0.7160  6.83686437
  0.7170  7.27419079
  0.7180  7.70754428
  0.7190  8.13669351
  0.7200  8.56141966
  0.7210  8.98151440
  0.7220  9.39677859
  0.7230  9.80702124
  0.7240  10.21205887
  0.7250  10.61171494
  0.7260  11.00581951
  0.7270  11.39420890
  0.7280  11.77672554
  0.7290  12.15321780
  0.7300  12.52353980
  0.7310  12.88755143
  0.7320  13.24511818
  0.7330  13.59611116
  0.7340  13.94040701
  0.7350  14.27788790
  0.7360  14.60844146
  0.7370  14.93196081
  0.7380  15.24834453
  0.7390  15.55749660
  0.7400  15.85932643
  0.7410  16.15374883
  0.7420  16.44068398
  0.7430  16.72005743
  0.7440  16.99180005
  0.7450  17.25584806
  0.7460  17.51214296
  0.7470  17.76063151
  0.7480  18.00126574
  0.7490  18.23400284
  0.7500  18.45880524
  0.7510  18.67564046
  0.7520  18.88448114
  0.7530  19.08530499
  0.7540  19.27809472
  0.7550  19.46283801
  0.7560  19.63952745
  0.7570  19.80816053
  0.7580  19.96873951
  0.7590  20.12127142
  0.7600  20.26576798
  0.7610  20.40224553
  0.7620  20.53072497
  0.7630  20.65123171
  0.7640  20.76379556
  0.7650  20.86845069
  0.7660  20.96523554
  0.7670  21.05419273
  0.7680  21.13536902
  0.7690  21.20881518
  0.7700  21.27458595
  0.7710  21.33273991
  0.7720  21.38333942
  0.7730  21.42645053
  0.7740  21.46214290
  0.7750  21.49048966
  0.7760  21.51156738
  0.7770  21.52545590
  0.7780  21.53223834
  0.7790  21.53200088
  0.7800  21.52483275
  0.7810  21.51082611
  0.7820  21.49007592
  0.7830  21.46267988
  0.7840  21.42873830
  0.7850  21.38835402
  0.7860  21.34163229
  0.7870  21.28868069
  0.7880  21.22960898
  0.7890  21.16452908
  0.7900  21.09355488
  0.7910  21.01680220
  0.7920  20.93438865
  0.7930  20.84643357
  0.7940  20.75305787
  0.7950  20.65438401
  0.7960  20.55053582
  0.7970  20.44163843
  0.7980  20.32781823
  0.7990  20.20920266
  0.8000  20.08592021
  0.8010  19.95810030
  0.8020  19.82587315
  0.8030  19.68936974
  0.8040  19.54872167
  0.8050  19.40406113
  0.8060  19.25552074
  0.8070  19.10323352
  0.8080  18.94733279
  0.8090  18.78795206
  0.8100  18.62522498
  0.8110  18.45928526
  0.8120  18.29026656
  0.8130  18.11830244
  0.8140  17.94352629
  0.8150  17.76607123
  0.8160  17.58607006
  0.8170  17.40365518
  0.8180  17.21895854
  0.8190  17.03211154
  0.8200  16.84324500
  0.8210  16.65248908
  0.8220  16.45997323
  0.8230  16.26582612
  0.8240  16.07017559
  0.8250  15.87314860
  0.8260  15.67487118
  0.8270  15.47546836
  0.8280  15.27506414
  0.8290  15.07378144
  0.8300  14.87174205
  0.8310  14.66906658
  0.8320  14.46587445
  0.8330  14.26228381
  0.8340  14.05841151
  0.8350  13.85437310
  0.8360  13.65028276
  0.8370  13.44625325
  0.8380  13.24239594
  0.8390  13.03882073
  0.8400  12.83563601
  0.8410  12.63294870
  0.8420  12.43086415
  0.8430  12.22948616
  0.8440  12.02891694
  0.8450  11.82925710
  0.8460  11.63060561
  0.8470  11.43305980
  0.8480  11.23671533
  0.8490  11.04166618
  0.8500  10.84800463
  0.8510  10.65582123
  0.8520  10.46520483
  0.8530  10.27624252
  0.8540  10.08901962
  0.8550  9.90361973
  0.8560  9.72012462
  0.8570  9.53861430
  0.8580  9.35916700
  0.8590  9.18185912
  0.8600  9.00676525
  0.8610  8.83395818
  0.8620  8.66350885
  0.8630  8.49548638
  0.8640  8.32995807
  0.8650  8.16698934
  0.8660  8.00664379
  0.8670  7.84898317
  0.8680  7.69406735
  0.8690  7.54195437
  0.8700  7.39270037
  0.8710  7.24635967
  0.8720  7.10298466
  0.8730  6.96262589
  0.8740  6.82533203
  0.8750  6.69114984
  0.8760  6.56012419
  0.8770  6.43229806
  0.8780  6.30771251
  0.8790  6.18640670
  0.8800  6.06841784
  0.8810  5.95378119
  0.8820  5.84253009
  0.8830  5.73469589
  0.8840  5.63030794
  0.8850  5.52939359
  0.8860  5.43197817
  0.8870  5.33808495
  0.8880  5.24773509
  0.8890  5.16094768
  0.8900  5.07773963
  0.8910  4.99812570
  0.8920  4.92211840
  0.8930  4.84972801
  0.8940  4.78096252
  0.8950  4.71582756
  0.8960  4.65432641
  0.8970  4.59645993
  0.8980  4.54222652
  0.8990  4.49162208
  0.9000  4.44464000
  0.9010  4.40127111
  0.9020  4.36150364
  0.9030  4.32532323
  0.9040  4.29271289
  0.9050  4.26365301
  0.9060  4.23812132
  0.9070  4.21609295
  0.9080  4.19754042
  0.9090  4.18243364
  0.9100  4.17073999
  0.9110  4.16242429
  0.9120  4.15744893
  0.9130  4.15577384
  0.9140  4.15735663
  0.9150  4.16215257
  0.9160  4.17011474
  0.9170  4.18119405
  0.9180  4.19533932
  0.9190  4.21249738
  0.9200  4.23261315
  0.9210  4.25562969
  0.9220  4.28148829
  0.9230  4.31012855
  0.9240  4.34148847
  0.9250  4.37550448
  0.9260  4.41211154
  0.9270  4.45124321
  0.9280  4.49283170
  0.9290  4.53680790
  0.9300  4.58310152
  0.9310  4.63164106
  0.9320  4.68235391
  0.9330  4.73516640
  0.9340  4.79000381
  0.9350  4.84679048
  0.9360  4.90544980
  0.9370  4.96590429
  0.9380  5.02807563
  0.9390  5.09188472
  0.9400  5.15725173
  0.9410  5.22409612
  0.9420  5.29233672
  0.9430  5.36189173
  0.9440  5.43267886
  0.9450  5.50461528
  0.9460  5.57761773
  0.9470  5.65160258
  0.9480  5.72648584
  0.9490  5.80218325
  0.9500  5.87861035
  0.9510  5.95568250
  0.9520  6.03331497
  0.9530  6.11142297
  0.9540  6.18992177
  0.9550  6.26872670
  0.9560  6.34775324
  0.9570  6.42691710
  0.9580  6.50613427
  0.9590  6.58532108
  0.9600  6.66439428
  0.9610  6.74327108
  0.9620  6.82186925
  0.9630  6.90010719
  0.9640  6.97790395
  0.9650  7.05517934
  0.9660  7.13185397
  0.9670  7.20784933
  0.9680  7.28308785
  0.9690  7.35749295
  0.9700  7.43098913
  0.9710  7.50350201
  0.9720  7.57495839
  0.9730  7.64528631
  0.9740  7.71441512
  0.9750  7.78227554
  0.9760  7.84879967
  0.9770  7.91392109
  0.9780  7.97757489
  0.9790  8.03969774
  0.9800  8.10022790
  0.9810  8.15910530
  0.9820  8.21627155
  0.9830  8.27167001
  0.9840  8.32524583
  0.9850  8.37694594
  0.9860  8.42671914
  0.9870  8.47451612
  0.9880  8.52028944
  0.9890  8.56399363
  0.9900  8.60558516
  0.9910  8.64502248
  0.9920  8.68226604
  0.9930  8.71727831
  0.9940  8.75002378
  0.9950  8.78046899
  0.9960  8.80858251
  0.9970  8.83433499
  0.9980  8.85769910
  0.9990  8.87864962
