  0.0000  64.79818717
  0.0010  64.76806596
  0.0020  64.67771579
  0.0030  64.52717703
  0.0040  64.31651693
  0.0050  64.04582962
  0.0060  63.71523602
  0.0070  63.32488381
  0.0080  62.87494735
  0.0090  62.36562759
  0.0100  61.79715197
  0.0110  61.16977431
  0.0120  60.48377469
  0.0130  59.73945930
  0.0140  58.93716029
  0.0150  58.07723564
  0.0160  57.16006892
  0.0170  56.18606916
  0.0180  55.15567062
  0.0190  54.06933256
  0.0200  52.92753907
  0.0210  51.73079877
  0.0220  50.47964461
  0.0230  49.17463356
  0.0240  47.81634638
  0.0250  46.40538733
  0.0260  44.94238384
  0.0270  43.42798624
  0.0280  41.86286743
  0.0290  40.24772254
  0.0300  38.58326863
  0.0310  36.87024428
  0.0320  35.10940930
  0.0330  33.30154433
  0.0340  31.44745043
  0.0350  29.54794878
  0.0360  27.60388021
  0.0370  25.61610486
  0.0380  23.58550174
  0.0390  21.51296837
  0.0400  19.39942038
  0.0410  17.24579117
  0.0420  15.05303162
  0.0430  12.82211005
  0.0440  10.55401258
  0.0450  8.24974503
  0.0460  5.91034064
  0.0470  3.53690105
  0.0480  1.13117247
  0.0490  1.31034666
  0.0500  3.77926793
  0.0510  6.27873780
  0.0520  8.80710586
  0.0530  11.36320016
  0.0540  13.94588497
  0.0550  16.55402502
  0.0560  19.18647867
  0.0570  21.84209615
  0.0580  24.51971940
  0.0590  27.21818216
  0.0600  29.93631040
  0.0610  32.67292275
  0.0620  35.42683099
  0.0630  38.19684061
  0.0640  40.98175128
  0.0650  43.78035745
  0.0660  46.59144886
  0.0670  49.41381107
  0.0680  52.24622605
  0.0690  55.08747271
  0.0700  57.93632746
  0.0710  60.79156473
  0.0720  63.65195755
  0.0730  66.51627811
  0.0740  69.38329828
  0.0750  72.25179014
  0.0760  75.12052661
  0.0770  77.98828187
  0.0780  80.85383202
  0.0790  83.71595555
  0.0800  86.57343387
  0.0810  89.42505189
  0.0820  92.26959852
  0.0830  95.10586720
  0.0840  97.93265639
  0.0850  100.74877017
  0.0860  103.55301867
  0.0870  106.34421863
  0.0880  109.12119386
  0.0890  111.88277580
  0.0900  114.62780396
  0.0910  117.35512643
  0.0920  120.06360037
  0.0930  122.75209248
  0.0940  125.41947946
  0.0950  128.06464851
  0.0960  130.68649773
  0.0970  133.28393665
  0.0980  135.85588661
  0.0990  138.40128122
  0.1000  140.91906680
  0.1010  143.40820280
  0.1020  145.86766221
  0.1030  148.29643199
  0.1040  150.69351344
  0.1050  153.05792260
  0.1060  155.38869068
  0.1070  157.68486437
  0.1080  159.94550626
  0.1090  162.16969518
  0.1100  164.35652656
  0.1110  166.50511275
  0.1120  168.61458342
  0.1130  170.68408578
  0.1140  172.71278502
  0.1150  174.69986452
  0.1160  176.64452620
  0.1170  178.54599078
  0.1180  180.40349811
  0.1190  182.21630739
  0.1200  183.98369746
  0.1210  185.70496703
  0.1220  187.37943496
  0.1230  189.00644046
  0.1240  190.58534332
  0.1250  192.11552416
  0.1260  193.59638458
  0.1270  195.02734739
  0.1280  196.40785679
  0.1290  197.73737853
  0.1300  199.01540012
  0.1310  200.24143093
  0.1320  201.41500236
  0.1330  202.53566799
  0.1340  203.60300370
  0.1350  204.61660778
  0.1360  205.57610102
  0.1370  206.48112686
  0.1380  207.33135143
  0.1390  208.12646364
  0.1400  208.86617525
  0.1410  209.55022093
  0.1420  210.17835834
  0.1430  210.75036808
  0.1440  211.26605384
  0.1450  211.72524231
  0.1460  212.12778325
  0.1470  212.47354951
  0.1480  212.76243695
  0.1490  212.99436448
  0.1500  213.16927402
  0.1510  213.28713046
  0.1520  213.34792159
  0.1530  213.35165810
  0.1540  213.29837346
  0.1550  213.18812390
  0.1560  213.02098826
  0.1570  212.79706797
  0.1580  212.51648690
  0.1590  212.17939129
  0.1600  211.78594959
  0.1610  211.33635238
  0.1620  210.83081218
  0.1630  210.26956338
  0.1640  209.65286202
  0.1650  208.98098567
  0.1660  208.25423326
  0.1670  207.47292488
  0.1680  206.63740162
  0.1690  205.74802538
  0.1700  204.80517865
  0.1710  203.80926433
  0.1720  202.76070550
  0.1730  201.65994518
  0.1740  200.50744615
  0.1750  199.30369067
  0.1760  198.04918025
  0.1770  196.74443540
  0.1780  195.38999540
  0.1790  193.98641796
  0.1800  192.53427905
  0.1810  191.03417254
  0.1820  189.48670995
  0.1830  187.89252018
  0.1840  186.25224916
  0.1850  184.56655961
  0.1860  182.83613069
  0.1870  181.06165768
  0.1880  179.24385170
  0.1890  177.38343937
  0.1900  175.48116243
  0.1910  173.53777750
  0.1920  171.55405566
  0.1930  169.53078211
  0.1940  167.46875588
  0.1950  165.36878940
  0.1960  163.23170819
  0.1970  161.05835048
  0.1980  158.84956683
  0.1990  156.60621978
  0.2000  154.32918346
  0.2010  152.01934320
  0.2020  149.67759516
  0.2030  147.30484594
  0.2040  144.90201219
  0.2050  142.47002022
  0.2060  140.00980557
  0.2070  137.52231266
  0.2080  135.00849434
  0.2090  132.46931154
  0.2100  129.90573279
  0.2110  127.31873386
  0.2120  124.70929736
  0.2130  122.07841225
  0.2140  119.42707352
  0.2150  116.75628170
  0.2160  114.06704248
  0.2170  111.36036627
  0.2180  108.63726778
  0.2190  105.89876561
  0.2200  103.14588180
  0.2210  100.37964145
  0.2220  97.60107225
  0.2230  94.81120408
  0.2240  92.01106857
  0.2250  89.20169869
  0.2260  86.38412832
  0.2270  83.55939183
  0.2280  80.72852363
  0.2290  77.89255780
  0.2300  75.05252759
  0.2310  72.20946509
  0.2320  69.36440074
  0.2330  66.51836294
  0.2340  63.67237763
  0.2350  60.82746788
  0.2360  57.98465347
  0.2370  55.14495048
  0.2380  52.30937089
  0.2390  49.47892218
  0.2400  46.65460690
  0.2410  43.83742231
  0.2420  41.02835996
  0.2430  38.22840533
  0.2440  35.43853742
  0.2450  32.65972839
  0.2460  29.89294323
  0.2470  27.13913938
  0.2480  24.39926645
  0.2490  21.67426596
  0.2500  18.96507122
  0.2510  16.27260741
  0.2520  13.59779219
  0.2530  10.94153773
  0.2540  8.30475716
  0.2550  5.68838961
  0.2560  3.09355182
  0.2570  0.52614097
  0.2580  2.03327623
  0.2590  4.55897335
  0.2600  7.06084067
  0.2610  9.53749182
  0.2620  11.98803202
  0.2630  14.41164546
  0.2640  16.80754720
  0.2650  19.17497226
  0.2660  21.51317234
  0.2670  23.82141471
  0.2680  26.09898190
  0.2690  28.34517163
  0.2700  30.55929691
  0.2710  32.74068621
  0.2720  34.88868361
  0.2730  37.00264904
  0.2740  39.08195848
  0.2750  41.12600413
  0.2760  43.13419462
  0.2770  45.10595524
  0.2780  47.04072809
  0.2790  48.93797228
  0.2800  50.79716408
  0.2810  52.61779714
  0.2820  54.39938260
  0.2830  56.14144928
  0.2840  57.84354377
  0.2850  59.50523065
  0.2860  61.12609253
  0.2870  62.70573024
  0.2880  64.24376289
  0.2890  65.73982802
  0.2900  67.19358164
  0.2910  68.60469837
  0.2920  69.97287147
  0.2930  71.29781297
  0.2940  72.57925363
  0.2950  73.81694312
  0.2960  75.01064995
  0.2970  76.16016156
  0.2980  77.26528434
  0.2990  78.32584363
  0.3000  79.34168375
  0.3010  80.31266799
  0.3020  81.23867857
  0.3030  82.11961668
  0.3040  82.95540240
  0.3050  83.74597471
  0.3060  84.49129139
  0.3070  85.19132902
  0.3080  85.84608289
  0.3090  86.45556695
  0.3100  87.01981369
  0.3110  87.53887411
  0.3120  88.01281758
  0.3130  88.44173176
  0.3140  88.82572248
  0.3150  89.16491362
  0.3160  89.45944699
  0.3170  89.70948218
  0.3180  89.91519643
  0.3190  90.07678448
  0.3200  90.19445839
  0.3210  90.26844740
  0.3220  90.29899774
  0.3230  90.28637246
  0.3240  90.23085121
  0.3250  90.13273010
  0.3260  89.99232144
  0.3270  89.80995357
  0.3280  89.58597063
  0.3290  89.32073233
  0.3300  89.01461373
  0.3310  88.66800499
  0.3320  88.28131116
  0.3330  87.85495190
  0.3340  87.38936123
  0.3350  86.88498729
  0.3360  86.34229205
  0.3370  85.76175106
  0.3380  85.14385318
  0.3390  84.48910025
  0.3400  83.79800686
  0.3410  83.07110005
  0.3420  82.30891898
  0.3430  81.51201468
  0.3440  80.68094970
  0.3450  79.81629783
  0.3460  78.91864379
  0.3470  77.98858291
  0.3480  77.02672081
  0.3490  76.03367308
  0.3500  75.01006495
  0.3510  73.95653099
  0.3520  72.87371475
  0.3530  71.76226846
  0.3540  70.62285265
  0.3550  69.45613589
  0.3560  68.26279439
  0.3570  67.04351170
  0.3580  65.79897835
  0.3590  64.52989155
  0.3600  63.23695482
  0.3610  61.92087768
  0.3620  60.58237530
  0.3630  59.22216820
  0.3640  57.84098189
  0.3650  56.43954655
  0.3660  55.01859676
  0.3670  53.57887112
  0.3680  52.12111200
  0.3690  50.64606524
  0.3700  49.15447985
  0.3710  47.64710775
  0.3720  46.12470357
  0.3730  44.58802435
  0.3740  43.03782942
  0.3750  41.47488024
  0.3760  39.89994026
  0.3770  38.31377494
  0.3780  36.71715175
  0.3790  35.11084037
  0.3800  33.49561301
  0.3810  31.87224489
  0.3820  30.24151509
  0.3830  28.60420772
  0.3840  26.96111368
  0.3850  25.31303329
  0.3860  23.66078007
  0.3870  22.00518642
  0.3880  20.34711222
  0.3890  18.68745820
  0.3900  17.02718713
  0.3910  15.36735895
  0.3920  13.70919123
  0.3930  12.05416912
  0.3940  10.40425861
  0.3950  8.76235626
  0.3960  7.13334444
  0.3970  5.52695192
  0.3980  3.96723784
  0.3990  2.53441272
  0.4000  1.59827813
  0.4010  2.01954015
  0.4020  3.30647399
  0.4030  4.80065608
  0.4040  6.35139475
  0.4050  7.92008835
  0.4060  9.49287956
  0.4070  11.06343055
  0.4080  12.62827495
  0.4090  14.18523159
  0.4100  15.73276557
  0.4110  17.26969774
  0.4120  18.79505981
  0.4130  20.30801661
  0.4140  21.80782194
  0.4150  23.29379221
  0.4160  24.76529007
  0.4170  26.22171395
  0.4180  27.66249110
  0.4190  29.08707292
  0.4200  30.49493176
  0.4210  31.88555860
  0.4220  33.25846150
  0.4230  34.61316441
  0.4240  35.94920633
  0.4250  37.26614071
  0.4260  38.56353499
  0.4270  39.84097029
  0.4280  41.09804113
  0.4290  42.33435528
  0.4300  43.54953363
  0.4310  44.74321008
  0.4320  45.91503150
  0.4330  47.06465766
  0.4340  48.19176119
  0.4350  49.29602759
  0.4360  50.37715520
  0.4370  51.43485518
  0.4380  52.46885150
  0.4390  53.47888097
  0.4400  54.46469317
  0.4410  55.42605051
  0.4420  56.36272817
  0.4430  57.27451412
  0.4440  58.16120909
  0.4450  59.02262654
  0.4460  59.85859268
  0.4470  60.66894638
  0.4480  61.45353922
  0.4490  62.21223537
  0.4500  62.94491163
  0.4510  63.65145732
  0.4520  64.33177428
  0.4530  64.98577680
  0.4540  65.61339157
  0.4550  66.21455759
  0.4560  66.78922615
  0.4570  67.33736071
  0.4580  67.85893687
  0.4590  68.35394225
  0.4600  68.82237644
  0.4610  69.26425089
  0.4620  69.67958880
  0.4630  70.06842506
  0.4640  70.43080613
  0.4650  70.76678991
  0.4660  71.07644567
  0.4670  71.35985390
  0.4680  71.61710620
  0.4690  71.84830516
  0.4700  72.05356424
  0.4710  72.23300760
  0.4720  72.38677003
  0.4730  72.51499674
  0.4740  72.61784325
  0.4750  72.69547526
  0.4760  72.74806844
  0.4770  72.77580836
  0.4780  72.77889024
  0.4790  72.75751888
  0.4800  72.71190841
  0.4810  72.64228218
  0.4820  72.54887258
  0.4830  72.43192085
  0.4840  72.29167691
  0.4850  72.12839917
  0.4860  71.94235439
  0.4870  71.73381745
  0.4880  71.50307117
  0.4890  71.25040613
  0.4900  70.97612051
  0.4910  70.68051982
  0.4920  70.36391678
  0.4930  70.02663108
  0.4940  69.66898917
  0.4950  69.29132412
  0.4960  68.89397533
  0.4970  68.47728841
  0.4980  68.04161491
  0.4990  67.58731214
  0.5000  67.11474297
  0.5010  66.62427557
  0.5020  66.11628329
  0.5030  65.59114434
  0.5040  65.04924167
  0.5050  64.49096269
  0.5060  63.91669909
  0.5070  63.32684661
  0.5080  62.72180485
  0.5090  62.10197701
  0.5100  61.46776970
  0.5110  60.81959274
  0.5120  60.15785890
  0.5130  59.48298373
  0.5140  58.79538531
  0.5150  58.09548404
  0.5160  57.38370244
  0.5170  56.66046492
  0.5180  55.92619756
  0.5190  55.18132794
  0.5200  54.42628484
  0.5210  53.66149812
  0.5220  52.88739845
  0.5230  52.10441712
  0.5240  51.31298583
  0.5250  50.51353648
  0.5260  49.70650094
  0.5270  48.89231091
  0.5280  48.07139763
  0.5290  47.24419175
  0.5300  46.41112308
  0.5310  45.57262041
  0.5320  44.72911132
  0.5330  43.88102199
  0.5340  43.02877696
  0.5350  42.17279901
  0.5360  41.31350890
  0.5370  40.45132525
  0.5380  39.58666429
  0.5390  38.71993974
  0.5400  37.85156258
  0.5410  36.98194092
  0.5420  36.11147976
  0.5430  35.24058090
  0.5440  34.36964271
  0.5450  33.49906000
  0.5460  32.62922382
  0.5470  31.76052134
  0.5480  30.89333568
  0.5490  30.02804576
  0.5500  29.16502613
  0.5510  28.30464684
  0.5520  27.44727333
  0.5530  26.59326622
  0.5540  25.74298125
  0.5550  24.89676909
  0.5560  24.05497527
  0.5570  23.21794002
  0.5580  22.38599815
  0.5590  21.55947898
  0.5600  20.73870620
  0.5610  19.92399780
  0.5620  19.11566594
  0.5630  18.31401692
  0.5640  17.51935105
  0.5650  16.73196266
  0.5660  15.95213998
  0.5670  15.18016514
  0.5680  14.41631419
  0.5690  13.66085706
  0.5700  12.91405763
  0.5710  12.17617385
  0.5720  11.44745783
  0.5730  10.72815616
  0.5740  10.01851016
  0.5750  9.31875649
  0.5760  8.62912783
  0.5770  7.94985411
  0.5780  7.28116414
  0.5790  6.62328835
  0.5800  5.97646303
  0.5810  5.34093738
  0.5820  4.71698564
  0.5830  4.10492930
  0.5840  3.50518028
  0.5850  2.91833271
  0.5860  2.34538075
  0.5870  1.78832146
  0.5880  1.25223551
  0.5890  0.75543015
  0.5900  0.40749855
  0.5910  0.56113955
  0.5920  0.98907811
  0.5930  1.45531310
  0.5940  1.92254064
  0.5950  2.38242117
  0.5960  2.83212747
  0.5970  3.27042744
  0.5980  3.69668741
  0.5990  4.11054119
  0.6000  4.51175872
  0.6010  4.90018691
  0.6020  5.27572025
  0.6030  5.63828508
  0.6040  5.98783065
  0.6050  6.32432375
  0.6060  6.64774536
  0.6070  6.95808847
  0.6080  7.25535659
  0.6090  7.53956271
  0.6100  7.81072861
  0.6110  8.06888426
  0.6120  8.31406743
  0.6130  8.54632332
  0.6140  8.76570434
  0.6150  8.97226983
  0.6160  9.16608590
  0.6170  9.34722523
  0.6180  9.51576691
  0.6190  9.67179632
  0.6200  9.81540495
  0.6210  9.94669030
  0.6220  10.06575573
  0.6230  10.17271035
  0.6240  10.26766888
  0.6250  10.35075150
  0.6260  10.42208382
  0.6270  10.48179663
  0.6280  10.53002590
  0.6290  10.56691254
  0.6300  10.59260240
  0.6310  10.60724603
  0.6320  10.61099864
  0.6330  10.60401992
  0.6340  10.58647397
  0.6350  10.55852911
  0.6360  10.52035782
  0.6370  10.47213656
  0.6380  10.41404569
  0.6390  10.34626931
  0.6400  10.26899517
  0.6410  10.18241450
  0.6420  10.08672194
  0.6430  9.98211539
  0.6440  9.86879591
  0.6450  9.74696756
  0.6460  9.61683737
  0.6470  9.47861515
  0.6480  9.33251344
  0.6490  9.17874736
  0.6500  9.01753460
  0.6510  8.84909525
  0.6520  8.67365178
  0.6530  8.49142898
  0.6540  8.30265389
  0.6550  8.10755579
  0.6560  7.90636619
  0.6570  7.69931887
  0.6580  7.48664990
  0.6590  7.26859781
  0.6600  7.04540366
  0.6610  6.81731135
  0.6620  6.58456787
  0.6630  6.34742377
  0.6640  6.10613373
  0.6650  5.86095731
  0.6660  5.61216002
  0.6670  5.36001470
  0.6680  5.10480337
  0.6690  4.84681981
  0.6700  4.58637300
  0.6710  4.32379199
  0.6720  4.05943266
  0.6730  3.79368742
  0.6740  3.52699936
  0.6750  3.25988327
  0.6760  2.99295763
  0.6770  2.72699468
  0.6780  2.46300099
  0.6790  2.20235131
  0.6800  1.94701788
  0.6810  1.69997512
  0.6820  1.46592507
  0.6830  1.25257107
  0.6840  1.07257881
  0.6850  0.94522695
  0.6860  0.89308488
  0.6870  0.92843366
  0.6880  1.04177544
  0.6890  1.21068627
  0.6900  1.41463716
  0.6910  1.63981923
  0.6920  1.87781434
  0.6930  2.12352277
  0.6940  2.37375933
  0.6950  2.62644669
  0.6960  2.88016608
  0.6970  3.13390384
  0.6980  3.38690439
  0.6990  3.63858223
  0.7000  3.88846747
  0.7010  4.13617127
  0.7020  4.38136310
  0.7030  4.62375559
  0.7040  4.86309406
  0.7050  5.09914928
  0.7060  5.33171219
  0.7070  5.56059021
  0.7080  5.78560441
  0.7090  6.00658749
  0.7100  6.22338218
  0.7110  6.43584009
  0.7120  6.64382075
  0.7130  6.84719092
  0.7140  7.04582405
  0.7150  7.23959978
  0.7160  7.42840363
  0.7170  7.61212669
  0.7180  7.79066542
  0.7190  7.96392140
  0.7200  8.13180123
  0.7210  8.29421638
  0.7220  8.45108308
  0.7230  8.60232220
  0.7240  8.74785924
  0.7250  8.88762417
  0.7260  9.02155146
  0.7270  9.14957995
  0.7280  9.27165285
  0.7290  9.38771767
  0.7300  9.49772620
  0.7310  9.60163445
  0.7320  9.69940263
  0.7330  9.79099510
  0.7340  9.87638036
  0.7350  9.95553098
  0.7360  10.02842361
  0.7370  10.09503889
  0.7380  10.15536148
  0.7390  10.20937998
  0.7400  10.25708692
  0.7410  10.29847872
  0.7420  10.33355564
  0.7430  10.36232177
  0.7440  10.38478496
  0.7450  10.40095683
  0.7460  10.41085268
  0.7470  10.41449147
  0.7480  10.41189581
  0.7490  10.40309187
  0.7500  10.38810936
  0.7510  10.36698149
  0.7520  10.33974492
  0.7530  10.30643973
  0.7540  10.26710935
  0.7550  10.22180050
  0.7560  10.17056321
  0.7570  10.11345068
  0.7580  10.05051930
  0.7590  9.98182857
  0.7600  9.90744104
  0.7610  9.82742228
  0.7620  9.74184081
  0.7630  9.65076802
  0.7640  9.55427818
  0.7650  9.45244832
  0.7660  9.34535820
  0.7670  9.23309025
  0.7680  9.11572950
  0.7690  8.99336352
  0.7700  8.86608237
  0.7710  8.73397854
  0.7720  8.59714685
  0.7730  8.45568444
  0.7740  8.30969067
  0.7750  8.15926704
  0.7760  8.00451719
  0.7770  7.84554673
  0.7780  7.68246329
  0.7790  7.51537634
  0.7800  7.34439721
  0.7810  7.16963897
  0.7820  6.99121637
  0.7830  6.80924578
  0.7840  6.62384511
  0.7850  6.43513374
  0.7860  6.24323245
  0.7870  6.04826336
  0.7880  5.85034984
  0.7890  5.64961645
  0.7900  5.44618887
  0.7910  5.24019384
  0.7920  5.03175907
  0.7930  4.82101320
  0.7940  4.60808572
  0.7950  4.39310692
  0.7960  4.17620785
  0.7970  3.95752025
  0.7980  3.73717653
  0.7990  3.51530976
  0.8000  3.29205369
  0.8010  3.06754278
  0.8020  2.84191231
  0.8030  2.61529863
  0.8040  2.38783948
  0.8050  2.15967471
  0.8060  1.93094743
  0.8070  1.70180625
  0.8080  1.47240965
  0.8090  1.24293522
  0.8100  1.01360154
  0.8110  0.78472827
  0.8120  0.55694328
  0.8130  0.33223065
  0.8140  0.12634130
  0.8150  0.16215775
  0.8160  0.37483199
  0.8170  0.59788664
  0.8180  0.82211556
  0.8190  1.04602434
  0.8200  1.26908790
  0.8210  1.49102434
  0.8220  1.71163680
  0.8230  1.93076502
  0.8240  2.14826709
  0.8250  2.36401151
  0.8260  2.57787339
  0.8270  2.78973251
  0.8280  2.99947217
  0.8290  3.20697864
  0.8300  3.41214079
  0.8310  3.61484985
  0.8320  3.81499929
  0.8330  4.01248481
  0.8340  4.20720421
  0.8350  4.39905748
  0.8360  4.58794671
  0.8370  4.77377618
  0.8380  4.95645231
  0.8390  5.13588374
  0.8400  5.31198134
  0.8410  5.48465819
  0.8420  5.65382968
  0.8430  5.81941349
  0.8440  5.98132961
  0.8450  6.13950042
  0.8460  6.29385065
  0.8470  6.44430743
  0.8480  6.59080033
  0.8490  6.73326136
  0.8500  6.87162500
  0.8510  7.00582820
  0.8520  7.13581042
  0.8530  7.26151364
  0.8540  7.38288236
  0.8550  7.49986364
  0.8560  7.61240706
  0.8570  7.72046479
  0.8580  7.82399156
  0.8590  7.92294468
  0.8600  8.01728404
  0.8610  8.10697209
  0.8620  8.19197390
  0.8630  8.27225711
  0.8640  8.34779193
  0.8650  8.41855117
  0.8660  8.48451020
  0.8670  8.54564698
  0.8680  8.60194200
  0.8690  8.65337835
  0.8700  8.69994162
  0.8710  8.74161998
  0.8720  8.77840408
  0.8730  8.81028710
  0.8740  8.83726473
  0.8750  8.85933512
  0.8760  8.87649889
  0.8770  8.88875910
  0.8780  8.89612126
  0.8790  8.89859327
  0.8800  8.89618542
  0.8810  8.88891039
  0.8820  8.87678319
  0.8830  8.85982115
  0.8840  8.83804393
  0.8850  8.81147346
  0.8860  8.78013392
  0.8870  8.74405172
  0.8880  8.70325551
  0.8890  8.65777609
  0.8900  8.60764646
  0.8910  8.55290172
  0.8920  8.49357913
  0.8930  8.42971799
  0.8940  8.36135971
  0.8950  8.28854774
  0.8960  8.21132754
  0.8970  8.12974660
  0.8980  8.04385436
  0.8990  7.95370229
  0.9000  7.85934375
  0.9010  7.76083408
  0.9020  7.65823056
  0.9030  7.55159238
  0.9040  7.44098065
  0.9050  7.32645843
  0.9060  7.20809069
  0.9070  7.08594437
  0.9080  6.96008838
  0.9090  6.83059364
  0.9100  6.69753310
  0.9110  6.56098185
  0.9120  6.42101715
  0.9130  6.27771851
  0.9140  6.13116789
  0.9150  5.98144974
  0.9160  5.82865127
  0.9170  5.67286263
  0.9180  5.51417721
  0.9190  5.35269198
  0.9200  5.18850796
  0.9210  5.02173070
  0.9220  4.85247105
  0.9230  4.68084593
  0.9240  4.50697951
  0.9250  4.33100453
  0.9260  4.15306410
  0.9270  3.97331404
  0.9280  3.79192588
  0.9290  3.60909084
  0.9300  3.42502516
  0.9310  3.23997724
  0.9320  3.05423751
  0.9330  2.86815192
  0.9340  2.68214106
  0.9350  2.49672728
  0.9360  2.31257389
  0.9370  2.13054254
  0.9380  1.95177797
  0.9390  1.77783381
  0.9400  1.61085754
  0.9410  1.45385336
  0.9420  1.31102301
  0.9430  1.18810792
  0.9440  1.09245858
  0.9450  1.03225485
  0.9460  1.01433652
  0.9470  1.04131048
  0.9480  1.11023565
  0.9490  1.21422456
  0.9500  1.34532750
  0.9510  1.49652613
  0.9520  1.66238250
  0.9530  1.83892665
  0.9540  2.02331813
  0.9550  2.21352188
  0.9560  2.40806120
  0.9570  2.60584458
  0.9580  2.80604784
  0.9590  3.00803466
  0.9600  3.21130267
  0.9610  3.41544645
  0.9620  3.62013189
  0.9630  3.82507813
  0.9640  4.03004466
  0.9650  4.23482196
  0.9660  4.43922465
  0.9670  4.64308642
  0.9680  4.84625616
  0.9690  5.04859509
  0.9700  5.24997450
  0.9710  5.45027400
  0.9720  5.64938021
  0.9730  5.84718567
  0.9740  6.04358796
  0.9750  6.23848909
  0.9760  6.43179487
  0.9770  6.62341455
  0.9780  6.81326040
  0.9790  7.00124743
  0.9800  7.18729317
  0.9810  7.37131745
  0.9820  7.55324224
  0.9830  7.73299151
  0.9840  7.91049112
  0.9850  8.08566873
  0.9860  8.25845371
  0.9870  8.42877710
  0.9880  8.59657149
  0.9890  8.76177106
  0.9900  8.92431149
  0.9910  9.08412992
  0.9920  9.24116498
  0.9930  9.39535668
  0.9940  9.54664648
  0.9950  9.69497722
  0.9960  9.84029314
  0.9970  9.98253984
  0.9980  10.12166429
  0.9990  10.25761484
