  0.0000  85.69267797
  0.0010  85.65332568
  0.0020  85.53528889
  0.0030  85.33862773
  0.0040  85.06344242
  0.0050  84.70987319
  0.0060  84.27810020
  0.0070  83.76834348
  0.0080  83.18086278
  0.0090  82.51595747
  0.0100  81.77396638
  0.0110  80.95526761
  0.0120  80.06027836
  0.0130  79.08945471
  0.0140  78.04329138
  0.0150  76.92232149
  0.0160  75.72711629
  0.0170  74.45828486
  0.0180  73.11647381
  0.0190  71.70236694
  0.0200  70.21668489
  0.0210  68.66018481
  0.0220  67.03365991
  0.0230  65.33793912
  0.0240  63.57388663
  0.0250  61.74240147
  0.0260  59.84441704
  0.0270  57.88090063
  0.0280  55.85285298
  0.0290  53.76130769
  0.0300  51.60733079
  0.0310  49.39202015
  0.0320  47.11650494
  0.0330  44.78194509
  0.0340  42.38953075
  0.0350  39.94048169
  0.0360  37.43604677
  0.0370  34.87750342
  0.0380  32.26615715
  0.0390  29.60334119
  0.0400  26.89041625
  0.0410  24.12877070
  0.0420  21.31982137
  0.0430  18.46501588
  0.0440  15.56583852
  0.0450  12.62382574
  0.0460  9.64061243
  0.0470  6.61810997
  0.0480  3.55961806
  0.0490  0.51314749
  0.0500  2.69328166
  0.0510  5.85553101
  0.0520  9.05401000
  0.0530  12.28386823
  0.0540  15.54289371
  0.0550  18.82924923
  0.0560  22.14118961
  0.0570  25.47699545
  0.0580  28.83495243
  0.0590  32.21334374
  0.0600  35.61044718
  0.0610  39.02453419
  0.0620  42.45386981
  0.0630  45.89671301
  0.0640  49.35131726
  0.0650  52.81593131
  0.0660  56.28879994
  0.0670  59.76816481
  0.0680  63.25226538
  0.0690  66.73933979
  0.0700  70.22762576
  0.0710  73.71536154
  0.0720  77.20078682
  0.0730  80.68214370
  0.0740  84.15767759
  0.0750  87.62563818
  0.0760  91.08428038
  0.0770  94.53186523
  0.0780  97.96666089
  0.0790  101.38694353
  0.0800  104.79099829
  0.0810  108.17712020
  0.0820  111.54361512
  0.0830  114.88880065
  0.0840  118.21100704
  0.0850  121.50857812
  0.0860  124.77987219
  0.0870  128.02326291
  0.0880  131.23714022
  0.0890  134.41991118
  0.0900  137.57000086
  0.0910  140.68585323
  0.0920  143.76593194
  0.0930  146.80872123
  0.0940  149.81272676
  0.0950  152.77647635
  0.0960  155.69852090
  0.0970  158.57743509
  0.0980  161.41181820
  0.0990  164.20029489
  0.1000  166.94151593
  0.1010  169.63415893
  0.1020  172.27692909
  0.1030  174.86855989
  0.1040  177.40781380
  0.1050  179.89348291
  0.1060  182.32438964
  0.1070  184.69938735
  0.1080  187.01736094
  0.1090  189.27722752
  0.1100  191.47793692
  0.1110  193.61847230
  0.1120  195.69785066
  0.1130  197.71512341
  0.1140  199.66937683
  0.1150  201.55973258
  0.1160  203.38534815
  0.1170  205.14541728
  0.1180  206.83917044
  0.1190  208.46587514
  0.1200  210.02483637
  0.1210  211.51539694
  0.1220  212.93693777
  0.1230  214.28887822
  0.1240  215.57067640
  0.1250  216.78182934
  0.1260  217.92187334
  0.1270  218.99038406
  0.1280  219.98697679
  0.1290  220.91130658
  0.1300  221.76306837
  0.1310  222.54199708
  0.1320  223.24786776
  0.1330  223.88049559
  0.1340  224.43973592
  0.1350  224.92548433
  0.1360  225.33767656
  0.1370  225.67628849
  0.1380  225.94133611
  0.1390  226.13287537
  0.1400  226.25100212
  0.1410  226.29585192
  0.1420  226.26759994
  0.1430  226.16646073
  0.1440  225.99268801
  0.1450  225.74657445
  0.1460  225.42845140
  0.1470  225.03868863
  0.1480  224.57769398
  0.1490  224.04591306
  0.1500  223.44382892
  0.1510  222.77196162
  0.1520  222.03086785
  0.1530  221.22114057
  0.1540  220.34340846
  0.1550  219.39833557
  0.1560  218.38662073
  0.1570  217.30899715
  0.1580  216.16623182
  0.1590  214.95912499
  0.1600  213.68850960
  0.1610  212.35525073
  0.1620  210.96024496
  0.1630  209.50441976
  0.1640  207.98873288
  0.1650  206.41417165
  0.1660  204.78175236
  0.1670  203.09251955
  0.1680  201.34754530
  0.1690  199.54792855
  0.1700  197.69479433
  0.1710  195.78929304
  0.1720  193.83259969
  0.1730  191.82591314
  0.1740  189.77045529
  0.1750  187.66747033
  0.1760  185.51822390
  0.1770  183.32400230
  0.1780  181.08611166
  0.1790  178.80587712
  0.1800  176.48464197
  0.1810  174.12376683
  0.1820  171.72462875
  0.1830  169.28862041
  0.1840  166.81714923
  0.1850  164.31163647
  0.1860  161.77351640
  0.1870  159.20423539
  0.1880  156.60525103
  0.1890  153.97803127
  0.1900  151.32405352
  0.1910  148.64480372
  0.1920  145.94177553
  0.1930  143.21646938
  0.1940  140.47039159
  0.1950  137.70505352
  0.1960  134.92197062
  0.1970  132.12266160
  0.1980  129.30864754
  0.1990  126.48145097
  0.2000  123.64259506
  0.2010  120.79360269
  0.2020  117.93599564
  0.2030  115.07129368
  0.2040  112.20101375
  0.2050  109.32666911
  0.2060  106.44976850
  0.2070  103.57181529
  0.2080  100.69430668
  0.2090  97.81873289
  0.2100  94.94657633
  0.2110  92.07931083
  0.2120  89.21840085
  0.2130  86.36530071
  0.2140  83.52145382
  0.2150  80.68829195
  0.2160  77.86723447
  0.2170  75.05968769
  0.2180  72.26704409
  0.2190  69.49068169
  0.2200  66.73196333
  0.2210  63.99223608
  0.2220  61.27283061
  0.2230  58.57506056
  0.2240  55.90022200
  0.2250  53.24959291
  0.2260  50.62443270
  0.2270  48.02598175
  0.2280  45.45546104
  0.2290  42.91407193
  0.2300  40.40299590
  0.2310  37.92339459
  0.2320  35.47640992
  0.2330  33.06316460
  0.2340  30.68476294
  0.2350  28.34229236
  0.2360  26.03682577
  0.2370  23.76942543
  0.2380  21.54114920
  0.2390  19.35306083
  0.2400  17.20624750
  0.2410  15.10185094
  0.2420  13.04112575
  0.2430  11.02555706
  0.2440  9.05712080
  0.2450  7.13893749
  0.2460  5.27723504
  0.2470  3.48909628
  0.2480  1.85151061
  0.2490  1.05124350
  0.2500  2.16843814
  0.2510  3.70429329
  0.2520  5.26053936
  0.2530  6.78773333
  0.2540  8.27328798
  0.2550  9.71237130
  0.2560  11.10258790
  0.2570  12.44251760
  0.2580  13.73120300
  0.2590  14.96793791
  0.2600  16.15216909
  0.2610  17.28344634
  0.2620  18.36139535
  0.2630  19.38570195
  0.2640  20.35610267
  0.2650  21.27237873
  0.2660  22.13435216
  0.2670  22.94188310
  0.2680  23.69486802
  0.2690  24.39323836
  0.2700  25.03695952
  0.2710  25.62603015
  0.2720  26.16048150
  0.2730  26.64037696
  0.2740  27.06581159
  0.2750  27.43691175
  0.2760  27.75383478
  0.2770  28.01676865
  0.2780  28.22593162
  0.2790  28.38157199
  0.2800  28.48396772
  0.2810  28.53342621
  0.2820  28.53028389
  0.2830  28.47490597
  0.2840  28.36768611
  0.2850  28.20904606
  0.2860  27.99943535
  0.2870  27.73933092
  0.2880  27.42923681
  0.2890  27.06968376
  0.2900  26.66122889
  0.2910  26.20445531
  0.2920  25.69997178
  0.2930  25.14841236
  0.2940  24.55043605
  0.2950  23.90672646
  0.2960  23.21799155
  0.2970  22.48496334
  0.2980  21.70839775
  0.2990  20.88907446
  0.3000  20.02779698
  0.3010  19.12539289
  0.3020  18.18271432
  0.3030  17.20063900
  0.3040  16.18007194
  0.3050  15.12194823
  0.3060  14.02723774
  0.3070  12.89695301
  0.3080  11.73216280
  0.3090  10.53401639
  0.3100  9.30378956
  0.3110  8.04297761
  0.3120  6.75350250
  0.3130  5.43823575
  0.3140  4.10258025
  0.3150  2.76079209
  0.3160  1.47717409
  0.3170  0.85973714
  0.3180  1.87427438
  0.3190  3.27323770
  0.3200  4.74804743
  0.3210  6.26048212
  0.3220  7.80022511
  0.3230  9.36283333
  0.3240  10.94569607
  0.3250  12.54692074
  0.3260  14.16494146
  0.3270  15.79835744
  0.3280  17.44585819
  0.3290  19.10618573
  0.3300  20.77811436
  0.3310  22.46043924
  0.3320  24.15196974
  0.3330  25.85152556
  0.3340  27.55793439
  0.3350  29.27003059
  0.3360  30.98665453
  0.3370  32.70665225
  0.3380  34.42887549
  0.3390  36.15218185
  0.3400  37.87543509
  0.3410  39.59750547
  0.3420  41.31727028
  0.3430  43.03361425
  0.3440  44.74543010
  0.3450  46.45161909
  0.3460  48.15109157
  0.3470  49.84276752
  0.3480  51.52557714
  0.3490  53.19846139
  0.3500  54.86037260
  0.3510  56.51027496
  0.3520  58.14714514
  0.3530  59.76997281
  0.3540  61.37776118
  0.3550  62.96952755
  0.3560  64.54430382
  0.3570  66.10113697
  0.3580  67.63908965
  0.3590  69.15724058
  0.3600  70.65468506
  0.3610  72.13053547
  0.3620  73.58392166
  0.3630  75.01399147
  0.3640  76.41991106
  0.3650  77.80086542
  0.3660  79.15605869
  0.3670  80.48471460
  0.3680  81.78607680
  0.3690  83.05940925
  0.3700  84.30399654
  0.3710  85.51914420
  0.3720  86.70417905
  0.3730  87.85844945
  0.3740  88.98132562
  0.3750  90.07219986
  0.3760  91.13048684
  0.3770  92.15562379
  0.3780  93.14707073
  0.3790  94.10431070
  0.3800  95.02684987
  0.3810  95.91421778
  0.3820  96.76596746
  0.3830  97.58167556
  0.3840  98.36094247
  0.3850  99.10339242
  0.3860  99.80867360
  0.3870  100.47645816
  0.3880  101.10644234
  0.3890  101.69834648
  0.3900  102.25191502
  0.3910  102.76691654
  0.3920  103.24314376
  0.3930  103.68041347
  0.3940  104.07856657
  0.3950  104.43746792
  0.3960  104.75700638
  0.3970  105.03709464
  0.3980  105.27766920
  0.3990  105.47869020
  0.4000  105.64014134
  0.4010  105.76202972
  0.4020  105.84438572
  0.4030  105.88726279
  0.4040  105.89073733
  0.4050  105.85490846
  0.4060  105.77989788
  0.4070  105.66584956
  0.4080  105.51292963
  0.4090  105.32132606
  0.4100  105.09124845
  0.4110  104.82292779
  0.4120  104.51661616
  0.4130  104.17258646
  0.4140  103.79113213
  0.4150  103.37256688
  0.4160  102.91722432
  0.4170  102.42545769
  0.4180  101.89763955
  0.4190  101.33416138
  0.4200  100.73543330
  0.4210  100.10188372
  0.4220  99.43395893
  0.4230  98.73212279
  0.4240  97.99685631
  0.4250  97.22865732
  0.4260  96.42804006
  0.4270  95.59553475
  0.4280  94.73168728
  0.4290  93.83705871
  0.4300  92.91222493
  0.4310  91.95777621
  0.4320  90.97431677
  0.4330  89.96246440
  0.4340  88.92284998
  0.4350  87.85611706
  0.4360  86.76292146
  0.4370  85.64393076
  0.4380  84.49982391
  0.4390  83.33129073
  0.4400  82.13903154
  0.4410  80.92375658
  0.4420  79.68618569
  0.4430  78.42704773
  0.4440  77.14708019
  0.4450  75.84702870
  0.4460  74.52764656
  0.4470  73.18969428
  0.4480  71.83393912
  0.4490  70.46115457
  0.4500  69.07211995
  0.4510  67.66761989
  0.4520  66.24844385
  0.4530  64.81538568
  0.4540  63.36924314
  0.4550  61.91081738
  0.4560  60.44091255
  0.4570  58.96033526
  0.4580  57.46989411
  0.4590  55.97039928
  0.4600  54.46266200
  0.4610  52.94749411
  0.4620  51.42570759
  0.4630  49.89811410
  0.4640  48.36552452
  0.4650  46.82874849
  0.4660  45.28859398
  0.4670  43.74586680
  0.4680  42.20137021
  0.4690  40.65590443
  0.4700  39.11026626
  0.4710  37.56524864
  0.4720  36.02164021
  0.4730  34.48022497
  0.4740  32.94178185
  0.4750  31.40708437
  0.4760  29.87690028
  0.4770  28.35199128
  0.4780  26.83311272
  0.4790  25.32101340
  0.4800  23.81643544
  0.4810  22.32011425
  0.4820  20.83277864
  0.4830  19.35515118
  0.4840  17.88794892
  0.4850  16.43188461
  0.4860  14.98766889
  0.4870  13.55601389
  0.4880  12.13763959
  0.4890  10.73328511
  0.4900  9.34372995
  0.4910  7.96983649
  0.4920  6.61264326
  0.4930  5.27359575
  0.4940  3.95522577
  0.4950  2.66376177
  0.4960  1.42532679
  0.4970  0.55945246
  0.4980  1.34081077
  0.4990  2.51805834
  0.5000  3.71395334
  0.5010  4.89957205
  0.5020  6.06837833
  0.5030  7.21786478
  0.5040  8.34670685
  0.5050  9.45403635
  0.5060  10.53919741
  0.5070  11.60164860
  0.5080  12.64091842
  0.5090  13.65658311
  0.5100  14.64825475
  0.5110  15.61557450
  0.5120  16.55820861
  0.5130  17.47584593
  0.5140  18.36819638
  0.5150  19.23498984
  0.5160  20.07597554
  0.5170  20.89092154
  0.5180  21.67961444
  0.5190  22.44185909
  0.5200  23.17747842
  0.5210  23.88631335
  0.5220  24.56822258
  0.5230  25.22308256
  0.5240  25.85078736
  0.5250  26.45124858
  0.5260  27.02439525
  0.5270  27.57017372
  0.5280  28.08854760
  0.5290  28.57949757
  0.5300  29.04302134
  0.5310  29.47913345
  0.5320  29.88786519
  0.5330  30.26926439
  0.5340  30.62339530
  0.5350  30.95033844
  0.5360  31.25019035
  0.5370  31.52306345
  0.5380  31.76908586
  0.5390  31.98840113
  0.5400  32.18116804
  0.5410  32.34756041
  0.5420  32.48776679
  0.5430  32.60199027
  0.5440  32.69044820
  0.5450  32.75337190
  0.5460  32.79100642
  0.5470  32.80361023
  0.5480  32.79145492
  0.5490  32.75482494
  0.5500  32.69401724
  0.5510  32.60934100
  0.5520  32.50111726
  0.5530  32.36967863
  0.5540  32.21536895
  0.5550  32.03854291
  0.5560  31.83956578
  0.5570  31.61881296
  0.5580  31.37666972
  0.5590  31.11353079
  0.5600  30.82979998
  0.5610  30.52588986
  0.5620  30.20222136
  0.5630  29.85922342
  0.5640  29.49733258
  0.5650  29.11699264
  0.5660  28.71865426
  0.5670  28.30277462
  0.5680  27.86981698
  0.5690  27.42025036
  0.5700  26.95454913
  0.5710  26.47319264
  0.5720  25.97666487
  0.5730  25.46545403
  0.5740  24.94005219
  0.5750  24.40095494
  0.5760  23.84866102
  0.5770  23.28367194
  0.5780  22.70649167
  0.5790  22.11762625
  0.5800  21.51758349
  0.5810  20.90687264
  0.5820  20.28600404
  0.5830  19.65548888
  0.5840  19.01583883
  0.5850  18.36756582
  0.5860  17.71118180
  0.5870  17.04719847
  0.5880  16.37612713
  0.5890  15.69847853
  0.5900  15.01476276
  0.5910  14.32548924
  0.5920  13.63116680
  0.5930  12.93230389
  0.5940  12.22940898
  0.5950  11.52299118
  0.5960  10.81356133
  0.5970  10.10163352
  0.5980  9.38772758
  0.5990  8.67237283
  0.6000  7.95611403
  0.6010  7.23952094
  0.6020  6.52320432
  0.6030  5.80784366
  0.6040  5.09423813
  0.6050  4.38340622
  0.6060  3.67679851
  0.6070  2.97680413
  0.6080  2.28815156
  0.6090  1.62268490
  0.6100  1.02120752
  0.6110  0.67211721
  0.6120  0.91889777
  0.6130  1.48434623
  0.6140  2.12343313
  0.6150  2.78208166
  0.6160  3.44572368
  0.6170  4.10889325
  0.6180  4.76898543
  0.6190  5.42451497
  0.6200  6.07450803
  0.6210  6.71825320
  0.6220  7.35518681
  0.6230  7.98483519
  0.6240  8.60678347
  0.6250  9.22065776
  0.6260  9.82611442
  0.6270  10.42283338
  0.6280  11.01051386
  0.6290  11.58887149
  0.6300  12.15763641
  0.6310  12.71655189
  0.6320  13.26537338
  0.6330  13.80386785
  0.6340  14.33181328
  0.6350  14.84899827
  0.6360  15.35522179
  0.6370  15.85029293
  0.6380  16.33403077
  0.6390  16.80626425
  0.6400  17.26683204
  0.6410  17.71558245
  0.6420  18.15237339
  0.6430  18.57707229
  0.6440  18.98955603
  0.6450  19.38971092
  0.6460  19.77743260
  0.6470  20.15262606
  0.6480  20.51520554
  0.6490  20.86509451
  0.6500  21.20222561
  0.6510  21.52654062
  0.6520  21.83799039
  0.6530  22.13653479
  0.6540  22.42214269
  0.6550  22.69479184
  0.6560  22.95446888
  0.6570  23.20116923
  0.6580  23.43489704
  0.6590  23.65566514
  0.6600  23.86349494
  0.6610  24.05841638
  0.6620  24.24046783
  0.6630  24.40969604
  0.6640  24.56615603
  0.6650  24.70991100
  0.6660  24.84103228
  0.6670  24.95959916
  0.6680  25.06569889
  0.6690  25.15942649
  0.6700  25.24088469
  0.6710  25.31018381
  0.6720  25.36744164
  0.6730  25.41278335
  0.6740  25.44634133
  0.6750  25.46825507
  0.6760  25.47867108
  0.6770  25.47774269
  0.6780  25.46562996
  0.6790  25.44249952
  0.6800  25.40852440
  0.6810  25.36388396
  0.6820  25.30876363
  0.6830  25.24335485
  0.6840  25.16785483
  0.6850  25.08246645
  0.6860  24.98739803
  0.6870  24.88286322
  0.6880  24.76908076
  0.6890  24.64627434
  0.6900  24.51467242
  0.6910  24.37450800
  0.6920  24.22601847
  0.6930  24.06944539
  0.6940  23.90503431
  0.6950  23.73303453
  0.6960  23.55369894
  0.6970  23.36728379
  0.6980  23.17404849
  0.6990  22.97425535
  0.7000  22.76816942
  0.7010  22.55605826
  0.7020  22.33819167
  0.7030  22.11484152
  0.7040  21.88628150
  0.7050  21.65278689
  0.7060  21.41463434
  0.7070  21.17210162
  0.7080  20.92546739
  0.7090  20.67501101
  0.7100  20.42101221
  0.7110  20.16375097
  0.7120  19.90350720
  0.7130  19.64056050
  0.7140  19.37519001
  0.7150  19.10767408
  0.7160  18.83829008
  0.7170  18.56731416
  0.7180  18.29502101
  0.7190  18.02168363
  0.7200  17.74757312
  0.7210  17.47295841
  0.7220  17.19810608
  0.7230  16.92328009
  0.7240  16.64874161
  0.7250  16.37474876
  0.7260  16.10155643
  0.7270  15.82941604
  0.7280  15.55857533
  0.7290  15.28927821
  0.7300  15.02176450
  0.7310  14.75626977
  0.7320  14.49302513
  0.7330  14.23225710
  0.7340  13.97418734
  0.7350  13.71903258
  0.7360  13.46700437
  0.7370  13.21830898
  0.7380  12.97314722
  0.7390  12.73171429
  0.7400  12.49419964
  0.7410  12.26078688
  0.7420  12.03165357
  0.7430  11.80697119
  0.7440  11.58690499
  0.7450  11.37161386
  0.7460  11.16125030
  0.7470  10.95596027
  0.7480  10.75588317
  0.7490  10.56115170
  0.7500  10.37189187
  0.7510  10.18822289
  0.7520  10.01025717
  0.7530  9.83810024
  0.7540  9.67185075
  0.7550  9.51160043
  0.7560  9.35743408
  0.7570  9.20942960
  0.7580  9.06765793
  0.7590  8.93218312
  0.7600  8.80306228
  0.7610  8.68034569
  0.7620  8.56407677
  0.7630  8.45429213
  0.7640  8.35102163
  0.7650  8.25428844
  0.7660  8.16410906
  0.7670  8.08049342
  0.7680  8.00344495
  0.7690  7.93296064
  0.7700  7.86903113
  0.7710  7.81164081
  0.7720  7.76076787
  0.7730  7.71638448
  0.7740  7.67845682
  0.7750  7.64694519
  0.7760  7.62180420
  0.7770  7.60298281
  0.7780  7.59042447
  0.7790  7.58406728
  0.7800  7.58384412
  0.7810  7.58968274
  0.7820  7.60150596
  0.7830  7.61923178
  0.7840  7.64277356
  0.7850  7.67204015
  0.7860  7.70693606
  0.7870  7.74736163
  0.7880  7.79321318
  0.7890  7.84438318
  0.7900  7.90076043
  0.7910  7.96223021
  0.7920  8.02867449
  0.7930  8.09997207
  0.7940  8.17599876
  0.7950  8.25662757
  0.7960  8.34172887
  0.7970  8.43117057
  0.7980  8.52481830
  0.7990  8.62253556
  0.8000  8.72418391
  0.8010  8.82962314
  0.8020  8.93871142
  0.8030  9.05130547
  0.8040  9.16726075
  0.8050  9.28643155
  0.8060  9.40867123
  0.8070  9.53383229
  0.8080  9.66176660
  0.8090  9.79232548
  0.8100  9.92535986
  0.8110  10.06072045
  0.8120  10.19825781
  0.8130  10.33782255
  0.8140  10.47926540
  0.8150  10.62243738
  0.8160  10.76718986
  0.8170  10.91337474
  0.8180  11.06084450
  0.8190  11.20945233
  0.8200  11.35905225
  0.8210  11.50949917
  0.8220  11.66064901
  0.8230  11.81235877
  0.8240  11.96448662
  0.8250  12.11689200
  0.8260  12.26943564
  0.8270  12.42197972
  0.8280  12.57438784
  0.8290  12.72652517
  0.8300  12.87825844
  0.8310  13.02945605
  0.8320  13.17998810
  0.8330  13.32972643
  0.8340  13.47854469
  0.8350  13.62631837
  0.8360  13.77292484
  0.8370  13.91824340
  0.8380  14.06215529
  0.8390  14.20454374
  0.8400  14.34529401
  0.8410  14.48429340
  0.8420  14.62143126
  0.8430  14.75659905
  0.8440  14.88969034
  0.8450  15.02060084
  0.8460  15.14922840
  0.8470  15.27547304
  0.8480  15.39923697
  0.8490  15.52042458
  0.8500  15.63894249
  0.8510  15.75469954
  0.8520  15.86760678
  0.8530  15.97757753
  0.8540  16.08452737
  0.8550  16.18837412
  0.8560  16.28903789
  0.8570  16.38644110
  0.8580  16.48050842
  0.8590  16.57116687
  0.8600  16.65834576
  0.8610  16.74197675
  0.8620  16.82199382
  0.8630  16.89833331
  0.8640  16.97093393
  0.8650  17.03973676
  0.8660  17.10468529
  0.8670  17.16572538
  0.8680  17.22280533
  0.8690  17.27587589
  0.8700  17.32489024
  0.8710  17.36980404
  0.8720  17.41057544
  0.8730  17.44716509
  0.8740  17.47953616
  0.8750  17.50765438
  0.8760  17.53148805
  0.8770  17.55100803
  0.8780  17.56618782
  0.8790  17.57700353
  0.8800  17.58343393
  0.8810  17.58546047
  0.8820  17.58306731
  0.8830  17.57624130
  0.8840  17.56497206
  0.8850  17.54925197
  0.8860  17.52907621
  0.8870  17.50444277
  0.8880  17.47535245
  0.8890  17.44180895
  0.8900  17.40381881
  0.8910  17.36139147
  0.8920  17.31453932
  0.8930  17.26327763
  0.8940  17.20762465
  0.8950  17.14760160
  0.8960  17.08323264
  0.8970  17.01454496
  0.8980  16.94156873
  0.8990  16.86433710
  0.9000  16.78288628
  0.9010  16.69725546
  0.9020  16.60748686
  0.9030  16.51362570
  0.9040  16.41572022
  0.9050  16.31382168
  0.9060  16.20798429
  0.9070  16.09826529
  0.9080  15.98472486
  0.9090  15.86742613
  0.9100  15.74643516
  0.9110  15.62182090
  0.9120  15.49365518
  0.9130  15.36201269
  0.9140  15.22697088
  0.9150  15.08861000
  0.9160  14.94701302
  0.9170  14.80226556
  0.9180  14.65445590
  0.9190  14.50367488
  0.9200  14.35001585
  0.9210  14.19357463
  0.9220  14.03444942
  0.9230  13.87274074
  0.9240  13.70855138
  0.9250  13.54198629
  0.9260  13.37315253
  0.9270  13.20215917
  0.9280  13.02911722
  0.9290  12.85413953
  0.9300  12.67734070
  0.9310  12.49883699
  0.9320  12.31874623
  0.9330  12.13718770
  0.9340  11.95428204
  0.9350  11.77015115
  0.9360  11.58491807
  0.9370  11.39870689
  0.9380  11.21164262
  0.9390  11.02385106
  0.9400  10.83545874
  0.9410  10.64659276
  0.9420  10.45738067
  0.9430  10.26795037
  0.9440  10.07843000
  0.9450  9.88894778
  0.9460  9.69963192
  0.9470  9.51061050
  0.9480  9.32201133
  0.9490  9.13396184
  0.9500  8.94658897
  0.9510  8.76001900
  0.9520  8.57437751
  0.9530  8.38978920
  0.9540  8.20637780
  0.9550  8.02426592
  0.9560  7.84357500
  0.9570  7.66442512
  0.9580  7.48693496
  0.9590  7.31122164
  0.9600  7.13740064
  0.9610  6.96558570
  0.9620  6.79588870
  0.9630  6.62841957
  0.9640  6.46328621
  0.9650  6.30059438
  0.9660  6.14044761
  0.9670  5.98294715
  0.9680  5.82819183
  0.9690  5.67627804
  0.9700  5.52729963
  0.9710  5.38134782
  0.9720  5.23851119
  0.9730  5.09887554
  0.9740  4.96252391
  0.9750  4.82953645
  0.9760  4.69999043
  0.9770  4.57396014
  0.9780  4.45151688
  0.9790  4.33272888
  0.9800  4.21766130
  0.9810  4.10637614
  0.9820  3.99893225
  0.9830  3.89538526
  0.9840  3.79578754
  0.9850  3.70018821
  0.9860  3.60863306
  0.9870  3.52116451
  0.9880  3.43782164
  0.9890  3.35864010
  0.9900  3.28365209
  0.9910  3.21288637
  0.9920  3.14636819
  0.9930  3.08411929
  0.9940  3.02615790
  0.9950  2.97249870
  0.9960  2.92315287
  0.9970  2.87812803
  0.9980  2.83742833
  0.9990  2.80105444
