  0.0000  32.20934314
  0.0010  32.17216858
  0.0020  32.06066522
  0.0030  31.87489400
  0.0040  31.61495648
  0.0050  31.28099472
  0.0060  30.87319124
  0.0070  30.39176889
  0.0080  29.83699071
  0.0090  29.20915979
  0.0100  28.50861905
  0.0110  27.73575106
  0.0120  26.89097782
  0.0130  25.97476046
  0.0140  24.98759900
  0.0150  23.93003202
  0.0160  22.80263638
  0.0170  21.60602682
  0.0180  20.34085564
  0.0190  19.00781234
  0.0200  17.60762316
  0.0210  16.14105078
  0.0220  14.60889390
  0.0230  13.01198694
  0.0240  11.35119990
  0.0250  9.62743860
  0.0260  7.84164602
  0.0270  5.99480742
  0.0280  4.08797194
  0.0290  2.12240139
  0.0300  0.11672098
  0.0310  1.98453027
  0.0320  4.12064424
  0.0330  6.31172481
  0.0340  8.55631009
  0.0350  10.85313458
  0.0360  13.20094143
  0.0370  15.59845732
  0.0380  18.04438690
  0.0390  20.53741142
  0.0400  23.07618870
  0.0410  25.65935354
  0.0420  28.28551831
  0.0430  30.95327370
  0.0440  33.66118947
  0.0450  36.40781520
  0.0460  39.19168121
  0.0470  42.01129930
  0.0480  44.86516365
  0.0490  47.75175169
  0.0500  50.66952494
  0.0510  53.61692989
  0.0520  56.59239891
  0.0530  59.59435114
  0.0540  62.62119334
  0.0550  65.67132086
  0.0560  68.74311849
  0.0570  71.83496139
  0.0580  74.94521601
  0.0590  78.07224097
  0.0600  81.21438802
  0.0610  84.37000290
  0.0620  87.53742630
  0.0630  90.71499475
  0.0640  93.90104156
  0.0650  97.09389767
  0.0660  100.29189263
  0.0670  103.49335545
  0.0680  106.69661556
  0.0690  109.90000364
  0.0700  113.10185256
  0.0710  116.30049826
  0.0720  119.49428063
  0.0730  122.68154439
  0.0740  125.86063994
  0.0750  129.02992426
  0.0760  132.18776174
  0.0770  135.33252503
  0.0780  138.46259588
  0.0790  141.57636599
  0.0800  144.67223779
  0.0810  147.74862530
  0.0820  150.80395488
  0.0830  153.83666607
  0.0840  156.84521233
  0.0850  159.82806181
  0.0860  162.78369814
  0.0870  165.71062113
  0.0880  168.60734753
  0.0890  171.47241174
  0.0900  174.30436651
  0.0910  177.10178362
  0.0920  179.86325459
  0.0930  182.58739131
  0.0940  185.27282670
  0.0950  187.91821535
  0.0960  190.52223413
  0.0970  193.08358282
  0.0980  195.60098463
  0.0990  198.07318687
  0.1000  200.49896141
  0.1010  202.87710530
  0.1020  205.20644124
  0.1030  207.48581813
  0.1040  209.71411153
  0.1050  211.89022414
  0.1060  214.01308630
  0.1070  216.08165635
  0.1080  218.09492115
  0.1090  220.05189642
  0.1100  221.95162716
  0.1110  223.79318802
  0.1120  225.57568364
  0.1130  227.29824904
  0.1140  228.96004987
  0.1150  230.56028279
  0.1160  232.09817568
  0.1170  233.57298799
  0.1180  234.98401094
  0.1190  236.33056777
  0.1200  237.61201398
  0.1210  238.82773749
  0.1220  239.97715888
  0.1230  241.05973149
  0.1240  242.07494164
  0.1250  243.02230872
  0.1260  243.90138534
  0.1270  244.71175738
  0.1280  245.45304414
  0.1290  246.12489834
  0.1300  246.72700624
  0.1310  247.25908762
  0.1320  247.72089582
  0.1330  248.11221776
  0.1340  248.43287389
  0.1350  248.68271818
  0.1360  248.86163810
  0.1370  248.96955453
  0.1380  249.00642166
  0.1390  248.97222699
  0.1400  248.86699112
  0.1410  248.69076770
  0.1420  248.44364328
  0.1430  248.12573712
  0.1440  247.73720112
  0.1450  247.27821953
  0.1460  246.74900885
  0.1470  246.14981757
  0.1480  245.48092599
  0.1490  244.74264595
  0.1500  243.93532062
  0.1510  243.05932423
  0.1520  242.11506179
  0.1530  241.10296882
  0.1540  240.02351106
  0.1550  238.87718414
  0.1560  237.66451328
  0.1570  236.38605297
  0.1580  235.04238659
  0.1590  233.63412609
  0.1600  232.16191163
  0.1610  230.62641117
  0.1620  229.02832011
  0.1630  227.36836089
  0.1640  225.64728259
  0.1650  223.86586049
  0.1660  222.02489567
  0.1670  220.12521457
  0.1680  218.16766851
  0.1690  216.15313331
  0.1700  214.08250874
  0.1710  211.95671811
  0.1720  209.77670775
  0.1730  207.54344657
  0.1740  205.25792550
  0.1750  202.92115704
  0.1760  200.53417471
  0.1770  198.09803256
  0.1780  195.61380461
  0.1790  193.08258436
  0.1800  190.50548421
  0.1810  187.88363491
  0.1820  185.21818505
  0.1830  182.51030045
  0.1840  179.76116364
  0.1850  176.97197323
  0.1860  174.14394341
  0.1870  171.27830328
  0.1880  168.37629635
  0.1890  165.43917988
  0.1900  162.46822430
  0.1910  159.46471265
  0.1920  156.42993991
  0.1930  153.36521245
  0.1940  150.27184735
  0.1950  147.15117187
  0.1960  144.00452274
  0.1970  140.83324562
  0.1980  137.63869439
  0.1990  134.42223061
  0.2000  131.18522281
  0.2010  127.92904591
  0.2020  124.65508057
  0.2030  121.36471255
  0.2040  118.05933205
  0.2050  114.74033314
  0.2060  111.40911304
  0.2070  108.06707153
  0.2080  104.71561028
  0.2090  101.35613226
  0.2100  97.99004103
  0.2110  94.61874013
  0.2120  91.24363247
  0.2130  87.86611964
  0.2140  84.48760132
  0.2150  81.10947459
  0.2160  77.73313335
  0.2170  74.35996765
  0.2180  70.99136307
  0.2190  67.62870012
  0.2200  64.27335356
  0.2210  60.92669182
  0.2220  57.59007638
  0.2230  54.26486112
  0.2240  50.95239179
  0.2250  47.65400530
  0.2260  44.37102924
  0.2270  41.10478120
  0.2280  37.85656825
  0.2290  34.62768637
  0.2300  31.41941991
  0.2310  28.23304112
  0.2320  25.06980972
  0.2330  21.93097259
  0.2340  18.81776383
  0.2350  15.73140530
  0.2360  12.67310902
  0.2370  9.64408468
  0.2380  6.64556890
  0.2390  3.67899650
  0.2400  0.75018468
  0.2410  2.16025044
  0.2420  5.02468916
  0.2430  7.85418736
  0.2440  10.64685626
  0.2450  13.40152457
  0.2460  16.11713178
  0.2470  18.79266151
  0.2480  21.42712676
  0.2490  24.01956564
  0.2500  26.56903996
  0.2510  29.07463480
  0.2520  31.53545856
  0.2530  33.95064314
  0.2540  36.31934414
  0.2550  38.64074125
  0.2560  40.91403846
  0.2570  43.13846446
  0.2580  45.31327291
  0.2590  47.43774272
  0.2600  49.51117842
  0.2610  51.53291037
  0.2620  53.50229506
  0.2630  55.41871539
  0.2640  57.28158089
  0.2650  59.09032796
  0.2660  60.84442012
  0.2670  62.54334819
  0.2680  64.18663046
  0.2690  65.77381294
  0.2700  67.30446948
  0.2710  68.77820189
  0.2720  70.19464017
  0.2730  71.55344252
  0.2740  72.85429554
  0.2750  74.09691428
  0.2760  75.28104231
  0.2770  76.40645179
  0.2780  77.47294353
  0.2790  78.48034702
  0.2800  79.42852041
  0.2810  80.31735058
  0.2820  81.14675305
  0.2830  81.91667200
  0.2840  82.62708022
  0.2850  83.27797901
  0.2860  83.86939817
  0.2870  84.40139585
  0.2880  84.87405849
  0.2890  85.28750065
  0.2900  85.64186493
  0.2910  85.93732176
  0.2920  86.17406930
  0.2930  86.35233318
  0.2940  86.47236638
  0.2950  86.53444898
  0.2960  86.53888792
  0.2970  86.48601680
  0.2980  86.37619561
  0.2990  86.20981044
  0.3000  85.98727325
  0.3010  85.70902152
  0.3020  85.37551796
  0.3030  84.98725022
  0.3040  84.54473049
  0.3050  84.04849522
  0.3060  83.49910471
  0.3070  82.89714277
  0.3080  82.24321630
  0.3090  81.53795493
  0.3100  80.78201059
  0.3110  79.97605709
  0.3120  79.12078970
  0.3130  78.21692468
  0.3140  77.26519889
  0.3150  76.26636926
  0.3160  75.22121236
  0.3170  74.13052389
  0.3180  72.99511824
  0.3190  71.81582795
  0.3200  70.59350319
  0.3210  69.32901133
  0.3220  68.02323632
  0.3230  66.67707823
  0.3240  65.29145273
  0.3250  63.86729049
  0.3260  62.40553671
  0.3270  60.90715054
  0.3280  59.37310457
  0.3290  57.80438425
  0.3300  56.20198739
  0.3310  54.56692361
  0.3320  52.90021379
  0.3330  51.20288960
  0.3340  49.47599297
  0.3350  47.72057557
  0.3360  45.93769845
  0.3370  44.12843153
  0.3380  42.29385328
  0.3390  40.43505043
  0.3400  38.55311774
  0.3410  36.64915800
  0.3420  34.72428210
  0.3430  32.77960950
  0.3440  30.81626904
  0.3450  28.83540041
  0.3460  26.83815651
  0.3470  24.82570746
  0.3480  22.79924693
  0.3490  20.76000282
  0.3500  18.70925542
  0.3510  16.64836969
  0.3520  14.57885595
  0.3530  12.50249188
  0.3540  10.42159222
  0.3550  8.33968374
  0.3560  6.26352276
  0.3570  4.21101435
  0.3580  2.26133566
  0.3590  1.19034564
  0.3600  2.58194334
  0.3610  4.56814138
  0.3620  6.63393279
  0.3630  8.72121928
  0.3640  10.81535047
  0.3650  12.91046476
  0.3660  15.00339828
  0.3670  17.09204175
  0.3680  19.17477055
  0.3690  21.25021137
  0.3700  23.31713453
  0.3710  25.37439976
  0.3720  27.42092687
  0.3730  29.45567909
  0.3740  31.47765319
  0.3750  33.48587338
  0.3760  35.47938753
  0.3770  37.45726474
  0.3780  39.41859381
  0.3790  41.36248223
  0.3800  43.28805560
  0.3810  45.19445730
  0.3820  47.08084824
  0.3830  48.94640687
  0.3840  50.79032917
  0.3850  52.61182874
  0.3860  54.41013688
  0.3870  56.18450282
  0.3880  57.93419377
  0.3890  59.65849519
  0.3900  61.35671091
  0.3910  63.02816333
  0.3920  64.67219360
  0.3930  66.28816176
  0.3940  67.87544696
  0.3950  69.43344760
  0.3960  70.96158144
  0.3970  72.45928582
  0.3980  73.92601775
  0.3990  75.36125402
  0.4000  76.76449136
  0.4010  78.13524653
  0.4020  79.47305638
  0.4030  80.77747797
  0.4040  82.04808865
  0.4050  83.28448608
  0.4060  84.48628831
  0.4070  85.65313382
  0.4080  86.78468152
  0.4090  87.88061080
  0.4100  88.94062151
  0.4110  89.96443399
  0.4120  90.95178899
  0.4130  91.90244772
  0.4140  92.81619173
  0.4150  93.69282293
  0.4160  94.53216351
  0.4170  95.33405583
  0.4180  96.09836242
  0.4190  96.82496580
  0.4200  97.51376843
  0.4210  98.16469262
  0.4220  98.77768035
  0.4230  99.35269319
  0.4240  99.88971213
  0.4250  100.38873745
  0.4260  100.84978856
  0.4270  101.27290383
  0.4280  101.65814042
  0.4290  102.00557410
  0.4300  102.31529902
  0.4310  102.58742759
  0.4320  102.82209020
  0.4330  103.01943503
  0.4340  103.17962783
  0.4350  103.30285170
  0.4360  103.38930683
  0.4370  103.43921028
  0.4380  103.45279571
  0.4390  103.43031314
  0.4400  103.37202867
  0.4410  103.27822423
  0.4420  103.14919729
  0.4430  102.98526059
  0.4440  102.78674184
  0.4450  102.55398345
  0.4460  102.28734223
  0.4470  101.98718907
  0.4480  101.65390865
  0.4490  101.28789913
  0.4500  100.88957184
  0.4510  100.45935097
  0.4520  99.99767320
  0.4530  99.50498745
  0.4540  98.98175451
  0.4550  98.42844669
  0.4560  97.84554753
  0.4570  97.23355146
  0.4580  96.59296340
  0.4590  95.92429851
  0.4600  95.22808178
  0.4610  94.50484770
  0.4620  93.75513994
  0.4630  92.97951096
  0.4640  92.17852169
  0.4650  91.35274117
  0.4660  90.50274620
  0.4670  89.62912099
  0.4680  88.73245679
  0.4690  87.81335157
  0.4700  86.87240962
  0.4710  85.91024125
  0.4720  84.92746238
  0.4730  83.92469424
  0.4740  82.90256298
  0.4750  81.86169933
  0.4760  80.80273825
  0.4770  79.72631858
  0.4780  78.63308268
  0.4790  77.52367609
  0.4800  76.39874719
  0.4810  75.25894684
  0.4820  74.10492805
  0.4830  72.93734561
  0.4840  71.75685580
  0.4850  70.56411600
  0.4860  69.35978438
  0.4870  68.14451956
  0.4880  66.91898029
  0.4890  65.68382511
  0.4900  64.43971201
  0.4910  63.18729816
  0.4920  61.92723952
  0.4930  60.66019056
  0.4940  59.38680396
  0.4950  58.10773026
  0.4960  56.82361759
  0.4970  55.53511135
  0.4980  54.24285390
  0.4990  52.94748429
  0.5000  51.64963792
  0.5010  50.34994632
  0.5020  49.04903681
  0.5030  47.74753223
  0.5040  46.44605067
  0.5050  45.14520523
  0.5060  43.84560367
  0.5070  42.54784823
  0.5080  41.25253533
  0.5090  39.96025532
  0.5100  38.67159222
  0.5110  37.38712352
  0.5120  36.10741987
  0.5130  34.83304490
  0.5140  33.56455498
  0.5150  32.30249896
  0.5160  31.04741800
  0.5170  29.79984531
  0.5180  28.56030598
  0.5190  27.32931674
  0.5200  26.10738577
  0.5210  24.89501254
  0.5220  23.69268756
  0.5230  22.50089226
  0.5240  21.32009877
  0.5250  20.15076975
  0.5260  18.99335827
  0.5270  17.84830759
  0.5280  16.71605105
  0.5290  15.59701193
  0.5300  14.49160325
  0.5310  13.40022774
  0.5320  12.32327763
  0.5330  11.26113459
  0.5340  10.21416965
  0.5350  9.18274311
  0.5360  8.16720454
  0.5370  7.16789282
  0.5380  6.18513637
  0.5390  5.21925362
  0.5400  4.27055435
  0.5410  3.33934314
  0.5420  2.42593066
  0.5430  1.53068351
  0.5440  0.65446822
  0.5450  0.21186749
  0.5460  1.04727294
  0.5470  1.86780057
  0.5480  2.66945665
  0.5490  3.45182236
  0.5500  4.21465847
  0.5510  4.95777106
  0.5520  5.68098844
  0.5530  6.38415489
  0.5540  7.06712845
  0.5550  7.72978000
  0.5560  8.37199282
  0.5570  8.99366235
  0.5580  9.59469604
  0.5590  10.17501328
  0.5600  10.73454528
  0.5610  11.27323503
  0.5620  11.79103721
  0.5630  12.28791814
  0.5640  12.76385569
  0.5650  13.21883924
  0.5660  13.65286957
  0.5670  14.06595879
  0.5680  14.45813025
  0.5690  14.82941846
  0.5700  15.17986897
  0.5710  15.50953830
  0.5720  15.81849379
  0.5730  16.10681352
  0.5740  16.37458619
  0.5750  16.62191097
  0.5760  16.84889739
  0.5770  17.05566522
  0.5780  17.24234430
  0.5790  17.40907442
  0.5800  17.55600517
  0.5810  17.68329576
  0.5820  17.79111491
  0.5830  17.87964064
  0.5840  17.94906013
  0.5850  17.99956955
  0.5860  18.03137388
  0.5870  18.04468670
  0.5880  18.03973007
  0.5890  18.01673430
  0.5900  17.97593774
  0.5910  17.91758664
  0.5920  17.84193492
  0.5930  17.74924396
  0.5940  17.63978242
  0.5950  17.51382600
  0.5960  17.37165726
  0.5970  17.21356540
  0.5980  17.03984603
  0.5990  16.85080096
  0.6000  16.64673796
  0.6010  16.42797058
  0.6020  16.19481787
  0.6030  15.94760420
  0.6040  15.68665900
  0.6050  15.41231652
  0.6060  15.12491564
  0.6070  14.82479960
  0.6080  14.51231578
  0.6090  14.18781544
  0.6100  13.85165352
  0.6110  13.50418838
  0.6120  13.14578155
  0.6130  12.77679754
  0.6140  12.39760354
  0.6150  12.00856923
  0.6160  11.61006652
  0.6170  11.20246933
  0.6180  10.78615333
  0.6190  10.36149575
  0.6200  9.92887512
  0.6210  9.48867105
  0.6220  9.04126403
  0.6230  8.58703519
  0.6240  8.12636613
  0.6250  7.65963874
  0.6260  7.18723499
  0.6270  6.70953686
  0.6280  6.22692622
  0.6290  5.73978487
  0.6300  5.24849464
  0.6310  4.75343778
  0.6320  4.25499781
  0.6330  3.75356108
  0.6340  3.24952022
  0.6350  2.74328158
  0.6360  2.23528307
  0.6370  1.72604434
  0.6380  1.21634344
  0.6390  0.70815734
  0.6400  0.21899890
  0.6410  0.34670547
  0.6420  0.84739245
  0.6430  1.35646759
  0.6440  1.86628921
  0.6450  2.37546551
  0.6460  2.88335481
  0.6470  3.38950577
  0.6480  3.89353614
  0.6490  4.39509565
  0.6500  4.89385203
  0.6510  5.38948505
  0.6520  5.88168365
  0.6530  6.37014454
  0.6540  6.85457141
  0.6550  7.33467463
  0.6560  7.81017097
  0.6570  8.28078357
  0.6580  8.74624192
  0.6590  9.20628185
  0.6600  9.66064564
  0.6610  10.10908199
  0.6620  10.55134618
  0.6630  10.98720008
  0.6640  11.41641223
  0.6650  11.83875794
  0.6660  12.25401932
  0.6670  12.66198538
  0.6680  13.06245207
  0.6690  13.45522234
  0.6700  13.84010622
  0.6710  14.21692084
  0.6720  14.58549049
  0.6730  14.94564667
  0.6740  15.29722812
  0.6750  15.64008084
  0.6760  15.97405814
  0.6770  16.29902064
  0.6780  16.61483632
  0.6790  16.92138049
  0.6800  17.21853585
  0.6810  17.50619245
  0.6820  17.78424770
  0.6830  18.05260639
  0.6840  18.31118066
  0.6850  18.55988996
  0.6860  18.79866110
  0.6870  19.02742816
  0.6880  19.24613248
  0.6890  19.45472265
  0.6900  19.65315445
  0.6910  19.84139083
  0.6920  20.01940185
  0.6930  20.18716461
  0.6940  20.34466325
  0.6950  20.49188885
  0.6960  20.62883939
  0.6970  20.75551968
  0.6980  20.87194127
  0.6990  20.97812243
  0.7000  21.07408801
  0.7010  21.15986943
  0.7020  21.23550453
  0.7030  21.30103753
  0.7040  21.35651893
  0.7050  21.40200542
  0.7060  21.43755975
  0.7070  21.46325070
  0.7080  21.47915292
  0.7090  21.48534686
  0.7100  21.48191865
  0.7110  21.46895999
  0.7120  21.44656803
  0.7130  21.41484531
  0.7140  21.37389955
  0.7150  21.32384363
  0.7160  21.26479540
  0.7170  21.19687759
  0.7180  21.12021769
  0.7190  21.03494781
  0.7200  20.94120455
  0.7210  20.83912887
  0.7220  20.72886600
  0.7230  20.61056526
  0.7240  20.48437992
  0.7250  20.35046713
  0.7260  20.20898772
  0.7270  20.06010610
  0.7280  19.90399009
  0.7290  19.74081083
  0.7300  19.57074261
  0.7310  19.39396271
  0.7320  19.21065131
  0.7330  19.02099133
  0.7340  18.82516826
  0.7350  18.62337007
  0.7360  18.41578703
  0.7370  18.20261158
  0.7380  17.98403820
  0.7390  17.76026326
  0.7400  17.53148488
  0.7410  17.29790278
  0.7420  17.05971816
  0.7430  16.81713355
  0.7440  16.57035267
  0.7450  16.31958030
  0.7460  16.06502212
  0.7470  15.80688460
  0.7480  15.54537486
  0.7490  15.28070051
  0.7500  15.01306955
  0.7510  14.74269021
  0.7520  14.46977084
  0.7530  14.19451976
  0.7540  13.91714514
  0.7550  13.63785487
  0.7560  13.35685645
  0.7570  13.07435684
  0.7580  12.79056233
  0.7590  12.50567847
  0.7600  12.21990988
  0.7610  11.93346018
  0.7620  11.64653188
  0.7630  11.35932620
  0.7640  11.07204305
  0.7650  10.78488083
  0.7660  10.49803640
  0.7670  10.21170490
  0.7680  9.92607970
  0.7690  9.64135228
  0.7700  9.35771213
  0.7710  9.07534663
  0.7720  8.79444100
  0.7730  8.51517817
  0.7740  8.23773869
  0.7750  7.96230069
  0.7760  7.68903971
  0.7770  7.41812871
  0.7780  7.14973791
  0.7790  6.88403478
  0.7800  6.62118393
  0.7810  6.36134702
  0.7820  6.10468276
  0.7830  5.85134678
  0.7840  5.60149161
  0.7850  5.35526661
  0.7860  5.11281794
  0.7870  4.87428847
  0.7880  4.63981781
  0.7890  4.40954222
  0.7900  4.18359463
  0.7910  3.96210458
  0.7920  3.74519827
  0.7930  3.53299855
  0.7940  3.32562493
  0.7950  3.12319368
  0.7960  2.92581786
  0.7970  2.73360748
  0.7980  2.54666963
  0.7990  2.36510873
  0.8000  2.18902684
  0.8010  2.01852412
  0.8020  1.85369942
  0.8030  1.69465112
  0.8040  1.54147844
  0.8050  1.39428311
  0.8060  1.25317208
  0.8070  1.11826141
  0.8080  0.98968248
  0.8090  0.86759172
  0.8100  0.75218688
  0.8110  0.64373483
  0.8120  0.54262137
  0.8130  0.44944413
  0.8140  0.36519201
  0.8150  0.29159272
  0.8160  0.23171643
  0.8170  0.19051582
  0.8180  0.17320460
  0.8190  0.17944525
  0.8200  0.20133544
  0.8210  0.22997217
  0.8220  0.25958170
  0.8230  0.28705415
  0.8240  0.31075424
  0.8250  0.32979916
  0.8260  0.34370073
  0.8270  0.35219253
  0.8280  0.35514558
  0.8290  0.35252887
  0.8300  0.34439579
  0.8310  0.33089080
  0.8320  0.31227918
  0.8330  0.28901407
  0.8340  0.26187509
  0.8350  0.23225594
  0.8360  0.20275639
  0.8370  0.17825033
  0.8380  0.16679569
  0.8390  0.17700146
  0.8400  0.21107874
  0.8410  0.26442127
  0.8420  0.33166993
  0.8430  0.40932096
  0.8440  0.49538098
  0.8450  0.58870574
  0.8460  0.68859845
  0.8470  0.79460220
  0.8480  0.90639361
  0.8490  1.02372666
  0.8500  1.14640173
  0.8510  1.27424781
  0.8520  1.40711184
  0.8530  1.54485218
  0.8540  1.68733440
  0.8550  1.83442856
  0.8560  1.98600739
  0.8570  2.14194503
  0.8580  2.30211622
  0.8590  2.46639567
  0.8600  2.63465769
  0.8610  2.80677589
  0.8620  2.98262298
  0.8630  3.16207066
  0.8640  3.34498952
  0.8650  3.53124903
  0.8660  3.72071750
  0.8670  3.91326210
  0.8680  4.10874886
  0.8690  4.30704271
  0.8700  4.50800757
  0.8710  4.71150631
  0.8720  4.91740090
  0.8730  5.12555240
  0.8740  5.33582108
  0.8750  5.54806646
  0.8760  5.76214737
  0.8770  5.97792207
  0.8780  6.19524829
  0.8790  6.41398331
  0.8800  6.63398404
  0.8810  6.85510713
  0.8820  7.07720901
  0.8830  7.30014597
  0.8840  7.52377429
  0.8850  7.74795026
  0.8860  7.97253031
  0.8870  8.19737106
  0.8880  8.42232943
  0.8890  8.64726267
  0.8900  8.87202853
  0.8910  9.09648524
  0.8920  9.32049166
  0.8930  9.54390734
  0.8940  9.76659259
  0.8950  9.98840858
  0.8960  10.20921739
  0.8970  10.42888210
  0.8980  10.64726690
  0.8990  10.86423711
  0.9000  11.07965929
  0.9010  11.29340131
  0.9020  11.50533240
  0.9030  11.71532327
  0.9040  11.92324614
  0.9050  12.12897483
  0.9060  12.33238481
  0.9070  12.53335329
  0.9080  12.73175929
  0.9090  12.92748368
  0.9100  13.12040925
  0.9110  13.31042080
  0.9120  13.49740517
  0.9130  13.68125132
  0.9140  13.86185036
  0.9150  14.03909567
  0.9160  14.21288288
  0.9170  14.38310996
  0.9180  14.54967728
  0.9190  14.71248766
  0.9200  14.87144639
  0.9210  15.02646131
  0.9220  15.17744286
  0.9230  15.32430407
  0.9240  15.46696068
  0.9250  15.60533112
  0.9260  15.73933659
  0.9270  15.86890105
  0.9280  15.99395131
  0.9290  16.11441702
  0.9300  16.23023074
  0.9310  16.34132793
  0.9320  16.44764701
  0.9330  16.54912936
  0.9340  16.64571936
  0.9350  16.73736443
  0.9360  16.82401500
  0.9370  16.90562458
  0.9380  16.98214975
  0.9390  17.05355018
  0.9400  17.11978864
  0.9410  17.18083101
  0.9420  17.23664631
  0.9430  17.28720667
  0.9440  17.33248736
  0.9450  17.37246679
  0.9460  17.40712650
  0.9470  17.43645118
  0.9480  17.46042865
  0.9490  17.47904985
  0.9500  17.49230886
  0.9510  17.50020286
  0.9520  17.50273214
  0.9530  17.49990008
  0.9540  17.49171315
  0.9550  17.47818086
  0.9560  17.45931579
  0.9570  17.43513352
  0.9580  17.40565264
  0.9590  17.37089474
  0.9600  17.33088434
  0.9610  17.28564889
  0.9620  17.23521876
  0.9630  17.17962717
  0.9640  17.11891018
  0.9650  17.05310667
  0.9660  16.98225827
  0.9670  16.90640934
  0.9680  16.82560696
  0.9690  16.73990085
  0.9700  16.64934333
  0.9710  16.55398931
  0.9720  16.45389622
  0.9730  16.34912397
  0.9740  16.23973489
  0.9750  16.12579372
  0.9760  16.00736751
  0.9770  15.88452563
  0.9780  15.75733964
  0.9790  15.62588331
  0.9800  15.49023252
  0.9810  15.35046521
  0.9820  15.20666137
  0.9830  15.05890290
  0.9840  14.90727361
  0.9850  14.75185917
  0.9860  14.59274699
  0.9870  14.43002622
  0.9880  14.26378765
  0.9890  14.09412366
  0.9900  13.92112816
  0.9910  13.74489652
  0.9920  13.56552550
  0.9930  13.38311320
  0.9940  13.19775899
  0.9950  13.00956341
  0.9960  12.81862818
  0.9970  12.62505603
  0.9980  12.42895074
  0.9990  12.23041699
