  0.0000  86.34680885
  0.0010  86.30972154
  0.0020  86.19847933
  0.0030  86.01314144
  0.0040  85.75380653
  0.0050  85.42061261
  0.0060  85.01373701
  0.0070  84.53339625
  0.0080  83.97984590
  0.0090  83.35338046
  0.0100  82.65433314
  0.0110  81.88307574
  0.0120  81.04001832
  0.0130  80.12560907
  0.0140  79.14033398
  0.0150  78.08471655
  0.0160  76.95931753
  0.0170  75.76473453
  0.0180  74.50160172
  0.0190  73.17058943
  0.0200  71.77240374
  0.0210  70.30778610
  0.0220  68.77751288
  0.0230  67.18239491
  0.0240  65.52327701
  0.0250  63.80103747
  0.0260  62.01658759
  0.0270  60.17087107
  0.0280  58.26486355
  0.0290  56.29957196
  0.0300  54.27603396
  0.0310  52.19531735
  0.0320  50.05851943
  0.0330  47.86676637
  0.0340  45.62121254
  0.0350  43.32303988
  0.0360  40.97345715
  0.0370  38.57369928
  0.0380  36.12502665
  0.0390  33.62872435
  0.0400  31.08610142
  0.0410  28.49849014
  0.0420  25.86724524
  0.0430  23.19374313
  0.0440  20.47938111
  0.0450  17.72557659
  0.0460  14.93376629
  0.0470  12.10540555
  0.0480  9.24196762
  0.0490  6.34494371
  0.0500  3.41584711
  0.0510  0.45641293
  0.0520  2.53262373
  0.0530  5.54878261
  0.0540  8.59088095
  0.0550  11.65733166
  0.0560  14.74654937
  0.0570  17.85694068
  0.0580  20.98690378
  0.0590  24.13482897
  0.0600  27.29909953
  0.0610  30.47809255
  0.0620  33.67017979
  0.0630  36.87372862
  0.0640  40.08710290
  0.0650  43.30866386
  0.0660  46.53677103
  0.0670  49.76978314
  0.0680  53.00605899
  0.0690  56.24395839
  0.0700  59.48184300
  0.0710  62.71807729
  0.0720  65.95102935
  0.0730  69.17907185
  0.0740  72.40058284
  0.0750  75.61394671
  0.0760  78.81755496
  0.0770  82.00980715
  0.0780  85.18911169
  0.0790  88.35388672
  0.0800  91.50256094
  0.0810  94.63357444
  0.0820  97.74537951
  0.0830  100.83644146
  0.0840  103.90523945
  0.0850  106.95026724
  0.0860  109.97003398
  0.0870  112.96306500
  0.0880  115.92790258
  0.0890  118.86310665
  0.0900  121.76725557
  0.0910  124.63894683
  0.0920  127.47679778
  0.0930  130.27944631
  0.0940  133.04555154
  0.0950  135.77379449
  0.0960  138.46287875
  0.0970  141.11153108
  0.0980  143.71850210
  0.0990  146.28256684
  0.1000  148.80252537
  0.1010  151.27720337
  0.1020  153.70545270
  0.1030  156.08615194
  0.1040  158.41820694
  0.1050  160.70055130
  0.1060  162.93214689
  0.1070  165.11198435
  0.1080  167.23908352
  0.1090  169.31249388
  0.1100  171.33129503
  0.1110  173.29459704
  0.1120  175.20154089
  0.1130  177.05129881
  0.1140  178.84307464
  0.1150  180.57610420
  0.1160  182.24965556
  0.1170  183.86302938
  0.1180  185.41555918
  0.1190  186.90661158
  0.1200  188.33558656
  0.1210  189.70191772
  0.1220  191.00507240
  0.1230  192.24455196
  0.1240  193.41989190
  0.1250  194.53066197
  0.1260  195.57646641
  0.1270  196.55694393
  0.1280  197.47176790
  0.1290  198.32064637
  0.1300  199.10332214
  0.1310  199.81957279
  0.1320  200.46921069
  0.1330  201.05208301
  0.1340  201.56807169
  0.1350  202.01709338
  0.1360  202.39909941
  0.1370  202.71407569
  0.1380  202.96204262
  0.1390  203.14305496
  0.1400  203.25720174
  0.1410  203.30460603
  0.1420  203.28542487
  0.1430  203.19984897
  0.1440  203.04810262
  0.1450  202.83044337
  0.1460  202.54716183
  0.1470  202.19858144
  0.1480  201.78505813
  0.1490  201.30698010
  0.1500  200.76476744
  0.1510  200.15887189
  0.1520  199.48977642
  0.1530  198.75799492
  0.1540  197.96407181
  0.1550  197.10858166
  0.1560  196.19212882
  0.1570  195.21534692
  0.1580  194.17889853
  0.1590  193.08347465
  0.1600  191.92979430
  0.1610  190.71860399
  0.1620  189.45067730
  0.1630  188.12681432
  0.1640  186.74784117
  0.1650  185.31460947
  0.1660  183.82799579
  0.1670  182.28890113
  0.1680  180.69825031
  0.1690  179.05699146
  0.1700  177.36609537
  0.1710  175.62655496
  0.1720  173.83938463
  0.1730  172.00561966
  0.1740  170.12631560
  0.1750  168.20254761
  0.1760  166.23540987
  0.1770  164.22601485
  0.1780  162.17549272
  0.1790  160.08499068
  0.1800  157.95567224
  0.1810  155.78871660
  0.1820  153.58531790
  0.1830  151.34668458
  0.1840  149.07403869
  0.1850  146.76861511
  0.1860  144.43166094
  0.1870  142.06443471
  0.1880  139.66820571
  0.1890  137.24425324
  0.1900  134.79386591
  0.1910  132.31834090
  0.1920  129.81898323
  0.1930  127.29710502
  0.1940  124.75402480
  0.1950  122.19106672
  0.1960  119.60955983
  0.1970  117.01083737
  0.1980  114.39623600
  0.1990  111.76709511
  0.2000  109.12475603
  0.2010  106.47056132
  0.2020  103.80585406
  0.2030  101.13197709
  0.2040  98.45027229
  0.2050  95.76207986
  0.2060  93.06873761
  0.2070  90.37158020
  0.2080  87.67193849
  0.2090  84.97113877
  0.2100  82.27050210
  0.2110  79.57134356
  0.2120  76.87497163
  0.2130  74.18268743
  0.2140  71.49578407
  0.2150  68.81554600
  0.2160  66.14324828
  0.2170  63.48015599
  0.2180  60.82752351
  0.2190  58.18659395
  0.2200  55.55859845
  0.2210  52.94475558
  0.2220  50.34627073
  0.2230  47.76433549
  0.2240  45.20012707
  0.2250  42.65480770
  0.2260  40.12952405
  0.2270  37.62540669
  0.2280  35.14356950
  0.2290  32.68510920
  0.2300  30.25110473
  0.2310  27.84261684
  0.2320  25.46068754
  0.2330  23.10633965
  0.2340  20.78057639
  0.2350  18.48438094
  0.2360  16.21871619
  0.2370  13.98452454
  0.2380  11.78272803
  0.2390  9.61422926
  0.2400  7.47991443
  0.2410  5.38066418
  0.2420  3.31740558
  0.2430  1.29164888
  0.2440  0.70308632
  0.2450  2.65185394
  0.2460  4.56383777
  0.2470  6.43642199
  0.2480  8.26876776
  0.2490  10.06017779
  0.2500  11.81000509
  0.2510  13.51763641
  0.2520  15.18248762
  0.2530  16.80400231
  0.2540  18.38165119
  0.2550  19.91493195
  0.2560  21.40336921
  0.2570  22.84651460
  0.2580  24.24394680
  0.2590  25.59527161
  0.2600  26.90012199
  0.2610  28.15815819
  0.2620  29.36906772
  0.2630  30.53256541
  0.2640  31.64839342
  0.2650  32.71632127
  0.2660  33.73614580
  0.2670  34.70769113
  0.2680  35.63080865
  0.2690  36.50537694
  0.2700  37.33130172
  0.2710  38.10851571
  0.2720  38.83697858
  0.2730  39.51667679
  0.2740  40.14762349
  0.2750  40.72985834
  0.2760  41.26344734
  0.2770  41.74848270
  0.2780  42.18508259
  0.2790  42.57339094
  0.2800  42.91357727
  0.2810  43.20583638
  0.2820  43.45038815
  0.2830  43.64747727
  0.2840  43.79737292
  0.2850  43.90036855
  0.2860  43.95678154
  0.2870  43.96695287
  0.2880  43.93124682
  0.2890  43.85005063
  0.2900  43.72377414
  0.2910  43.55284942
  0.2920  43.33773041
  0.2930  43.07889254
  0.2940  42.77683234
  0.2950  42.43206701
  0.2960  42.04513401
  0.2970  41.61659067
  0.2980  41.14701373
  0.2990  40.63699889
  0.3000  40.08716040
  0.3010  39.49813053
  0.3020  38.87055918
  0.3030  38.20511336
  0.3040  37.50247673
  0.3050  36.76334909
  0.3060  35.98844591
  0.3070  35.17849780
  0.3080  34.33425003
  0.3090  33.45646201
  0.3100  32.54590677
  0.3110  31.60337042
  0.3120  30.62965167
  0.3130  29.62556123
  0.3140  28.59192136
  0.3150  27.52956524
  0.3160  26.43933653
  0.3170  25.32208873
  0.3180  24.17868470
  0.3190  23.00999609
  0.3200  21.81690280
  0.3210  20.60029243
  0.3220  19.36105973
  0.3230  18.10010606
  0.3240  16.81833888
  0.3250  15.51667115
  0.3260  14.19602088
  0.3270  12.85731062
  0.3280  11.50146700
  0.3290  10.12942039
  0.3300  8.74210473
  0.3310  7.34045782
  0.3320  5.92542287
  0.3330  4.49795400
  0.3340  3.05903913
  0.3350  1.60985011
  0.3360  0.16036589
  0.3370  1.31989427
  0.3380  2.79507429
  0.3390  4.27757777
  0.3400  5.76611615
  0.3410  7.25969726
  0.3420  8.75737723
  0.3430  10.25822863
  0.3440  11.76133313
  0.3450  13.26577948
  0.3460  14.77066300
  0.3470  16.27508557
  0.3480  17.77815590
  0.3490  19.27898988
  0.3500  20.77671094
  0.3510  22.27045046
  0.3520  23.75934822
  0.3530  25.24255277
  0.3540  26.71922184
  0.3550  28.18852280
  0.3560  29.64963300
  0.3570  31.10174021
  0.3580  32.54404297
  0.3590  33.97575099
  0.3600  35.39608553
  0.3610  36.80427972
  0.3620  38.19957897
  0.3630  39.58124124
  0.3640  40.94853746
  0.3650  42.30075176
  0.3660  43.63718188
  0.3670  44.95713938
  0.3680  46.25995001
  0.3690  47.54495396
  0.3700  48.81150612
  0.3710  50.05897638
  0.3720  51.28674985
  0.3730  52.49422713
  0.3740  53.68082453
  0.3750  54.84597427
  0.3760  55.98912474
  0.3770  57.10974066
  0.3780  58.20730326
  0.3790  59.28131053
  0.3800  60.33127730
  0.3810  61.35673545
  0.3820  62.35723404
  0.3830  63.33233945
  0.3840  64.28163551
  0.3850  65.20472361
  0.3860  66.10122278
  0.3870  66.97076983
  0.3880  67.81301938
  0.3890  68.62764398
  0.3900  69.41433414
  0.3910  70.17279836
  0.3920  70.90276323
  0.3930  71.60397341
  0.3940  72.27619165
  0.3950  72.91919881
  0.3960  73.53279387
  0.3970  74.11679387
  0.3980  74.67103394
  0.3990  75.19536724
  0.4000  75.68966489
  0.4010  76.15381598
  0.4020  76.58772743
  0.4030  76.99132399
  0.4040  77.36454808
  0.4050  77.70735977
  0.4060  78.01973662
  0.4070  78.30167360
  0.4080  78.55318294
  0.4090  78.77429403
  0.4100  78.96505327
  0.4110  79.12552389
  0.4120  79.25578585
  0.4130  79.35593563
  0.4140  79.42608604
  0.4150  79.46636610
  0.4160  79.47692079
  0.4170  79.45791088
  0.4180  79.40951270
  0.4190  79.33191796
  0.4200  79.22533349
  0.4210  79.08998102
  0.4220  78.92609697
  0.4230  78.73393217
  0.4240  78.51375161
  0.4250  78.26583423
  0.4260  77.99047259
  0.4270  77.68797265
  0.4280  77.35865347
  0.4290  77.00284693
  0.4300  76.62089745
  0.4310  76.21316168
  0.4320  75.78000823
  0.4330  75.32181735
  0.4340  74.83898060
  0.4350  74.33190058
  0.4360  73.80099060
  0.4370  73.24667432
  0.4380  72.66938548
  0.4390  72.06956753
  0.4400  71.44767334
  0.4410  70.80416481
  0.4420  70.13951258
  0.4430  69.45419565
  0.4440  68.74870106
  0.4450  68.02352355
  0.4460  67.27916518
  0.4470  66.51613500
  0.4480  65.73494871
  0.4490  64.93612827
  0.4500  64.12020157
  0.4510  63.28770209
  0.4520  62.43916849
  0.4530  61.57514432
  0.4540  60.69617759
  0.4550  59.80282048
  0.4560  58.89562894
  0.4570  57.97516233
  0.4580  57.04198310
  0.4590  56.09665640
  0.4600  55.13974972
  0.4610  54.17183257
  0.4620  53.19347611
  0.4630  52.20525277
  0.4640  51.20773596
  0.4650  50.20149968
  0.4660  49.18711817
  0.4670  48.16516560
  0.4680  47.13621571
  0.4690  46.10084147
  0.4700  45.05961476
  0.4710  44.01310604
  0.4720  42.96188399
  0.4730  41.90651523
  0.4740  40.84756398
  0.4750  39.78559174
  0.4760  38.72115699
  0.4770  37.65481488
  0.4780  36.58711692
  0.4790  35.51861068
  0.4800  34.44983953
  0.4810  33.38134230
  0.4820  32.31365304
  0.4830  31.24730072
  0.4840  30.18280897
  0.4850  29.12069582
  0.4860  28.06147341
  0.4870  27.00564778
  0.4880  25.95371860
  0.4890  24.90617892
  0.4900  23.86351496
  0.4910  22.82620589
  0.4920  21.79472357
  0.4930  20.76953239
  0.4940  19.75108907
  0.4950  18.73984242
  0.4960  17.73623323
  0.4970  16.74069409
  0.4980  15.75364921
  0.4990  14.77551435
  0.5000  13.80669671
  0.5010  12.84759486
  0.5020  11.89859879
  0.5030  10.96008994
  0.5040  10.03244147
  0.5050  9.11601865
  0.5060  8.21117963
  0.5070  7.31827687
  0.5080  6.43765962
  0.5090  5.56967890
  0.5100  4.71469752
  0.5110  3.87311280
  0.5120  3.04541486
  0.5130  2.23236816
  0.5140  1.43578223
  0.5150  0.66461435
  0.5160  0.23860603
  0.5170  0.91630571
  0.5180  1.64989115
  0.5190  2.37422162
  0.5200  3.08489673
  0.5210  3.78074816
  0.5220  4.46124834
  0.5230  5.12607329
  0.5240  5.77498504
  0.5250  6.40779080
  0.5260  7.02432608
  0.5270  7.62444691
  0.5280  8.20802577
  0.5290  8.77494949
  0.5300  9.32511787
  0.5310  9.85844297
  0.5320  10.37484849
  0.5330  10.87426947
  0.5340  11.35665200
  0.5350  11.82195300
  0.5360  12.27014004
  0.5370  12.70119118
  0.5380  13.11509487
  0.5390  13.51184976
  0.5400  13.89146462
  0.5410  14.25395818
  0.5420  14.59935902
  0.5430  14.92770544
  0.5440  15.23904532
  0.5450  15.53343601
  0.5460  15.81094417
  0.5470  16.07164563
  0.5480  16.31562527
  0.5490  16.54297684
  0.5500  16.75380287
  0.5510  16.94821443
  0.5520  17.12633105
  0.5530  17.28828050
  0.5540  17.43419870
  0.5550  17.56422945
  0.5560  17.67852436
  0.5570  17.77724262
  0.5580  17.86055082
  0.5590  17.92862282
  0.5600  17.98163950
  0.5610  18.01978864
  0.5620  18.04326468
  0.5630  18.05226857
  0.5640  18.04700754
  0.5650  18.02769495
  0.5660  17.99455005
  0.5670  17.94779783
  0.5680  17.88766876
  0.5690  17.81439865
  0.5700  17.72822841
  0.5710  17.62940387
  0.5720  17.51817554
  0.5730  17.39479844
  0.5740  17.25953189
  0.5750  17.11263927
  0.5760  16.95438785
  0.5770  16.78504858
  0.5780  16.60489583
  0.5790  16.41420727
  0.5800  16.21326357
  0.5810  16.00234826
  0.5820  15.78174747
  0.5830  15.55174978
  0.5840  15.31264594
  0.5850  15.06472874
  0.5860  14.80829273
  0.5870  14.54363409
  0.5880  14.27105036
  0.5890  13.99084027
  0.5900  13.70330354
  0.5910  13.40874067
  0.5920  13.10745273
  0.5930  12.79974121
  0.5940  12.48590775
  0.5950  12.16625402
  0.5960  11.84108150
  0.5970  11.51069126
  0.5980  11.17538384
  0.5990  10.83545899
  0.6000  10.49121557
  0.6010  10.14295131
  0.6020  9.79096265
  0.6030  9.43554459
  0.6040  9.07699051
  0.6050  8.71559201
  0.6060  8.35163874
  0.6070  7.98541827
  0.6080  7.61721594
  0.6090  7.24731473
  0.6100  6.87599509
  0.6110  6.50353493
  0.6120  6.13020943
  0.6130  5.75629101
  0.6140  5.38204932
  0.6150  5.00775124
  0.6160  4.63366098
  0.6170  4.26004032
  0.6180  3.88714904
  0.6190  3.51524569
  0.6200  3.14458898
  0.6210  2.77544041
  0.6220  2.40806923
  0.6230  2.04276286
  0.6240  1.67985052
  0.6250  1.31976499
  0.6260  0.96323957
  0.6270  0.61217476
  0.6280  0.27694941
  0.6290  0.16510332
  0.6300  0.46853228
  0.6310  0.80380511
  0.6320  1.13980862
  0.6330  1.47324610
  0.6340  1.80314691
  0.6350  2.12904474
  0.6360  2.45063816
  0.6370  2.76769497
  0.6380  3.08001809
  0.6390  3.38743118
  0.6400  3.68977196
  0.6410  3.98688881
  0.6420  4.27863883
  0.6430  4.56488678
  0.6440  4.84550447
  0.6450  5.12037027
  0.6460  5.38936891
  0.6470  5.65239126
  0.6480  5.90933423
  0.6490  6.16010066
  0.6500  6.40459924
  0.6510  6.64274449
  0.6520  6.87445667
  0.6530  7.09966176
  0.6540  7.31829143
  0.6550  7.53028297
  0.6560  7.73557925
  0.6570  7.93412871
  0.6580  8.12588530
  0.6590  8.31080843
  0.6600  8.48886292
  0.6610  8.66001896
  0.6620  8.82425208
  0.6630  8.98154302
  0.6640  9.13187778
  0.6650  9.27524747
  0.6660  9.41164829
  0.6670  9.54108146
  0.6680  9.66355314
  0.6690  9.77907437
  0.6700  9.88766103
  0.6710  9.98933367
  0.6720  10.08411755
  0.6730  10.17204247
  0.6740  10.25314275
  0.6750  10.32745709
  0.6760  10.39502853
  0.6770  10.45590435
  0.6780  10.51013598
  0.6790  10.55777887
  0.6800  10.59889248
  0.6810  10.63354010
  0.6820  10.66178882
  0.6830  10.68370939
  0.6840  10.69937612
  0.6850  10.70886683
  0.6860  10.71226269
  0.6870  10.70964815
  0.6880  10.70111084
  0.6890  10.68674143
  0.6900  10.66663358
  0.6910  10.64088380
  0.6920  10.60959133
  0.6930  10.57285808
  0.6940  10.53078850
  0.6950  10.48348944
  0.6960  10.43107011
  0.6970  10.37364193
  0.6980  10.31131840
  0.6990  10.24421507
  0.7000  10.17244934
  0.7010  10.09614044
  0.7020  10.01540926
  0.7030  9.93037826
  0.7040  9.84117138
  0.7050  9.74791393
  0.7060  9.65073247
  0.7070  9.54975472
  0.7080  9.44510945
  0.7090  9.33692638
  0.7100  9.22533609
  0.7110  9.11046987
  0.7120  8.99245971
  0.7130  8.87143809
  0.7140  8.74753798
  0.7150  8.62089268
  0.7160  8.49163577
  0.7170  8.35990096
  0.7180  8.22582205
  0.7190  8.08953281
  0.7200  7.95116689
  0.7210  7.81085775
  0.7220  7.66873855
  0.7230  7.52494206
  0.7240  7.37960060
  0.7250  7.23284595
  0.7260  7.08480924
  0.7270  6.93562090
  0.7280  6.78541059
  0.7290  6.63430707
  0.7300  6.48243819
  0.7310  6.32993077
  0.7320  6.17691054
  0.7330  6.02350209
  0.7340  5.86982876
  0.7350  5.71601263
  0.7360  5.56217439
  0.7370  5.40843332
  0.7380  5.25490722
  0.7390  5.10171234
  0.7400  4.94896335
  0.7410  4.79677322
  0.7420  4.64525326
  0.7430  4.49451297
  0.7440  4.34466006
  0.7450  4.19580036
  0.7460  4.04803780
  0.7470  3.90147435
  0.7480  3.75620995
  0.7490  3.61234255
  0.7500  3.46996796
  0.7510  3.32917990
  0.7520  3.19006993
  0.7530  3.05272740
  0.7540  2.91723946
  0.7550  2.78369098
  0.7560  2.65216455
  0.7570  2.52274047
  0.7580  2.39549668
  0.7590  2.27050878
  0.7600  2.14785000
  0.7610  2.02759118
  0.7620  1.90980075
  0.7630  1.79454475
  0.7640  1.68188682
  0.7650  1.57188818
  0.7660  1.46460770
  0.7670  1.36010186
  0.7680  1.25842486
  0.7690  1.15962863
  0.7700  1.06376299
  0.7710  0.97087573
  0.7720  0.88101292
  0.7730  0.79421917
  0.7740  0.71053824
  0.7750  0.63001385
  0.7760  0.55269117
  0.7770  0.47861928
  0.7780  0.40785586
  0.7790  0.34047631
  0.7800  0.27659355
  0.7810  0.21640565
  0.7820  0.16032990
  0.7830  0.10946571
  0.7840  0.06765786
  0.7850  0.04966323
  0.7860  0.06847394
  0.7870  0.10172774
  0.7880  0.13644209
  0.7890  0.16949996
  0.7900  0.19999003
  0.7910  0.22757144
  0.7920  0.25209672
  0.7930  0.27349897
  0.7940  0.29175078
  0.7950  0.30684714
  0.7960  0.31879753
  0.7970  0.32762228
  0.7980  0.33335094
  0.7990  0.33602190
  0.8000  0.33568297
  0.8010  0.33239277
  0.8020  0.32622330
  0.8030  0.31726397
  0.8040  0.30562792
  0.8050  0.29146213
  0.8060  0.27496373
  0.8070  0.25640705
  0.8080  0.23618961
  0.8090  0.21491165
  0.8100  0.19351315
  0.8110  0.17349589
  0.8120  0.15720861
  0.8130  0.14793563
  0.8140  0.14911216
  0.8150  0.16250497
  0.8160  0.18726734
  0.8170  0.22112713
  0.8180  0.26188422
  0.8190  0.30793951
  0.8200  0.35823363
  0.8210  0.41207061
  0.8220  0.46897973
  0.8230  0.52862795
  0.8240  0.59076754
  0.8250  0.65520465
  0.8260  0.72178043
  0.8270  0.79035917
  0.8280  0.86082088
  0.8290  0.93305638
  0.8300  1.00696412
  0.8310  1.08244795
  0.8320  1.15941564
  0.8330  1.23777781
  0.8340  1.31744721
  0.8350  1.39833818
  0.8360  1.48036628
  0.8370  1.56344802
  0.8380  1.64750069
  0.8390  1.73244218
  0.8400  1.81819097
  0.8410  1.90466601
  0.8420  1.99178672
  0.8430  2.07947297
  0.8440  2.16764511
  0.8450  2.25622392
  0.8460  2.34513072
  0.8470  2.43428732
  0.8480  2.52361612
  0.8490  2.61304010
  0.8500  2.70248288
  0.8510  2.79186879
  0.8520  2.88112288
  0.8530  2.97017097
  0.8540  3.05893973
  0.8550  3.14735670
  0.8560  3.23535035
  0.8570  3.32285012
  0.8580  3.40978648
  0.8590  3.49609097
  0.8600  3.58169624
  0.8610  3.66653612
  0.8620  3.75054563
  0.8630  3.83366106
  0.8640  3.91581998
  0.8650  3.99696130
  0.8660  4.07702530
  0.8670  4.15595368
  0.8680  4.23368959
  0.8690  4.31017764
  0.8700  4.38536398
  0.8710  4.45919630
  0.8720  4.53162385
  0.8730  4.60259748
  0.8740  4.67206970
  0.8750  4.73999463
  0.8760  4.80632808
  0.8770  4.87102754
  0.8780  4.93405221
  0.8790  4.99536301
  0.8800  5.05492261
  0.8810  5.11269539
  0.8820  5.16864752
  0.8830  5.22274690
  0.8840  5.27496322
  0.8850  5.32526792
  0.8860  5.37363421
  0.8870  5.42003709
  0.8880  5.46445330
  0.8890  5.50686134
  0.8900  5.54724148
  0.8910  5.58557570
  0.8920  5.62184776
  0.8930  5.65604310
  0.8940  5.68814887
  0.8950  5.71815394
  0.8960  5.74604882
  0.8970  5.77182570
  0.8980  5.79547837
  0.8990  5.81700227
  0.9000  5.83639439
  0.9010  5.85365332
  0.9020  5.86877917
  0.9030  5.88177354
  0.9040  5.89263955
  0.9050  5.90138175
  0.9060  5.90800611
  0.9070  5.91252001
  0.9080  5.91493216
  0.9090  5.91525262
  0.9100  5.91349274
  0.9110  5.90966511
  0.9120  5.90378356
  0.9130  5.89586311
  0.9140  5.88591991
  0.9150  5.87397124
  0.9160  5.86003548
  0.9170  5.84413201
  0.9180  5.82628124
  0.9190  5.80650456
  0.9200  5.78482426
  0.9210  5.76126356
  0.9220  5.73584652
  0.9230  5.70859801
  0.9240  5.67954370
  0.9250  5.64871002
  0.9260  5.61612410
  0.9270  5.58181373
  0.9280  5.54580738
  0.9290  5.50813410
  0.9300  5.46882353
  0.9310  5.42790585
  0.9320  5.38541174
  0.9330  5.34137235
  0.9340  5.29581931
  0.9350  5.24878462
  0.9360  5.20030070
  0.9370  5.15040031
  0.9380  5.09911654
  0.9390  5.04648279
  0.9400  4.99253271
  0.9410  4.93730022
  0.9420  4.88081947
  0.9430  4.82312480
  0.9440  4.76425072
  0.9450  4.70423191
  0.9460  4.64310318
  0.9470  4.58089946
  0.9480  4.51765578
  0.9490  4.45340724
  0.9500  4.38818902
  0.9510  4.32203632
  0.9520  4.25498441
  0.9530  4.18706854
  0.9540  4.11832399
  0.9550  4.04878603
  0.9560  3.97848991
  0.9570  3.90747086
  0.9580  3.83576406
  0.9590  3.76340466
  0.9600  3.69042774
  0.9610  3.61686834
  0.9620  3.54276142
  0.9630  3.46814188
  0.9640  3.39304454
  0.9650  3.31750412
  0.9660  3.24155531
  0.9670  3.16523265
  0.9680  3.08857064
  0.9690  3.01160367
  0.9700  2.93436604
  0.9710  2.85689197
  0.9720  2.77921556
  0.9730  2.70137085
  0.9740  2.62339177
  0.9750  2.54531216
  0.9760  2.46716577
  0.9770  2.38898626
  0.9780  2.31080718
  0.9790  2.23266203
  0.9800  2.15458419
  0.9810  2.07660695
  0.9820  1.99876354
  0.9830  1.92108709
  0.9840  1.84361062
  0.9850  1.76636711
  0.9860  1.68938944
  0.9870  1.61271038
  0.9880  1.53636267
  0.9890  1.46037893
  0.9900  1.38479173
  0.9910  1.30963356
  0.9920  1.23493685
  0.9930  1.16073398
  0.9940  1.08705731
  0.9950  1.01393915
  0.9960  0.94141187
  0.9970  0.86950790
  0.9980  0.79825985
  0.9990  0.72770063
