  0.0000  53.81025274
  0.0010  53.78435636
  0.0020  53.70667762
  0.0030  53.57724777
  0.0040  53.39611886
  0.0050  53.16336372
  0.0060  52.87907595
  0.0070  52.54336988
  0.0080  52.15638050
  0.0090  51.71826342
  0.0100  51.22919481
  0.0110  50.68937131
  0.0120  50.09900997
  0.0130  49.45834814
  0.0140  48.76764339
  0.0150  48.02717340
  0.0160  47.23723583
  0.0170  46.39814820
  0.0180  45.51024780
  0.0190  44.57389148
  0.0200  43.58945557
  0.0210  42.55733569
  0.0220  41.47794659
  0.0230  40.35172199
  0.0240  39.17911441
  0.0250  37.96059496
  0.0260  36.69665317
  0.0270  35.38779681
  0.0280  34.03455164
  0.0290  32.63746125
  0.0300  31.19708683
  0.0310  29.71400697
  0.0320  28.18881741
  0.0330  26.62213091
  0.0340  25.01457699
  0.0350  23.36680179
  0.0360  21.67946791
  0.0370  19.95325442
  0.0380  18.18885686
  0.0390  16.38698759
  0.0400  14.54837664
  0.0410  12.67377349
  0.0420  10.76395145
  0.0430  8.81971816
  0.0440  6.84194583
  0.0450  4.83167955
  0.0460  2.79073100
  0.0470  0.73251219
  0.0480  1.40637332
  0.0490  3.53430371
  0.0500  5.69621538
  0.0510  7.88699862
  0.0520  10.10517105
  0.0530  12.34966780
  0.0540  14.61952063
  0.0550  16.91378860
  0.0560  19.23153698
  0.0570  21.57182951
  0.0580  23.93372521
  0.0590  26.31627708
  0.0600  28.71853152
  0.0610  31.13952825
  0.0620  33.57830038
  0.0630  36.03387466
  0.0640  38.50527171
  0.0650  40.99150637
  0.0660  43.49158806
  0.0670  46.00452110
  0.0680  48.52930515
  0.0690  51.06493558
  0.0700  53.61040385
  0.0710  56.16469792
  0.0720  58.72680267
  0.0730  61.29570028
  0.0740  63.87037068
  0.0750  66.44979192
  0.0760  69.03294060
  0.0770  71.61879231
  0.0780  74.20632201
  0.0790  76.79450443
  0.0800  79.38231456
  0.0810  81.96872797
  0.0820  84.55272130
  0.0830  87.13327264
  0.0840  89.70936195
  0.0850  92.27997144
  0.0860  94.84408606
  0.0870  97.40069383
  0.0880  99.94878627
  0.0890  102.48735884
  0.0900  105.01541130
  0.0910  107.53194813
  0.0920  110.03597895
  0.0930  112.52651885
  0.0940  115.00258889
  0.0950  117.46321639
  0.0960  119.90743537
  0.0970  122.33428694
  0.0980  124.74281964
  0.0990  127.13208988
  0.1000  129.50116227
  0.1010  131.84910998
  0.1020  134.17501516
  0.1030  136.47796925
  0.1040  138.75707337
  0.1050  141.01143868
  0.1060  143.24018668
  0.1070  145.44244962
  0.1080  147.61737078
  0.1090  149.76410487
  0.1100  151.88181828
  0.1110  153.96968949
  0.1120  156.02690931
  0.1130  158.05268125
  0.1140  160.04622179
  0.1150  162.00676073
  0.1160  163.93354141
  0.1170  165.82582107
  0.1180  167.68287110
  0.1190  169.50397733
  0.1200  171.28844028
  0.1210  173.03557546
  0.1220  174.74471356
  0.1230  176.41520081
  0.1240  178.04639909
  0.1250  179.63768629
  0.1260  181.18845646
  0.1270  182.69812005
  0.1280  184.16610415
  0.1290  185.59185267
  0.1300  186.97482654
  0.1310  188.31450394
  0.1320  189.61038044
  0.1330  190.86196918
  0.1340  192.06880109
  0.1350  193.23042499
  0.1360  194.34640779
  0.1370  195.41633459
  0.1380  196.43980888
  0.1390  197.41645261
  0.1400  198.34590636
  0.1410  199.22782941
  0.1420  200.06189989
  0.1430  200.84781484
  0.1440  201.58529032
  0.1450  202.27406150
  0.1460  202.91388270
  0.1470  203.50452750
  0.1480  204.04578875
  0.1490  204.53747865
  0.1500  204.97942879
  0.1510  205.37149016
  0.1520  205.71353318
  0.1530  206.00544775
  0.1540  206.24714321
  0.1550  206.43854834
  0.1560  206.57961139
  0.1570  206.67030004
  0.1580  206.71060135
  0.1590  206.70052179
  0.1600  206.64008711
  0.1610  206.52934237
  0.1620  206.36835182
  0.1630  206.15719888
  0.1640  205.89598603
  0.1650  205.58483477
  0.1660  205.22388546
  0.1670  204.81329730
  0.1680  204.35324816
  0.1690  203.84393452
  0.1700  203.28557129
  0.1710  202.67839174
  0.1720  202.02264732
  0.1730  201.31860753
  0.1740  200.56655977
  0.1750  199.76680919
  0.1760  198.91967851
  0.1770  198.02550784
  0.1780  197.08465452
  0.1790  196.09749293
  0.1800  195.06441427
  0.1810  193.98582641
  0.1820  192.86215362
  0.1830  191.69383642
  0.1840  190.48133129
  0.1850  189.22511052
  0.1860  187.92566192
  0.1870  186.58348861
  0.1880  185.19910874
  0.1890  183.77305532
  0.1900  182.30587585
  0.1910  180.79813216
  0.1920  179.25040010
  0.1930  177.66326925
  0.1940  176.03734268
  0.1950  174.37323664
  0.1960  172.67158030
  0.1970  170.93301543
  0.1980  169.15819612
  0.1990  167.34778847
  0.2000  165.50247031
  0.2010  163.62293084
  0.2020  161.70987038
  0.2030  159.76400000
  0.2040  157.78604123
  0.2050  155.77672574
  0.2060  153.73679497
  0.2070  151.66699986
  0.2080  149.56810046
  0.2090  147.44086565
  0.2100  145.28607273
  0.2110  143.10450715
  0.2120  140.89696213
  0.2130  138.66423831
  0.2140  136.40714340
  0.2150  134.12649187
  0.2160  131.82310453
  0.2170  129.49780825
  0.2180  127.15143553
  0.2190  124.78482422
  0.2200  122.39881709
  0.2210  119.99426154
  0.2220  117.57200917
  0.2230  115.13291550
  0.2240  112.67783954
  0.2250  110.20764345
  0.2260  107.72319221
  0.2270  105.22535323
  0.2280  102.71499598
  0.2290  100.19299168
  0.2300  97.66021287
  0.2310  95.11753311
  0.2320  92.56582660
  0.2330  90.00596782
  0.2340  87.43883120
  0.2350  84.86529070
  0.2360  82.28621955
  0.2370  79.70248984
  0.2380  77.11497216
  0.2390  74.52453531
  0.2400  71.93204589
  0.2410  69.33836802
  0.2420  66.74436294
  0.2430  64.15088872
  0.2440  61.55879990
  0.2450  58.96894716
  0.2460  56.38217699
  0.2470  53.79933139
  0.2480  51.22124750
  0.2490  48.64875731
  0.2500  46.08268735
  0.2510  43.52385837
  0.2520  40.97308502
  0.2530  38.43117554
  0.2540  35.89893151
  0.2550  33.37714748
  0.2560  30.86661074
  0.2570  28.36810099
  0.2580  25.88239008
  0.2590  23.41024174
  0.2600  20.95241126
  0.2610  18.50964527
  0.2620  16.08268146
  0.2630  13.67224830
  0.2640  11.27906483
  0.2650  8.90384037
  0.2660  6.54727432
  0.2670  4.21005599
  0.2680  1.89286481
  0.2690  0.40364637
  0.2700  2.67878369
  0.2710  4.93193170
  0.2720  7.16244760
  0.2730  9.36970774
  0.2740  11.55310038
  0.2750  13.71202578
  0.2760  15.84589625
  0.2770  17.95413641
  0.2780  20.03618330
  0.2790  22.09148657
  0.2800  24.11950864
  0.2810  26.11972486
  0.2820  28.09162364
  0.2830  30.03470664
  0.2840  31.94848885
  0.2850  33.83249875
  0.2860  35.68627843
  0.2870  37.50938372
  0.2880  39.30138428
  0.2890  41.06186372
  0.2900  42.79041968
  0.2910  44.48666395
  0.2920  46.15022254
  0.2930  47.78073574
  0.2940  49.37785824
  0.2950  50.94125914
  0.2960  52.47062204
  0.2970  53.96564511
  0.2980  55.42604108
  0.2990  56.85153735
  0.3000  58.24187596
  0.3010  59.59681366
  0.3020  60.91612190
  0.3030  62.19958687
  0.3040  63.44700949
  0.3050  64.65820541
  0.3060  65.83300503
  0.3070  66.97125345
  0.3080  68.07281047
  0.3090  69.13755058
  0.3100  70.16536292
  0.3110  71.15615121
  0.3120  72.10983379
  0.3130  73.02634347
  0.3140  73.90562755
  0.3150  74.74764773
  0.3160  75.55238005
  0.3170  76.31981481
  0.3180  77.04995652
  0.3190  77.74282377
  0.3200  78.39844918
  0.3210  79.01687930
  0.3220  79.59817448
  0.3230  80.14240881
  0.3240  80.64966997
  0.3250  81.12005915
  0.3260  81.55369090
  0.3270  81.95069300
  0.3280  82.31120637
  0.3290  82.63538490
  0.3300  82.92339532
  0.3310  83.17541703
  0.3320  83.39164200
  0.3330  83.57227458
  0.3340  83.71753135
  0.3350  83.82764096
  0.3360  83.90284394
  0.3370  83.94339259
  0.3380  83.94955072
  0.3390  83.92159355
  0.3400  83.85980746
  0.3410  83.76448986
  0.3420  83.63594896
  0.3430  83.47450360
  0.3440  83.28048304
  0.3450  83.05422676
  0.3460  82.79608427
  0.3470  82.50641488
  0.3480  82.18558751
  0.3490  81.83398048
  0.3500  81.45198128
  0.3510  81.03998635
  0.3520  80.59840089
  0.3530  80.12763861
  0.3540  79.62812148
  0.3550  79.10027959
  0.3560  78.54455083
  0.3570  77.96138070
  0.3580  77.35122208
  0.3590  76.71453498
  0.3600  76.05178633
  0.3610  75.36344970
  0.3620  74.65000511
  0.3630  73.91193876
  0.3640  73.14974280
  0.3650  72.36391506
  0.3660  71.55495886
  0.3670  70.72338273
  0.3680  69.86970018
  0.3690  68.99442942
  0.3700  68.09809319
  0.3710  67.18121842
  0.3720  66.24433607
  0.3730  65.28798083
  0.3740  64.31269089
  0.3750  63.31900771
  0.3760  62.30747574
  0.3770  61.27864221
  0.3780  60.23305686
  0.3790  59.17127171
  0.3800  58.09384083
  0.3810  57.00132006
  0.3820  55.89426679
  0.3830  54.77323973
  0.3840  53.63879865
  0.3850  52.49150415
  0.3860  51.33191743
  0.3870  50.16060005
  0.3880  48.97811367
  0.3890  47.78501987
  0.3900  46.58187987
  0.3910  45.36925432
  0.3920  44.14770310
  0.3930  42.91778503
  0.3940  41.68005770
  0.3950  40.43507723
  0.3960  39.18339807
  0.3970  37.92557275
  0.3980  36.66215168
  0.3990  35.39368295
  0.4000  34.12071212
  0.4010  32.84378200
  0.4020  31.56343244
  0.4030  30.28020017
  0.4040  28.99461856
  0.4050  27.70721745
  0.4060  26.41852297
  0.4070  25.12905732
  0.4080  23.83933862
  0.4090  22.54988075
  0.4100  21.26119313
  0.4110  19.97378061
  0.4120  18.68814333
  0.4130  17.40477653
  0.4140  16.12417051
  0.4150  14.84681051
  0.4160  13.57317668
  0.4170  12.30374421
  0.4180  11.03898344
  0.4190  9.77936043
  0.4200  8.52533800
  0.4210  7.27737794
  0.4220  6.03594626
  0.4230  4.80152636
  0.4240  3.57465958
  0.4250  2.35611025
  0.4260  1.14806845
  0.4270  0.13850015
  0.4280  1.26162934
  0.4290  2.44323602
  0.4300  3.61702332
  0.4310  4.78117807
  0.4320  5.93502889
  0.4330  7.07811013
  0.4340  8.21002157
  0.4350  9.33039275
  0.4360  10.43887090
  0.4370  11.53511622
  0.4380  12.61879967
  0.4390  13.68960195
  0.4400  14.74721296
  0.4410  15.79133150
  0.4420  16.82166515
  0.4430  17.83793017
  0.4440  18.83985146
  0.4450  19.82716259
  0.4460  20.79960575
  0.4470  21.75693182
  0.4480  22.69890032
  0.4490  23.62527949
  0.4500  24.53584625
  0.4510  25.43038627
  0.4520  26.30869392
  0.4530  27.17057234
  0.4540  28.01583341
  0.4550  28.84429777
  0.4560  29.65579479
  0.4570  30.45016262
  0.4580  31.22724815
  0.4590  31.98690698
  0.4600  32.72900347
  0.4610  33.45341064
  0.4620  34.16001023
  0.4630  34.84869263
  0.4640  35.51935683
  0.4650  36.17191047
  0.4660  36.80626972
  0.4670  37.42235928
  0.4680  38.02011235
  0.4690  38.59947055
  0.4700  39.16038390
  0.4710  39.70281076
  0.4720  40.22671777
  0.4730  40.73207979
  0.4740  41.21887986
  0.4750  41.68710911
  0.4760  42.13676670
  0.4770  42.56785975
  0.4780  42.98040326
  0.4790  43.37442005
  0.4800  43.74994068
  0.4810  44.10700334
  0.4820  44.44565379
  0.4830  44.76594527
  0.4840  45.06793839
  0.4850  45.35170106
  0.4860  45.61730841
  0.4870  45.86484263
  0.4880  46.09439293
  0.4890  46.30605541
  0.4900  46.49993297
  0.4910  46.67613517
  0.4920  46.83477818
  0.4930  46.97598460
  0.4940  47.09988340
  0.4950  47.20660977
  0.4960  47.29630503
  0.4970  47.36911649
  0.4980  47.42519734
  0.4990  47.46470654
  0.5000  47.48780866
  0.5010  47.49467378
  0.5020  47.48547738
  0.5030  47.46040016
  0.5040  47.41962797
  0.5050  47.36335163
  0.5060  47.29176684
  0.5070  47.20507400
  0.5080  47.10347812
  0.5090  46.98718867
  0.5100  46.85641943
  0.5110  46.71138836
  0.5120  46.55231748
  0.5130  46.37943271
  0.5140  46.19296374
  0.5150  45.99314388
  0.5160  45.78020996
  0.5170  45.55440212
  0.5180  45.31596374
  0.5190  45.06514125
  0.5200  44.80218401
  0.5210  44.52734417
  0.5220  44.24087652
  0.5230  43.94303836
  0.5240  43.63408933
  0.5250  43.31429132
  0.5260  42.98390827
  0.5270  42.64320608
  0.5280  42.29245244
  0.5290  41.93191669
  0.5300  41.56186969
  0.5310  41.18258370
  0.5320  40.79433219
  0.5330  40.39738974
  0.5340  39.99203191
  0.5350  39.57853508
  0.5360  39.15717632
  0.5370  38.72823325
  0.5380  38.29198393
  0.5390  37.84870670
  0.5400  37.39868007
  0.5410  36.94218257
  0.5420  36.47949262
  0.5430  36.01088842
  0.5440  35.53664783
  0.5450  35.05704818
  0.5460  34.57236625
  0.5470  34.08287804
  0.5480  33.58885872
  0.5490  33.09058249
  0.5500  32.58832244
  0.5510  32.08235048
  0.5520  31.57293716
  0.5530  31.06035161
  0.5540  30.54486142
  0.5550  30.02673249
  0.5560  29.50622898
  0.5570  28.98361315
  0.5580  28.45914528
  0.5590  27.93308359
  0.5600  27.40568408
  0.5610  26.87720048
  0.5620  26.34788413
  0.5630  25.81798392
  0.5640  25.28774613
  0.5650  24.75741439
  0.5660  24.22722959
  0.5670  23.69742978
  0.5680  23.16825008
  0.5690  22.63992259
  0.5700  22.11267636
  0.5710  21.58673726
  0.5720  21.06232790
  0.5730  20.53966761
  0.5740  20.01897232
  0.5750  19.50045450
  0.5760  18.98432311
  0.5770  18.47078354
  0.5780  17.96003750
  0.5790  17.45228303
  0.5800  16.94771439
  0.5810  16.44652203
  0.5820  15.94889252
  0.5830  15.45500853
  0.5840  14.96504874
  0.5850  14.47918785
  0.5860  13.99759648
  0.5870  13.52044118
  0.5880  13.04788435
  0.5890  12.58008424
  0.5900  12.11719490
  0.5910  11.65936615
  0.5920  11.20674357
  0.5930  10.75946845
  0.5940  10.31767779
  0.5950  9.88150429
  0.5960  9.45107631
  0.5970  9.02651786
  0.5980  8.60794862
  0.5990  8.19548391
  0.6000  7.78923472
  0.6010  7.38930768
  0.6020  6.99580510
  0.6030  6.60882497
  0.6040  6.22846102
  0.6050  5.85480273
  0.6060  5.48793541
  0.6070  5.12794025
  0.6080  4.77489445
  0.6090  4.42887135
  0.6100  4.08994063
  0.6110  3.75816864
  0.6120  3.43361874
  0.6130  3.11635202
  0.6140  2.80642824
  0.6150  2.50390749
  0.6160  2.20885283
  0.6170  1.92133528
  0.6180  1.64144306
  0.6190  1.36930106
  0.6200  1.10511577
  0.6210  0.84929559
  0.6220  0.60284899
  0.6230  0.36923493
  0.6240  0.17037026
  0.6250  0.17558916
  0.6260  0.36251918
  0.6270  0.56640008
  0.6280  0.76770524
  0.6290  0.96324598
  0.6300  1.15209716
  0.6310  1.33390564
  0.6320  1.50851819
  0.6330  1.67586753
  0.6340  1.83592938
  0.6350  1.98870383
  0.6360  2.13420619
  0.6370  2.27246235
  0.6380  2.40350601
  0.6390  2.52737711
  0.6400  2.64412080
  0.6410  2.75378681
  0.6420  2.85642893
  0.6430  2.95210475
  0.6440  3.04087535
  0.6450  3.12280512
  0.6460  3.19796161
  0.6470  3.26641537
  0.6480  3.32823987
  0.6490  3.38351134
  0.6500  3.43230872
  0.6510  3.47471353
  0.6520  3.51080982
  0.6530  3.54068403
  0.6540  3.56442498
  0.6550  3.58212371
  0.6560  3.59387347
  0.6570  3.59976961
  0.6580  3.59990950
  0.6590  3.59439247
  0.6600  3.58331970
  0.6610  3.56679421
  0.6620  3.54492070
  0.6630  3.51780556
  0.6640  3.48555673
  0.6650  3.44828366
  0.6660  3.40609723
  0.6670  3.35910969
  0.6680  3.30743456
  0.6690  3.25118658
  0.6700  3.19048163
  0.6710  3.12543670
  0.6720  3.05616975
  0.6730  2.98279971
  0.6740  2.90544639
  0.6750  2.82423044
  0.6760  2.73927327
  0.6770  2.65069700
  0.6780  2.55862446
  0.6790  2.46317909
  0.6800  2.36448500
  0.6810  2.26266687
  0.6820  2.15785005
  0.6830  2.05016057
  0.6840  1.93972526
  0.6850  1.82667189
  0.6860  1.71112947
  0.6870  1.59322872
  0.6880  1.47310273
  0.6890  1.35088822
  0.6900  1.22672747
  0.6910  1.10077179
  0.6920  0.97318794
  0.6930  0.84417049
  0.6940  0.71396836
  0.6950  0.58294756
  0.6960  0.45176451
  0.6970  0.32196077
  0.6980  0.19881716
  0.6990  0.11214069
  0.7000  0.15347062
  0.7010  0.27035178
  0.7020  0.40210749
  0.7030  0.53826957
  0.7040  0.67637037
  0.7050  0.81550646
  0.7060  0.95523058
  0.7070  1.09526675
  0.7080  1.23541528
  0.7090  1.37551505
  0.7100  1.51542640
  0.7110  1.65502280
  0.7120  1.79418630
  0.7130  1.93280500
  0.7140  2.07077159
  0.7150  2.20798239
  0.7160  2.34433679
  0.7170  2.47973689
  0.7180  2.61408722
  0.7190  2.74729461
  0.7200  2.87926807
  0.7210  3.00991875
  0.7220  3.13915982
  0.7230  3.26690653
  0.7240  3.39307614
  0.7250  3.51758794
  0.7260  3.64036322
  0.7270  3.76132532
  0.7280  3.88039957
  0.7290  3.99751338
  0.7300  4.11259617
  0.7310  4.22557944
  0.7320  4.33639674
  0.7330  4.44498369
  0.7340  4.55127802
  0.7350  4.65521952
  0.7360  4.75675012
  0.7370  4.85581383
  0.7380  4.95235679
  0.7390  5.04632726
  0.7400  5.13767563
  0.7410  5.22635442
  0.7420  5.31231830
  0.7430  5.39552405
  0.7440  5.47593062
  0.7450  5.55349907
  0.7460  5.62819261
  0.7470  5.69997660
  0.7480  5.76881851
  0.7490  5.83468795
  0.7500  5.89755664
  0.7510  5.95739845
  0.7520  6.01418931
  0.7530  6.06790729
  0.7540  6.11853254
  0.7550  6.16604728
  0.7560  6.21043582
  0.7570  6.25168451
  0.7580  6.28978174
  0.7590  6.32471794
  0.7600  6.35648556
  0.7610  6.38507903
  0.7620  6.41049478
  0.7630  6.43273118
  0.7640  6.45178855
  0.7650  6.46766915
  0.7660  6.48037713
  0.7670  6.48991851
  0.7680  6.49630120
  0.7690  6.49953491
  0.7700  6.49963118
  0.7710  6.49660335
  0.7720  6.49046650
  0.7730  6.48123746
  0.7740  6.46893477
  0.7750  6.45357863
  0.7760  6.43519094
  0.7770  6.41379517
  0.7780  6.38941644
  0.7790  6.36208140
  0.7800  6.33181826
  0.7810  6.29865672
  0.7820  6.26262796
  0.7830  6.22376461
  0.7840  6.18210070
  0.7850  6.13767166
  0.7860  6.09051422
  0.7870  6.04066648
  0.7880  5.98816778
  0.7890  5.93305870
  0.7900  5.87538107
  0.7910  5.81517785
  0.7920  5.75249317
  0.7930  5.68737226
  0.7940  5.61986140
  0.7950  5.55000792
  0.7960  5.47786017
  0.7970  5.40346743
  0.7980  5.32687991
  0.7990  5.24814875
  0.8000  5.16732590
  0.8010  5.08446415
  0.8020  4.99961709
  0.8030  4.91283905
  0.8040  4.82418506
  0.8050  4.73371085
  0.8060  4.64147280
  0.8070  4.54752788
  0.8080  4.45193366
  0.8090  4.35474825
  0.8100  4.25603028
  0.8110  4.15583885
  0.8120  4.05423353
  0.8130  3.95127431
  0.8140  3.84702157
  0.8150  3.74153608
  0.8160  3.63487896
  0.8170  3.52711165
  0.8180  3.41829591
  0.8190  3.30849382
  0.8200  3.19776773
  0.8210  3.08618031
  0.8220  2.97379453
  0.8230  2.86067369
  0.8240  2.74688145
  0.8250  2.63248187
  0.8260  2.51753951
  0.8270  2.40211954
  0.8280  2.28628783
  0.8290  2.17011125
  0.8300  2.05365788
  0.8310  1.93699748
  0.8320  1.82020201
  0.8330  1.70334647
  0.8340  1.58651008
  0.8350  1.46977801
  0.8360  1.35324405
  0.8370  1.23701468
  0.8380  1.12121564
  0.8390  1.00600294
  0.8400  0.89158195
  0.8410  0.77824256
  0.8420  0.66642823
  0.8430  0.55688212
  0.8440  0.45098629
  0.8450  0.35163071
  0.8460  0.26559596
  0.8470  0.20902230
  0.8480  0.20653551
  0.8490  0.25877184
  0.8500  0.34071686
  0.8510  0.43528340
  0.8520  0.53527044
  0.8530  0.63763619
  0.8540  0.74094283
  0.8550  0.84442776
  0.8560  0.94764385
  0.8570  1.05030541
  0.8580  1.15221587
  0.8590  1.25323111
  0.8600  1.35323961
  0.8610  1.45215103
  0.8620  1.54988945
  0.8630  1.64638911
  0.8640  1.74159168
  0.8650  1.83544446
  0.8660  1.92789915
  0.8670  2.01891099
  0.8680  2.10843816
  0.8690  2.19644133
  0.8700  2.28288336
  0.8710  2.36772904
  0.8720  2.45094493
  0.8730  2.53249921
  0.8740  2.61236158
  0.8750  2.69050317
  0.8760  2.76689650
  0.8770  2.84151540
  0.8780  2.91433498
  0.8790  2.98533160
  0.8800  3.05448284
  0.8810  3.12176748
  0.8820  3.18716546
  0.8830  3.25065790
  0.8840  3.31222705
  0.8850  3.37185631
  0.8860  3.42953018
  0.8870  3.48523427
  0.8880  3.53895532
  0.8890  3.59068112
  0.8900  3.64040056
  0.8910  3.68810360
  0.8920  3.73378127
  0.8930  3.77742564
  0.8940  3.81902981
  0.8950  3.85858796
  0.8960  3.89609525
  0.8970  3.93154787
  0.8980  3.96494303
  0.8990  3.99627891
  0.9000  4.02555471
  0.9010  4.05277056
  0.9020  4.07792760
  0.9030  4.10102789
  0.9040  4.12207445
  0.9050  4.14107122
  0.9060  4.15802306
  0.9070  4.17293574
  0.9080  4.18581592
  0.9090  4.19667115
  0.9100  4.20550983
  0.9110  4.21234123
  0.9120  4.21717545
  0.9130  4.22002343
  0.9140  4.22089692
  0.9150  4.21980846
  0.9160  4.21677138
  0.9170  4.21179979
  0.9180  4.20490855
  0.9190  4.19611325
  0.9200  4.18543022
  0.9210  4.17287649
  0.9220  4.15846979
  0.9230  4.14222854
  0.9240  4.12417181
  0.9250  4.10431932
  0.9260  4.08269143
  0.9270  4.05930911
  0.9280  4.03419393
  0.9290  4.00736805
  0.9300  3.97885421
  0.9310  3.94867566
  0.9320  3.91685625
  0.9330  3.88342030
  0.9340  3.84839265
  0.9350  3.81179864
  0.9360  3.77366407
  0.9370  3.73401520
  0.9380  3.69287875
  0.9390  3.65028183
  0.9400  3.60625200
  0.9410  3.56081719
  0.9420  3.51400572
  0.9430  3.46584628
  0.9440  3.41636790
  0.9450  3.36559998
  0.9460  3.31357220
  0.9470  3.26031459
  0.9480  3.20585747
  0.9490  3.15023143
  0.9500  3.09346737
  0.9510  3.03559643
  0.9520  2.97665001
  0.9530  2.91665978
  0.9540  2.85565764
  0.9550  2.79367571
  0.9560  2.73074638
  0.9570  2.66690225
  0.9580  2.60217616
  0.9590  2.53660117
  0.9600  2.47021061
  0.9610  2.40303806
  0.9620  2.33511737
  0.9630  2.26648268
  0.9640  2.19716848
  0.9650  2.12720961
  0.9660  2.05664135
  0.9670  1.98549945
  0.9680  1.91382026
  0.9690  1.84164081
  0.9700  1.76899897
  0.9710  1.69593364
  0.9720  1.62248498
  0.9730  1.54869474
  0.9740  1.47460666
  0.9750  1.40026705
  0.9760  1.32572550
  0.9770  1.25103592
  0.9780  1.17625793
  0.9790  1.10145883
  0.9800  1.02671640
  0.9810  0.95212296
  0.9820  0.87779153
  0.9830  0.80386508
  0.9840  0.73053116
  0.9850  0.65804553
  0.9860  0.58677160
  0.9870  0.51724841
  0.9880  0.45031101
  0.9890  0.38730655
  0.9900  0.33047016
  0.9910  0.28347947
  0.9920  0.25180862
  0.9930  0.24142401
  0.9940  0.25477851
  0.9950  0.28842426
  0.9960  0.33615538
  0.9970  0.39270565
  0.9980  0.45463756
  0.9990  0.51987822
