  0.0000  62.29300335
  0.0010  62.26687760
  0.0020  62.18851044
  0.0030  62.05793214
  0.0040  61.87519313
  0.0050  61.64036398
  0.0060  61.35353540
  0.0070  61.01481814
  0.0080  60.62434302
  0.0090  60.18226082
  0.0100  59.68874226
  0.0110  59.14397789
  0.0120  58.54817807
  0.0130  57.90157281
  0.0140  57.20441175
  0.0150  56.45696402
  0.0160  55.65951815
  0.0170  54.81238192
  0.0180  53.91588229
  0.0190  52.97036523
  0.0200  51.97619557
  0.0210  50.93375692
  0.0220  49.84345142
  0.0230  48.70569967
  0.0240  47.52094049
  0.0250  46.28963079
  0.0260  45.01224538
  0.0270  43.68927673
  0.0280  42.32123487
  0.0290  40.90864707
  0.0300  39.45205774
  0.0310  37.95202811
  0.0320  36.40913609
  0.0330  34.82397599
  0.0340  33.19715828
  0.0350  31.52930940
  0.0360  29.82107144
  0.0370  28.07310192
  0.0380  26.28607356
  0.0390  24.46067396
  0.0400  22.59760535
  0.0410  20.69758439
  0.0420  18.76134180
  0.0430  16.78962221
  0.0440  14.78318392
  0.0450  12.74279880
  0.0460  10.66925235
  0.0470  8.56334455
  0.0480  6.42589267
  0.0490  4.25774439
  0.0500  2.05987729
  0.0510  0.17437782
  0.0520  2.42375964
  0.0530  4.70631007
  0.0540  7.01547875
  0.0550  9.35027453
  0.0560  11.70978080
  0.0570  14.09308666
  0.0580  16.49927684
  0.0590  18.92742928
  0.0600  21.37661465
  0.0610  23.84589630
  0.0620  26.33433047
  0.0630  28.84096661
  0.0640  31.36484769
  0.0650  33.90501054
  0.0660  36.46048627
  0.0670  39.03030056
  0.0680  41.61347413
  0.0690  44.20902307
  0.0700  46.81595923
  0.0710  49.43329063
  0.0720  52.06002183
  0.0730  54.69515437
  0.0740  57.33768708
  0.0750  59.98661656
  0.0760  62.64093753
  0.0770  65.29964324
  0.0780  67.96172584
  0.0790  70.62617684
  0.0800  73.29198745
  0.0810  75.95814898
  0.0820  78.62365328
  0.0830  81.28749310
  0.0840  83.94866248
  0.0850  86.60615718
  0.0860  89.25897503
  0.0870  91.90611635
  0.0880  94.54658436
  0.0890  97.17938551
  0.0900  99.80352993
  0.0910  102.41803177
  0.0920  105.02190962
  0.0930  107.61418685
  0.0940  110.19389203
  0.0950  112.76005930
  0.0960  115.31172873
  0.0970  117.84794667
  0.0980  120.36776618
  0.0990  122.87024735
  0.1000  125.35445765
  0.1010  127.81947235
  0.1020  130.26437481
  0.1030  132.68825686
  0.1040  135.09021914
  0.1050  137.46937147
  0.1060  139.82483314
  0.1070  142.15573330
  0.1080  144.46121123
  0.1090  146.74041673
  0.1100  148.99251038
  0.1110  151.21666392
  0.1120  153.41206050
  0.1130  155.57789502
  0.1140  157.71337444
  0.1150  159.81771803
  0.1160  161.89015771
  0.1170  163.92993832
  0.1180  165.93631789
  0.1190  167.90856790
  0.1200  169.84597357
  0.1210  171.74783414
  0.1220  173.61346307
  0.1230  175.44218833
  0.1240  177.23335262
  0.1250  178.98631362
  0.1260  180.70044424
  0.1270  182.37513277
  0.1280  184.00978318
  0.1290  185.60381528
  0.1300  187.15666494
  0.1310  188.66778427
  0.1320  190.13664182
  0.1330  191.56272276
  0.1340  192.94552906
  0.1350  194.28457964
  0.1360  195.57941054
  0.1370  196.82957507
  0.1380  198.03464395
  0.1390  199.19420545
  0.1400  200.30786554
  0.1410  201.37524796
  0.1420  202.39599440
  0.1430  203.36976455
  0.1440  204.29623622
  0.1450  205.17510545
  0.1460  206.00608657
  0.1470  206.78891227
  0.1480  207.52333369
  0.1490  208.20912047
  0.1500  208.84606081
  0.1510  209.43396147
  0.1520  209.97264789
  0.1530  210.46196415
  0.1540  210.90177300
  0.1550  211.29195590
  0.1560  211.63241301
  0.1570  211.92306319
  0.1580  212.16384397
  0.1590  212.35471158
  0.1600  212.49564086
  0.1610  212.58662527
  0.1620  212.62767687
  0.1630  212.61882619
  0.1640  212.56012226
  0.1650  212.45163248
  0.1660  212.29344261
  0.1670  212.08565663
  0.1680  211.82839670
  0.1690  211.52180303
  0.1700  211.16603382
  0.1710  210.76126510
  0.1720  210.30769066
  0.1730  209.80552192
  0.1740  209.25498775
  0.1750  208.65633443
  0.1760  208.00982539
  0.1770  207.31574115
  0.1780  206.57437914
  0.1790  205.78605350
  0.1800  204.95109496
  0.1810  204.06985062
  0.1820  203.14268381
  0.1830  202.16997385
  0.1840  201.15211589
  0.1850  200.08952072
  0.1860  198.98261452
  0.1870  197.83183867
  0.1880  196.63764952
  0.1890  195.40051820
  0.1900  194.12093034
  0.1910  192.79938586
  0.1920  191.43639874
  0.1930  190.03249673
  0.1940  188.58822116
  0.1950  187.10412664
  0.1960  185.58078079
  0.1970  184.01876403
  0.1980  182.41866926
  0.1990  180.78110158
  0.2000  179.10667806
  0.2010  177.39602742
  0.2020  175.64978974
  0.2030  173.86861619
  0.2040  172.05316874
  0.2050  170.20411981
  0.2060  168.32215206
  0.2070  166.40795798
  0.2080  164.46223967
  0.2090  162.48570848
  0.2100  160.47908472
  0.2110  158.44309732
  0.2120  156.37848355
  0.2130  154.28598866
  0.2140  152.16636557
  0.2150  150.02037454
  0.2160  147.84878289
  0.2170  145.65236458
  0.2180  143.43189997
  0.2190  141.18817543
  0.2200  138.92198303
  0.2210  136.63412021
  0.2220  134.32538943
  0.2230  131.99659784
  0.2240  129.64855695
  0.2250  127.28208229
  0.2260  124.89799305
  0.2270  122.49711180
  0.2280  120.08026408
  0.2290  117.64827810
  0.2300  115.20198443
  0.2310  112.74221560
  0.2320  110.26980581
  0.2330  107.78559057
  0.2340  105.29040640
  0.2350  102.78509046
  0.2360  100.27048020
  0.2370  97.74741311
  0.2380  95.21672630
  0.2390  92.67925621
  0.2400  90.13583831
  0.2410  87.58730673
  0.2420  85.03449395
  0.2430  82.47823049
  0.2440  79.91934460
  0.2450  77.35866190
  0.2460  74.79700512
  0.2470  72.23519377
  0.2480  69.67404382
  0.2490  67.11436740
  0.2500  64.55697251
  0.2510  62.00266273
  0.2520  59.45223687
  0.2530  56.90648878
  0.2540  54.36620695
  0.2550  51.83217432
  0.2560  49.30516794
  0.2570  46.78595876
  0.2580  44.27531128
  0.2590  41.77398340
  0.2600  39.28272605
  0.2610  36.80228305
  0.2620  34.33339084
  0.2630  31.87677826
  0.2640  29.43316638
  0.2650  27.00326838
  0.2660  24.58778940
  0.2670  22.18742664
  0.2680  19.80286949
  0.2690  17.43480008
  0.2700  15.08389452
  0.2710  12.75082568
  0.2720  10.43626984
  0.2730  8.14092478
  0.2740  5.86556967
  0.2750  3.61134744
  0.2760  1.38276390
  0.2770  0.85667328
  0.2780  3.03611629
  0.2790  5.20266613
  0.2800  7.34708770
  0.2810  9.46806517
  0.2820  11.56486268
  0.2830  13.63687932
  0.2840  15.68356588
  0.2850  17.70440122
  0.2860  19.69888389
  0.2870  21.66652861
  0.2880  23.60686470
  0.2890  25.51943535
  0.2900  27.40379716
  0.2910  29.25952005
  0.2920  31.08618713
  0.2930  32.88339469
  0.2940  34.65075223
  0.2950  36.38788247
  0.2960  38.09442141
  0.2970  39.77001835
  0.2980  41.41433596
  0.2990  43.02705031
  0.3000  44.60785091
  0.3010  46.15644074
  0.3020  47.67253630
  0.3030  49.15586763
  0.3040  50.60617832
  0.3050  52.02322555
  0.3060  53.40678009
  0.3070  54.75662630
  0.3080  56.07256214
  0.3090  57.35439919
  0.3100  58.60196258
  0.3110  59.81509106
  0.3120  60.99363688
  0.3130  62.13746587
  0.3140  63.24645732
  0.3150  64.32050399
  0.3160  65.35951206
  0.3170  66.36340110
  0.3180  67.33210398
  0.3190  68.26556683
  0.3200  69.16374899
  0.3210  70.02662295
  0.3220  70.85417424
  0.3230  71.64640137
  0.3240  72.40331578
  0.3250  73.12494170
  0.3260  73.81131608
  0.3270  74.46248853
  0.3280  75.07852116
  0.3290  75.65948849
  0.3300  76.20547739
  0.3310  76.71658688
  0.3320  77.19292810
  0.3330  77.63462412
  0.3340  78.04180985
  0.3350  78.41463188
  0.3360  78.75324837
  0.3370  79.05782892
  0.3380  79.32855439
  0.3390  79.56561678
  0.3400  79.76921908
  0.3410  79.93957509
  0.3420  80.07690931
  0.3430  80.18145673
  0.3440  80.25346271
  0.3450  80.29318278
  0.3460  80.30088249
  0.3470  80.27683722
  0.3480  80.22133201
  0.3490  80.13466141
  0.3500  80.01712926
  0.3510  79.86904851
  0.3520  79.69074107
  0.3530  79.48253756
  0.3540  79.24477719
  0.3550  78.97780752
  0.3560  78.68198427
  0.3570  78.35767113
  0.3580  78.00523956
  0.3590  77.62506861
  0.3600  77.21754467
  0.3610  76.78306129
  0.3620  76.32201900
  0.3630  75.83482506
  0.3640  75.32189328
  0.3650  74.78364380
  0.3660  74.22050288
  0.3670  73.63290267
  0.3680  73.02128104
  0.3690  72.38608134
  0.3700  71.72775217
  0.3710  71.04674719
  0.3720  70.34352491
  0.3730  69.61854844
  0.3740  68.87228531
  0.3750  68.10520722
  0.3760  67.31778987
  0.3770  66.51051269
  0.3780  65.68385865
  0.3790  64.83831405
  0.3800  63.97436829
  0.3810  63.09251367
  0.3820  62.19324515
  0.3830  61.27706014
  0.3840  60.34445832
  0.3850  59.39594138
  0.3860  58.43201282
  0.3870  57.45317777
  0.3880  56.45994272
  0.3890  55.45281538
  0.3900  54.43230439
  0.3910  53.39891918
  0.3920  52.35316975
  0.3930  51.29556641
  0.3940  50.22661967
  0.3950  49.14683993
  0.3960  48.05673739
  0.3970  46.95682176
  0.3980  45.84760210
  0.3990  44.72958662
  0.4000  43.60328252
  0.4010  42.46919572
  0.4020  41.32783074
  0.4030  40.17969050
  0.4040  39.02527610
  0.4050  37.86508667
  0.4060  36.69961919
  0.4070  35.52936830
  0.4080  34.35482612
  0.4090  33.17648210
  0.4100  31.99482283
  0.4110  30.81033189
  0.4120  29.62348967
  0.4130  28.43477326
  0.4140  27.24465624
  0.4150  26.05360856
  0.4160  24.86209641
  0.4170  23.67058208
  0.4180  22.47952384
  0.4190  21.28937581
  0.4200  20.10058791
  0.4210  18.91360576
  0.4220  17.72887066
  0.4230  16.54681956
  0.4240  15.36788520
  0.4250  14.19249621
  0.4260  13.02107753
  0.4270  11.85405096
  0.4280  10.69183628
  0.4290  9.53485318
  0.4300  8.38352489
  0.4310  7.23828516
  0.4320  6.09959328
  0.4330  4.96796904
  0.4340  3.84408850
  0.4350  2.72911167
  0.4360  1.62633220
  0.4370  0.56215991
  0.4380  0.63782622
  0.4390  1.69125166
  0.4400  2.75990511
  0.4410  3.82299009
  0.4420  4.87758885
  0.4430  5.92265923
  0.4440  6.95761106
  0.4450  7.98201179
  0.4460  8.99549855
  0.4470  9.99774542
  0.4480  10.98844942
  0.4490  11.96732373
  0.4500  12.93409423
  0.4510  13.88849752
  0.4520  14.83027986
  0.4530  15.75919643
  0.4540  16.67501098
  0.4550  17.57749551
  0.4560  18.46643010
  0.4570  19.34160281
  0.4580  20.20280959
  0.4590  21.04985423
  0.4600  21.88254829
  0.4610  22.70071114
  0.4620  23.50416986
  0.4630  24.29275925
  0.4640  25.06632185
  0.4650  25.82470784
  0.4660  26.56777510
  0.4670  27.29538915
  0.4680  28.00742314
  0.4690  28.70375784
  0.4700  29.38428159
  0.4710  30.04889030
  0.4720  30.69748739
  0.4730  31.32998379
  0.4740  31.94629790
  0.4750  32.54635555
  0.4760  33.13008994
  0.4770  33.69744165
  0.4780  34.24835852
  0.4790  34.78279570
  0.4800  35.30071550
  0.4810  35.80208742
  0.4820  36.28688804
  0.4830  36.75510100
  0.4840  37.20671693
  0.4850  37.64173337
  0.4860  38.06015472
  0.4870  38.46199218
  0.4880  38.84726367
  0.4890  39.21599378
  0.4900  39.56821365
  0.4910  39.90396094
  0.4920  40.22327975
  0.4930  40.52622050
  0.4940  40.81283989
  0.4950  41.08320079
  0.4960  41.33737218
  0.4970  41.57542903
  0.4980  41.79745224
  0.4990  42.00352852
  0.5000  42.19375032
  0.5010  42.36821573
  0.5020  42.52702838
  0.5030  42.67029734
  0.5040  42.79813701
  0.5050  42.91066706
  0.5060  43.00801226
  0.5070  43.09030244
  0.5080  43.15767237
  0.5090  43.21026161
  0.5100  43.24821445
  0.5110  43.27167980
  0.5120  43.28081104
  0.5130  43.27576596
  0.5140  43.25670661
  0.5150  43.22379919
  0.5160  43.17721397
  0.5170  43.11712514
  0.5180  43.04371071
  0.5190  42.95715238
  0.5200  42.85763545
  0.5210  42.74534868
  0.5220  42.62048418
  0.5230  42.48323731
  0.5240  42.33380652
  0.5250  42.17239325
  0.5260  41.99920186
  0.5270  41.81443942
  0.5280  41.61831567
  0.5290  41.41104284
  0.5300  41.19283559
  0.5310  40.96391085
  0.5320  40.72448770
  0.5330  40.47478728
  0.5340  40.21503263
  0.5350  39.94544862
  0.5360  39.66626180
  0.5370  39.37770026
  0.5380  39.07999359
  0.5390  38.77337266
  0.5400  38.45806960
  0.5410  38.13431762
  0.5420  37.80235092
  0.5430  37.46240456
  0.5440  37.11471436
  0.5450  36.75951680
  0.5460  36.39704886
  0.5470  36.02754796
  0.5480  35.65125181
  0.5490  35.26839835
  0.5500  34.87922556
  0.5510  34.48397143
  0.5520  34.08287382
  0.5530  33.67617036
  0.5540  33.26409832
  0.5550  32.84689456
  0.5560  32.42479539
  0.5570  31.99803645
  0.5580  31.56685266
  0.5590  31.13147810
  0.5600  30.69214590
  0.5610  30.24908817
  0.5620  29.80253586
  0.5630  29.35271874
  0.5640  28.89986524
  0.5650  28.44420240
  0.5660  27.98595577
  0.5670  27.52534931
  0.5680  27.06260533
  0.5690  26.59794442
  0.5700  26.13158530
  0.5710  25.66374481
  0.5720  25.19463781
  0.5730  24.72447709
  0.5740  24.25347332
  0.5750  23.78183495
  0.5760  23.30976816
  0.5770  22.83747679
  0.5780  22.36516225
  0.5790  21.89302349
  0.5800  21.42125692
  0.5810  20.95005632
  0.5820  20.47961285
  0.5830  20.01011490
  0.5840  19.54174813
  0.5850  19.07469535
  0.5860  18.60913647
  0.5870  18.14524851
  0.5880  17.68320548
  0.5890  17.22317838
  0.5900  16.76533512
  0.5910  16.30984053
  0.5920  15.85685627
  0.5930  15.40654080
  0.5940  14.95904939
  0.5950  14.51453402
  0.5960  14.07314340
  0.5970  13.63502289
  0.5980  13.20031455
  0.5990  12.76915701
  0.6000  12.34168556
  0.6010  11.91803202
  0.6020  11.49832481
  0.6030  11.08268886
  0.6040  10.67124566
  0.6050  10.26411319
  0.6060  9.86140597
  0.6070  9.46323497
  0.6080  9.06970769
  0.6090  8.68092809
  0.6100  8.29699665
  0.6110  7.91801031
  0.6120  7.54406251
  0.6130  7.17524322
  0.6140  6.81163890
  0.6150  6.45333257
  0.6160  6.10040380
  0.6170  5.75292878
  0.6180  5.41098032
  0.6190  5.07462795
  0.6200  4.74393797
  0.6210  4.41897356
  0.6220  4.09979493
  0.6230  3.78645948
  0.6240  3.47902213
  0.6250  3.17753567
  0.6260  2.88205140
  0.6270  2.59262013
  0.6280  2.30929368
  0.6290  2.03212771
  0.6300  1.76118666
  0.6310  1.49655359
  0.6320  1.23835134
  0.6330  0.98679384
  0.6340  0.74233288
  0.6350  0.50619739
  0.6360  0.28342676
  0.6370  0.12078635
  0.6380  0.22467138
  0.6390  0.42389472
  0.6400  0.62780879
  0.6410  0.82826002
  0.6420  1.02357739
  0.6430  1.21321643
  0.6440  1.39695456
  0.6450  1.57469051
  0.6460  1.74637800
  0.6470  1.91199937
  0.6480  2.07155364
  0.6490  2.22505064
  0.6500  2.37250774
  0.6510  2.51394802
  0.6520  2.64939919
  0.6530  2.77889281
  0.6540  2.90246386
  0.6550  3.02015037
  0.6560  3.13199321
  0.6570  3.23803588
  0.6580  3.33832435
  0.6590  3.43290697
  0.6600  3.52183434
  0.6610  3.60515925
  0.6620  3.68293655
  0.6630  3.75522312
  0.6640  3.82207780
  0.6650  3.88356127
  0.6660  3.93973604
  0.6670  3.99066640
  0.6680  4.03641828
  0.6690  4.07705929
  0.6700  4.11265858
  0.6710  4.14328683
  0.6720  4.16901620
  0.6730  4.18992023
  0.6740  4.20607383
  0.6750  4.21755319
  0.6760  4.22443574
  0.6770  4.22680013
  0.6780  4.22472610
  0.6790  4.21829450
  0.6800  4.20758721
  0.6810  4.19268707
  0.6820  4.17367786
  0.6830  4.15064422
  0.6840  4.12367164
  0.6850  4.09284635
  0.6860  4.05825533
  0.6870  4.01998623
  0.6880  3.97812732
  0.6890  3.93276745
  0.6900  3.88399603
  0.6910  3.83190294
  0.6920  3.77657850
  0.6930  3.71811344
  0.6940  3.65659887
  0.6950  3.59212621
  0.6960  3.52478716
  0.6970  3.45467368
  0.6980  3.38187794
  0.6990  3.30649232
  0.7000  3.22860933
  0.7010  3.14832165
  0.7020  3.06572207
  0.7030  2.98090350
  0.7040  2.89395895
  0.7050  2.80498156
  0.7060  2.71406461
  0.7070  2.62130155
  0.7080  2.52678605
  0.7090  2.43061209
  0.7100  2.33287408
  0.7110  2.23366700
  0.7120  2.13308664
  0.7130  2.03122987
  0.7140  1.92819512
  0.7150  1.82408288
  0.7160  1.71899659
  0.7170  1.61304374
  0.7180  1.50633762
  0.7190  1.39899973
  0.7200  1.29116359
  0.7210  1.18298057
  0.7220  1.07462918
  0.7230  0.96633072
  0.7240  0.85837630
  0.7250  0.75117642
  0.7260  0.64535722
  0.7270  0.54196066
  0.7280  0.44289271
  0.7290  0.35198899
  0.7300  0.27747529
  0.7310  0.23541472
  0.7320  0.24308520
  0.7330  0.29639614
  0.7340  0.37614519
  0.7350  0.46874006
  0.7360  0.56763598
  0.7370  0.66975492
  0.7380  0.77353165
  0.7390  0.87809262
  0.7400  0.98290592
  0.7410  1.08762145
  0.7420  1.19199245
  0.7430  1.29583433
  0.7440  1.39900181
  0.7450  1.50137560
  0.7460  1.60285426
  0.7470  1.70334909
  0.7480  1.80278083
  0.7490  1.90107738
  0.7500  1.99817229
  0.7510  2.09400373
  0.7520  2.18851366
  0.7530  2.28164732
  0.7540  2.37335282
  0.7550  2.46358080
  0.7560  2.55228425
  0.7570  2.63941827
  0.7580  2.72494000
  0.7590  2.80880846
  0.7600  2.89098449
  0.7610  2.97143067
  0.7620  3.05011126
  0.7630  3.12699218
  0.7640  3.20204096
  0.7650  3.27522668
  0.7660  3.34651999
  0.7670  3.41589305
  0.7680  3.48331953
  0.7690  3.54877459
  0.7700  3.61223486
  0.7710  3.67367842
  0.7720  3.73308478
  0.7730  3.79043491
  0.7740  3.84571117
  0.7750  3.89889734
  0.7760  3.94997857
  0.7770  3.99894142
  0.7780  4.04577380
  0.7790  4.09046498
  0.7800  4.13300558
  0.7810  4.17338755
  0.7820  4.21160417
  0.7830  4.24765001
  0.7840  4.28152097
  0.7850  4.31321421
  0.7860  4.34272816
  0.7870  4.37006253
  0.7880  4.39521825
  0.7890  4.41819750
  0.7900  4.43900366
  0.7910  4.45764134
  0.7920  4.47411631
  0.7930  4.48843552
  0.7940  4.50060709
  0.7950  4.51064028
  0.7960  4.51854545
  0.7970  4.52433411
  0.7980  4.52801882
  0.7990  4.52961326
  0.8000  4.52913214
  0.8010  4.52659121
  0.8020  4.52200727
  0.8030  4.51539811
  0.8040  4.50678249
  0.8050  4.49618017
  0.8060  4.48361185
  0.8070  4.46909916
  0.8080  4.45266465
  0.8090  4.43433175
  0.8100  4.41412478
  0.8110  4.39206891
  0.8120  4.36819015
  0.8130  4.34251531
  0.8140  4.31507201
  0.8150  4.28588865
  0.8160  4.25499438
  0.8170  4.22241909
  0.8180  4.18819337
  0.8190  4.15234854
  0.8200  4.11491655
  0.8210  4.07593006
  0.8220  4.03542231
  0.8230  3.99342721
  0.8240  3.94997924
  0.8250  3.90511345
  0.8260  3.85886547
  0.8270  3.81127146
  0.8280  3.76236811
  0.8290  3.71219260
  0.8300  3.66078262
  0.8310  3.60817632
  0.8320  3.55441229
  0.8330  3.49952959
  0.8340  3.44356768
  0.8350  3.38656645
  0.8360  3.32856619
  0.8370  3.26960757
  0.8380  3.20973166
  0.8390  3.14897990
  0.8400  3.08739409
  0.8410  3.02501642
  0.8420  2.96188943
  0.8430  2.89805606
  0.8440  2.83355962
  0.8450  2.76844381
  0.8460  2.70275278
  0.8470  2.63653109
  0.8480  2.56982378
  0.8490  2.50267642
  0.8500  2.43513514
  0.8510  2.36724669
  0.8520  2.29905856
  0.8530  2.23061901
  0.8540  2.16197728
  0.8550  2.09318362
  0.8560  2.02428958
  0.8570  1.95534814
  0.8580  1.88641402
  0.8590  1.81754395
  0.8600  1.74879713
  0.8610  1.68023564
  0.8620  1.61192506
  0.8630  1.54393523
  0.8640  1.47634108
  0.8650  1.40922383
  0.8660  1.34267236
  0.8670  1.27678502
  0.8680  1.21167184
  0.8690  1.14745738
  0.8700  1.08428430
  0.8710  1.02231797
  0.8720  0.96175215
  0.8730  0.90281628
  0.8740  0.84578439
  0.8750  0.79098590
  0.8760  0.73881805
  0.8770  0.68975919
  0.8780  0.64438041
  0.8790  0.60335135
  0.8800  0.56743221
  0.8810  0.53744152
  0.8820  0.51418884
  0.8830  0.49837008
  0.8840  0.49044164
  0.8850  0.49051236
  0.8860  0.49829976
  0.8870  0.51317318
  0.8880  0.53426534
  0.8890  0.56060542
  0.8900  0.59123162
  0.8910  0.62526323
  0.8920  0.66193421
  0.8930  0.70059958
  0.8940  0.74072666
  0.8950  0.78188000
  0.8960  0.82370494
  0.8970  0.86591255
  0.8980  0.90826662
  0.8990  0.95057312
  0.9000  0.99267165
  0.9010  1.03442876
  0.9020  1.07573264
  0.9030  1.11648900
  0.9040  1.15661779
  0.9050  1.19605068
  0.9060  1.23472896
  0.9070  1.27260202
  0.9080  1.30962600
  0.9090  1.34576278
  0.9100  1.38097916
  0.9110  1.41524617
  0.9120  1.44853850
  0.9130  1.48083408
  0.9140  1.51211368
  0.9150  1.54236061
  0.9160  1.57156047
  0.9170  1.59970089
  0.9180  1.62677139
  0.9190  1.65276318
  0.9200  1.67766908
  0.9210  1.70148334
  0.9220  1.72420159
  0.9230  1.74582072
  0.9240  1.76633881
  0.9250  1.78575509
  0.9260  1.80406981
  0.9270  1.82128428
  0.9280  1.83740074
  0.9290  1.85242235
  0.9300  1.86635315
  0.9310  1.87919802
  0.9320  1.89096263
  0.9330  1.90165343
  0.9340  1.91127762
  0.9350  1.91984308
  0.9360  1.92735841
  0.9370  1.93383283
  0.9380  1.93927623
  0.9390  1.94369908
  0.9400  1.94711245
  0.9410  1.94952795
  0.9420  1.95095775
  0.9430  1.95141454
  0.9440  1.95091150
  0.9450  1.94946227
  0.9460  1.94708097
  0.9470  1.94378215
  0.9480  1.93958077
  0.9490  1.93449217
  0.9500  1.92853211
  0.9510  1.92171665
  0.9520  1.91406224
  0.9530  1.90558561
  0.9540  1.89630381
  0.9550  1.88623417
  0.9560  1.87539428
  0.9570  1.86380196
  0.9580  1.85147529
  0.9590  1.83843253
  0.9600  1.82469213
  0.9610  1.81027274
  0.9620  1.79519314
  0.9630  1.77947225
  0.9640  1.76312913
  0.9650  1.74618293
  0.9660  1.72865289
  0.9670  1.71055832
  0.9680  1.69191859
  0.9690  1.67275312
  0.9700  1.65308133
  0.9710  1.63292268
  0.9720  1.61229661
  0.9730  1.59122253
  0.9740  1.56971984
  0.9750  1.54780788
  0.9760  1.52550594
  0.9770  1.50283322
  0.9780  1.47980886
  0.9790  1.45645189
  0.9800  1.43278123
  0.9810  1.40881571
  0.9820  1.38457400
  0.9830  1.36007466
  0.9840  1.33533610
  0.9850  1.31037658
  0.9860  1.28521421
  0.9870  1.25986693
  0.9880  1.23435252
  0.9890  1.20868860
  0.9900  1.18289261
  0.9910  1.15698183
  0.9920  1.13097337
  0.9930  1.10488419
  0.9940  1.07873106
  0.9950  1.05253065
  0.9960  1.02629945
  0.9970  1.00005384
  0.9980  0.97381011
  0.9990  0.94758444
