  0.0000  69.19703705
  0.0010  69.16465735
  0.0020  69.06753287
  0.0030  68.90570740
  0.0040  68.67925394
  0.0050  68.38827462
  0.0060  68.03290068
  0.0070  67.61329239
  0.0080  67.12963899
  0.0090  66.58215859
  0.0100  65.97109807
  0.0110  65.29673299
  0.0120  64.55936740
  0.0130  63.75933378
  0.0140  62.89699281
  0.0150  61.97273326
  0.0160  60.98697174
  0.0170  59.94015260
  0.0180  58.83274762
  0.0190  57.66525588
  0.0200  56.43820346
  0.0210  55.15214324
  0.0220  53.80765459
  0.0230  52.40534316
  0.0240  50.94584056
  0.0250  49.42980408
  0.0260  47.85791636
  0.0270  46.23088511
  0.0280  44.54944275
  0.0290  42.81434607
  0.0300  41.02637589
  0.0310  39.18633669
  0.0320  37.29505626
  0.0330  35.35338525
  0.0340  33.36219688
  0.0350  31.32238642
  0.0360  29.23487090
  0.0370  27.10058861
  0.0380  24.92049874
  0.0390  22.69558093
  0.0400  20.42683494
  0.0410  18.11528028
  0.0420  15.76195603
  0.0430  13.36792088
  0.0440  10.93425404
  0.0450  8.46205853
  0.0460  5.95247431
  0.0470  3.40675377
  0.0480  0.82777135
  0.0490  1.79174182
  0.0500  4.43901369
  0.0510  7.11855392
  0.0520  9.82867355
  0.0530  12.56808885
  0.0540  15.33555382
  0.0550  18.12982308
  0.0560  20.94964423
  0.0570  23.79375582
  0.0580  26.66088705
  0.0590  29.54975787
  0.0600  32.45907941
  0.0610  35.38755443
  0.0620  38.33387791
  0.0630  41.29673760
  0.0640  44.27481460
  0.0650  47.26678398
  0.0660  50.27131536
  0.0670  53.28707355
  0.0680  56.31271915
  0.0690  59.34690917
  0.0700  62.38829766
  0.0710  65.43553632
  0.0720  68.48727516
  0.0730  71.54216307
  0.0740  74.59884848
  0.0750  77.65597998
  0.0760  80.71220695
  0.0770  83.76618018
  0.0780  86.81655249
  0.0790  89.86197936
  0.0800  92.90111953
  0.0810  95.93263566
  0.0820  98.95519490
  0.0830  101.96746955
  0.0840  104.96813761
  0.0850  107.95588345
  0.0860  110.92939839
  0.0870  113.88738128
  0.0880  116.82853913
  0.0890  119.75158768
  0.0900  122.65525199
  0.0910  125.53826702
  0.0920  128.39937824
  0.0930  131.23734213
  0.0940  134.05092682
  0.0950  136.83891260
  0.0960  139.60009250
  0.0970  142.33327282
  0.0980  145.03727368
  0.0990  147.71092952
  0.1000  150.35308969
  0.1010  152.96261889
  0.1020  155.53839772
  0.1030  158.07932320
  0.1040  160.58430919
  0.1050  163.05228696
  0.1060  165.48220559
  0.1070  167.87303248
  0.1080  170.22375378
  0.1090  172.53337484
  0.1100  174.80092065
  0.1110  177.02543628
  0.1120  179.20598725
  0.1130  181.34165998
  0.1140  183.43156215
  0.1150  185.47482311
  0.1160  187.47059421
  0.1170  189.41804921
  0.1180  191.31638460
  0.1190  193.16481992
  0.1200  194.96259812
  0.1210  196.70898585
  0.1220  198.40327377
  0.1230  200.04477682
  0.1240  201.63283453
  0.1250  203.16681123
  0.1260  204.64609637
  0.1270  206.07010468
  0.1280  207.43827645
  0.1290  208.75007774
  0.1300  210.00500053
  0.1310  211.20256297
  0.1320  212.34230950
  0.1330  213.42381103
  0.1340  214.44666508
  0.1350  215.41049593
  0.1360  216.31495471
  0.1370  217.15971953
  0.1380  217.94449555
  0.1390  218.66901505
  0.1400  219.33303756
  0.1410  219.93634981
  0.1420  220.47876584
  0.1430  220.96012700
  0.1440  221.38030197
  0.1450  221.73918674
  0.1460  222.03670458
  0.1470  222.27280606
  0.1480  222.44746895
  0.1490  222.56069820
  0.1500  222.61252585
  0.1510  222.60301095
  0.1520  222.53223947
  0.1530  222.40032417
  0.1540  222.20740450
  0.1550  221.95364644
  0.1560  221.63924237
  0.1570  221.26441091
  0.1580  220.82939670
  0.1590  220.33447028
  0.1600  219.77992785
  0.1610  219.16609107
  0.1620  218.49330682
  0.1630  217.76194698
  0.1640  216.97240819
  0.1650  216.12511156
  0.1660  215.22050243
  0.1670  214.25905009
  0.1680  213.24124744
  0.1690  212.16761075
  0.1700  211.03867931
  0.1710  209.85501511
  0.1720  208.61720249
  0.1730  207.32584782
  0.1740  205.98157916
  0.1750  204.58504583
  0.1760  203.13691810
  0.1770  201.63788679
  0.1780  200.08866284
  0.1790  198.48997697
  0.1800  196.84257924
  0.1810  195.14723860
  0.1820  193.40474254
  0.1830  191.61589659
  0.1840  189.78152392
  0.1850  187.90246484
  0.1860  185.97957644
  0.1870  184.01373201
  0.1880  182.00582067
  0.1890  179.95674685
  0.1900  177.86742982
  0.1910  175.73880320
  0.1920  173.57181446
  0.1930  171.36742448
  0.1940  169.12660696
  0.1950  166.85034799
  0.1960  164.53964551
  0.1970  162.19550880
  0.1980  159.81895799
  0.1990  157.41102347
  0.2000  154.97274547
  0.2010  152.50517344
  0.2020  150.00936558
  0.2030  147.48638831
  0.2040  144.93731571
  0.2050  142.36322899
  0.2060  139.76521601
  0.2070  137.14437066
  0.2080  134.50179241
  0.2090  131.83858570
  0.2100  129.15585948
  0.2110  126.45472661
  0.2120  123.73630337
  0.2130  121.00170891
  0.2140  118.25206471
  0.2150  115.48849407
  0.2160  112.71212159
  0.2170  109.92407260
  0.2180  107.12547270
  0.2190  104.31744718
  0.2200  101.50112057
  0.2210  98.67761605
  0.2220  95.84805504
  0.2230  93.01355659
  0.2240  90.17523699
  0.2250  87.33420920
  0.2260  84.49158241
  0.2270  81.64846156
  0.2280  78.80594684
  0.2290  75.96513331
  0.2300  73.12711037
  0.2310  70.29296139
  0.2320  67.46376328
  0.2330  64.64058609
  0.2340  61.82449266
  0.2350  59.01653827
  0.2360  56.21777032
  0.2370  53.42922814
  0.2380  50.65194274
  0.2390  47.88693674
  0.2400  45.13522440
  0.2410  42.39781180
  0.2420  39.67569727
  0.2430  36.96987213
  0.2440  34.28132208
  0.2450  31.61102921
  0.2460  28.95997552
  0.2470  26.32914845
  0.2480  23.71955025
  0.2490  21.13221409
  0.2500  18.56823324
  0.2510  16.02881730
  0.2520  13.51540904
  0.2530  11.02995478
  0.2540  8.57562641
  0.2550  6.15920423
  0.2560  3.80219784
  0.2570  1.64524913
  0.2580  1.50963258
  0.2590  3.57166665
  0.2600  5.80651719
  0.2610  8.04508591
  0.2620  10.26359446
  0.2630  12.45491926
  0.2640  14.61591099
  0.2650  16.74476875
  0.2660  18.84025935
  0.2670  20.90142860
  0.2680  22.92747745
  0.2690  24.91770279
  0.2700  26.87146666
  0.2710  28.78817932
  0.2720  30.66728925
  0.2730  32.50827716
  0.2740  34.31065216
  0.2750  36.07394929
  0.2760  37.79772784
  0.2770  39.48157026
  0.2780  41.12508140
  0.2790  42.72788786
  0.2800  44.28963769
  0.2810  45.81000005
  0.2820  47.28866498
  0.2830  48.72534323
  0.2840  50.11976614
  0.2850  51.47168550
  0.2860  52.78087346
  0.2870  54.04712242
  0.2880  55.27024499
  0.2890  56.45007383
  0.2900  57.58646165
  0.2910  58.67928104
  0.2920  59.72842445
  0.2930  60.73380403
  0.2940  61.69535160
  0.2950  62.61301847
  0.2960  63.48677538
  0.2970  64.31661237
  0.2980  65.10253864
  0.2990  65.84458241
  0.3000  66.54279084
  0.3010  67.19722979
  0.3020  67.80798375
  0.3030  68.37515562
  0.3040  68.89886660
  0.3050  69.37925595
  0.3060  69.81648087
  0.3070  70.21071626
  0.3080  70.56215456
  0.3090  70.87100553
  0.3100  71.13749607
  0.3110  71.36186995
  0.3120  71.54438766
  0.3130  71.68532611
  0.3140  71.78497846
  0.3150  71.84365385
  0.3160  71.86167716
  0.3170  71.83938876
  0.3180  71.77714427
  0.3190  71.67531425
  0.3200  71.53428402
  0.3210  71.35445331
  0.3220  71.13623602
  0.3230  70.88005994
  0.3240  70.58636649
  0.3250  70.25561036
  0.3260  69.88825930
  0.3270  69.48479379
  0.3280  69.04570672
  0.3290  68.57150314
  0.3300  68.06269991
  0.3310  67.51982540
  0.3320  66.94341921
  0.3330  66.33403184
  0.3340  65.69222435
  0.3350  65.01856808
  0.3360  64.31364432
  0.3370  63.57804401
  0.3380  62.81236736
  0.3390  62.01722363
  0.3400  61.19323071
  0.3410  60.34101487
  0.3420  59.46121041
  0.3430  58.55445935
  0.3440  57.62141114
  0.3450  56.66272232
  0.3460  55.67905620
  0.3470  54.67108261
  0.3480  53.63947756
  0.3490  52.58492298
  0.3500  51.50810642
  0.3510  50.40972079
  0.3520  49.29046408
  0.3530  48.15103916
  0.3540  46.99215355
  0.3550  45.81451918
  0.3560  44.61885225
  0.3570  43.40587311
  0.3580  42.17630610
  0.3590  40.93087958
  0.3600  39.67032587
  0.3610  38.39538141
  0.3620  37.10678689
  0.3630  35.80528764
  0.3640  34.49163401
  0.3650  33.16658216
  0.3660  31.83089493
  0.3670  30.48534316
  0.3680  29.13070749
  0.3690  27.76778075
  0.3700  26.39737125
  0.3710  25.02030725
  0.3720  23.63744317
  0.3730  22.24966821
  0.3740  20.85791857
  0.3750  19.46319504
  0.3760  18.06658884
  0.3770  16.66932033
  0.3780  15.27279900
  0.3790  13.87871881
  0.3800  12.48921590
  0.3810  11.10714076
  0.3820  9.73655200
  0.3830  8.38366761
  0.3840  7.05882924
  0.3850  5.78089114
  0.3860  4.58782019
  0.3870  3.56304641
  0.3880  2.88673593
  0.3890  2.81564667
  0.3900  3.38205119
  0.3910  4.33784429
  0.3920  5.47810888
  0.3930  6.70494249
  0.3940  7.97434258
  0.3950  9.26493038
  0.3960  10.56525139
  0.3970  11.86858693
  0.3980  13.17066970
  0.3990  14.46859393
  0.4000  15.76025674
  0.4010  17.04405368
  0.4020  18.31870377
  0.4030  19.58314450
  0.4040  20.83646628
  0.4050  22.07787014
  0.4060  23.30663974
  0.4070  24.52212225
  0.4080  25.72371510
  0.4090  26.91085657
  0.4100  28.08301900
  0.4110  29.23970381
  0.4120  30.38043784
  0.4130  31.50477055
  0.4140  32.61227189
  0.4150  33.70253075
  0.4160  34.77515365
  0.4170  35.82976377
  0.4180  36.86600020
  0.4190  37.88351731
  0.4200  38.88198426
  0.4210  39.86108461
  0.4220  40.82051602
  0.4230  41.75998994
  0.4240  42.67923146
  0.4250  43.57797905
  0.4260  44.45598446
  0.4270  45.31301259
  0.4280  46.14884134
  0.4290  46.96326153
  0.4300  47.75607678
  0.4310  48.52710347
  0.4320  49.27617063
  0.4330  50.00311983
  0.4340  50.70780518
  0.4350  51.39009318
  0.4360  52.04986268
  0.4370  52.68700481
  0.4380  53.30142287
  0.4390  53.89303228
  0.4400  54.46176047
  0.4410  55.00754683
  0.4420  55.53034257
  0.4430  56.03011069
  0.4440  56.50682582
  0.4450  56.96047416
  0.4460  57.39105336
  0.4470  57.79857243
  0.4480  58.18305160
  0.4490  58.54452223
  0.4500  58.88302666
  0.4510  59.19861812
  0.4520  59.49136059
  0.4530  59.76132865
  0.4540  60.00860737
  0.4550  60.23329215
  0.4560  60.43548858
  0.4570  60.61531229
  0.4580  60.77288882
  0.4590  60.90835344
  0.4600  61.02185100
  0.4610  61.11353575
  0.4620  61.18357121
  0.4630  61.23212997
  0.4640  61.25939352
  0.4650  61.26555210
  0.4660  61.25080449
  0.4670  61.21535784
  0.4680  61.15942748
  0.4690  61.08323675
  0.4700  60.98701679
  0.4710  60.87100637
  0.4720  60.73545164
  0.4730  60.58060602
  0.4740  60.40672992
  0.4750  60.21409058
  0.4760  60.00296188
  0.4770  59.77362407
  0.4780  59.52636365
  0.4790  59.26147309
  0.4800  58.97925065
  0.4810  58.68000018
  0.4820  58.36403088
  0.4830  58.03165712
  0.4840  57.68319818
  0.4850  57.31897810
  0.4860  56.93932539
  0.4870  56.54457288
  0.4880  56.13505745
  0.4890  55.71111985
  0.4900  55.27310450
  0.4910  54.82135919
  0.4920  54.35623495
  0.4930  53.87808582
  0.4940  53.38726858
  0.4950  52.88414259
  0.4960  52.36906956
  0.4970  51.84241333
  0.4980  51.30453965
  0.4990  50.75581598
  0.5000  50.19661130
  0.5010  49.62729585
  0.5020  49.04824095
  0.5030  48.45981881
  0.5040  47.86240230
  0.5050  47.25636475
  0.5060  46.64207975
  0.5070  46.01992095
  0.5080  45.39026189
  0.5090  44.75347575
  0.5100  44.10993519
  0.5110  43.46001217
  0.5120  42.80407774
  0.5130  42.14250186
  0.5140  41.47565321
  0.5150  40.80389905
  0.5160  40.12760497
  0.5170  39.44713478
  0.5180  38.76285032
  0.5190  38.07511128
  0.5200  37.38427504
  0.5210  36.69069652
  0.5220  35.99472801
  0.5230  35.29671904
  0.5240  34.59701618
  0.5250  33.89596295
  0.5260  33.19389966
  0.5270  32.49116324
  0.5280  31.78808716
  0.5290  31.08500125
  0.5300  30.38223162
  0.5310  29.68010052
  0.5320  28.97892622
  0.5330  28.27902292
  0.5340  27.58070061
  0.5350  26.88426502
  0.5360  26.19001752
  0.5370  25.49825498
  0.5380  24.80926978
  0.5390  24.12334966
  0.5400  23.44077772
  0.5410  22.76183232
  0.5420  22.08678708
  0.5430  21.41591079
  0.5440  20.74946747
  0.5450  20.08771626
  0.5460  19.43091153
  0.5470  18.77930284
  0.5480  18.13313500
  0.5490  17.49264813
  0.5500  16.85807778
  0.5510  16.22965501
  0.5520  15.60760661
  0.5530  14.99215523
  0.5540  14.38351972
  0.5550  13.78191539
  0.5560  13.18755446
  0.5570  12.60064652
  0.5580  12.02139924
  0.5590  11.45001908
  0.5600  10.88671234
  0.5610  10.33168640
  0.5620  9.78515135
  0.5630  9.24732203
  0.5640  8.71842071
  0.5650  8.19868060
  0.5660  7.68835042
  0.5670  7.18770062
  0.5680  6.69703173
  0.5690  6.21668585
  0.5700  5.74706274
  0.5710  5.28864262
  0.5720  4.84201913
  0.5730  4.40794798
  0.5740  3.98741994
  0.5750  3.58177282
  0.5760  3.19286606
  0.5770  2.82335653
  0.5780  2.47713391
  0.5790  2.15998810
  0.5800  1.88053210
  0.5810  1.65110816
  0.5820  1.48750677
  0.5830  1.40509350
  0.5840  1.41061186
  0.5850  1.49621187
  0.5860  1.64337075
  0.5870  1.83203540
  0.5880  2.04616011
  0.5890  2.27455174
  0.5900  2.50979702
  0.5910  2.74702988
  0.5920  2.98302194
  0.5930  3.21559199
  0.5940  3.44323676
  0.5950  3.66490101
  0.5960  3.87983241
  0.5970  4.08748837
  0.5980  4.28747488
  0.5990  4.47950558
  0.6000  4.66337373
  0.6010  4.83893268
  0.6020  5.00608199
  0.6030  5.16475742
  0.6040  5.31492355
  0.6050  5.45656832
  0.6060  5.58969885
  0.6070  5.71433828
  0.6080  5.83052330
  0.6090  5.93830220
  0.6100  6.03773331
  0.6110  6.12888381
  0.6120  6.21182864
  0.6130  6.28664973
  0.6140  6.35343527
  0.6150  6.41227914
  0.6160  6.46328038
  0.6170  6.50654283
  0.6180  6.54217469
  0.6190  6.57028821
  0.6200  6.59099945
  0.6210  6.60442795
  0.6220  6.61069653
  0.6230  6.60993112
  0.6240  6.60226048
  0.6250  6.58781612
  0.6260  6.56673204
  0.6270  6.53914468
  0.6280  6.50519268
  0.6290  6.46501684
  0.6300  6.41875993
  0.6310  6.36656660
  0.6320  6.30858328
  0.6330  6.24495807
  0.6340  6.17584067
  0.6350  6.10138227
  0.6360  6.02173548
  0.6370  5.93705429
  0.6380  5.84749397
  0.6390  5.75321109
  0.6400  5.65436340
  0.6410  5.55110990
  0.6420  5.44361077
  0.6430  5.33202742
  0.6440  5.21652251
  0.6450  5.09726001
  0.6460  4.97440533
  0.6470  4.84812541
  0.6480  4.71858888
  0.6490  4.58596637
  0.6500  4.45043072
  0.6510  4.31215744
  0.6520  4.17132514
  0.6530  4.02811621
  0.6540  3.88271759
  0.6550  3.73532182
  0.6560  3.58612832
  0.6570  3.43534513
  0.6580  3.28319105
  0.6590  3.12989853
  0.6600  2.97571742
  0.6610  2.82091997
  0.6620  2.66580747
  0.6630  2.51071933
  0.6640  2.35604540
  0.6650  2.20224305
  0.6660  2.04986093
  0.6670  1.89957256
  0.6680  1.75222366
  0.6690  1.60889925
  0.6700  1.47101744
  0.6710  1.34045636
  0.6720  1.21971339
  0.6730  1.11207054
  0.6740  1.02167899
  0.6750  0.95337198
  0.6760  0.91194492
  0.6770  0.90084213
  0.6780  0.92081190
  0.6790  0.96952827
  0.6800  1.04252143
  0.6810  1.13464355
  0.6820  1.24115711
  0.6830  1.35818977
  0.6840  1.48276236
  0.6850  1.61264186
  0.6860  1.74616402
  0.6870  1.88208104
  0.6880  2.01944551
  0.6890  2.15752652
  0.6900  2.29575023
  0.6910  2.43365793
  0.6920  2.57087645
  0.6930  2.70709708
  0.6940  2.84206035
  0.6950  2.97554499
  0.6960  3.10735986
  0.6970  3.23733787
  0.6980  3.36533144
  0.6990  3.49120905
  0.7000  3.61485261
  0.7010  3.73615535
  0.7020  3.85502027
  0.7030  3.97135885
  0.7040  4.08509001
  0.7050  4.19613932
  0.7060  4.30443834
  0.7070  4.40992410
  0.7080  4.51253861
  0.7090  4.61222854
  0.7100  4.70894489
  0.7110  4.80264276
  0.7120  4.89328109
  0.7130  4.98082249
  0.7140  5.06523312
  0.7150  5.14648247
  0.7160  5.22454331
  0.7170  5.29939155
  0.7180  5.37100614
  0.7190  5.43936899
  0.7200  5.50446488
  0.7210  5.56628142
  0.7220  5.62480893
  0.7230  5.68004042
  0.7240  5.73197151
  0.7250  5.78060038
  0.7260  5.82592772
  0.7270  5.86795665
  0.7280  5.90669271
  0.7290  5.94214379
  0.7300  5.97432007
  0.7310  6.00323400
  0.7320  6.02890022
  0.7330  6.05133555
  0.7340  6.07055891
  0.7350  6.08659130
  0.7360  6.09945573
  0.7370  6.10917718
  0.7380  6.11578259
  0.7390  6.11930075
  0.7400  6.11976230
  0.7410  6.11719967
  0.7420  6.11164702
  0.7430  6.10314023
  0.7440  6.09171679
  0.7450  6.07741582
  0.7460  6.06027799
  0.7470  6.04034544
  0.7480  6.01766181
  0.7490  5.99227211
  0.7500  5.96422272
  0.7510  5.93356131
  0.7520  5.90033684
  0.7530  5.86459945
  0.7540  5.82640044
  0.7550  5.78579221
  0.7560  5.74282824
  0.7570  5.69756300
  0.7580  5.65005190
  0.7590  5.60035127
  0.7600  5.54851831
  0.7610  5.49461099
  0.7620  5.43868805
  0.7630  5.38080893
  0.7640  5.32103372
  0.7650  5.25942311
  0.7660  5.19603834
  0.7670  5.13094114
  0.7680  5.06419372
  0.7690  4.99585865
  0.7700  4.92599887
  0.7710  4.85467764
  0.7720  4.78195843
  0.7730  4.70790495
  0.7740  4.63258106
  0.7750  4.55605070
  0.7760  4.47837791
  0.7770  4.39962670
  0.7780  4.31986110
  0.7790  4.23914501
  0.7800  4.15754224
  0.7810  4.07511641
  0.7820  3.99193094
  0.7830  3.90804899
  0.7840  3.82353341
  0.7850  3.73844674
  0.7860  3.65285108
  0.7870  3.56680817
  0.7880  3.48037925
  0.7890  3.39362506
  0.7900  3.30660581
  0.7910  3.21938111
  0.7920  3.13200999
  0.7930  3.04455081
  0.7940  2.95706124
  0.7950  2.86959823
  0.7960  2.78221800
  0.7970  2.69497597
  0.7980  2.60792675
  0.7990  2.52112412
  0.8000  2.43462096
  0.8010  2.34846929
  0.8020  2.26272018
  0.8030  2.17742375
  0.8040  2.09262918
  0.8050  2.00838462
  0.8060  1.92473724
  0.8070  1.84173315
  0.8080  1.75941745
  0.8090  1.67783413
  0.8100  1.59702616
  0.8110  1.51703540
  0.8120  1.43790264
  0.8130  1.35966757
  0.8140  1.28236881
  0.8150  1.20604392
  0.8160  1.13072943
  0.8170  1.05646083
  0.8180  0.98327271
  0.8190  0.91119877
  0.8200  0.84027200
  0.8210  0.77052486
  0.8220  0.70198958
  0.8230  0.63469863
  0.8240  0.56868554
  0.8250  0.50398616
  0.8260  0.44064108
  0.8270  0.37870004
  0.8280  0.31823108
  0.8290  0.25934118
  0.8300  0.20222953
  0.8310  0.14735278
  0.8320  0.09609726
  0.8330  0.05473359
  0.8340  0.05035329
  0.8350  0.08602365
  0.8360  0.13093464
  0.8370  0.17700299
  0.8380  0.22255687
  0.8390  0.26708041
  0.8400  0.31036459
  0.8410  0.35230853
  0.8420  0.39285766
  0.8430  0.43198018
  0.8440  0.46965688
  0.8450  0.50587621
  0.8460  0.54063169
  0.8470  0.57392049
  0.8480  0.60574255
  0.8490  0.63610008
  0.8500  0.66499722
  0.8510  0.69243982
  0.8520  0.71843527
  0.8530  0.74299244
  0.8540  0.76612157
  0.8550  0.78783423
  0.8560  0.80814329
  0.8570  0.82706288
  0.8580  0.84460839
  0.8590  0.86079646
  0.8600  0.87564499
  0.8610  0.88917310
  0.8620  0.90140120
  0.8630  0.91235094
  0.8640  0.92204531
  0.8650  0.93050857
  0.8660  0.93776637
  0.8670  0.94384572
  0.8680  0.94877508
  0.8690  0.95258439
  0.8700  0.95530512
  0.8710  0.95697034
  0.8720  0.95761482
  0.8730  0.95727506
  0.8740  0.95598944
  0.8750  0.95379828
  0.8760  0.95074398
  0.8770  0.94687112
  0.8780  0.94222661
  0.8790  0.93685985
  0.8800  0.93082283
  0.8810  0.92417038
  0.8820  0.91696025
  0.8830  0.90925335
  0.8840  0.90111392
  0.8850  0.89260968
  0.8860  0.88381202
  0.8870  0.87479614
  0.8880  0.86564117
  0.8890  0.85643024
  0.8900  0.84725053
  0.8910  0.83819320
  0.8920  0.82935323
  0.8930  0.82082922
  0.8940  0.81272292
  0.8950  0.80513874
  0.8960  0.79818297
  0.8970  0.79196288
  0.8980  0.78658559
  0.8990  0.78215678
  0.9000  0.77877914
  0.9010  0.77655086
  0.9020  0.77556387
  0.9030  0.77590217
  0.9040  0.77764025
  0.9050  0.78084164
  0.9060  0.78555771
  0.9070  0.79182682
  0.9080  0.79967387
  0.9090  0.80911020
  0.9100  0.82013392
  0.9110  0.83273061
  0.9120  0.84687431
  0.9130  0.86252874
  0.9140  0.87964875
  0.9150  0.89818171
  0.9160  0.91806907
  0.9170  0.93924767
  0.9180  0.96165113
  0.9190  0.98521099
  0.9200  1.00985774
  0.9210  1.03552167
  0.9220  1.06213360
  0.9230  1.08962541
  0.9240  1.11793051
  0.9250  1.14698416
  0.9260  1.17672366
  0.9270  1.20708854
  0.9280  1.23802060
  0.9290  1.26946396
  0.9300  1.30136502
  0.9310  1.33367245
  0.9320  1.36633711
  0.9330  1.39931195
  0.9340  1.43255193
  0.9350  1.46601395
  0.9360  1.49965670
  0.9370  1.53344059
  0.9380  1.56732763
  0.9390  1.60128138
  0.9400  1.63526679
  0.9410  1.66925018
  0.9420  1.70319909
  0.9430  1.73708228
  0.9440  1.77086959
  0.9450  1.80453191
  0.9460  1.83804109
  0.9470  1.87136993
  0.9480  1.90449208
  0.9490  1.93738200
  0.9500  1.97001494
  0.9510  2.00236688
  0.9520  2.03441448
  0.9530  2.06613509
  0.9540  2.09750667
  0.9550  2.12850779
  0.9560  2.15911759
  0.9570  2.18931577
  0.9580  2.21908257
  0.9590  2.24839873
  0.9600  2.27724550
  0.9610  2.30560460
  0.9620  2.33345824
  0.9630  2.36078907
  0.9640  2.38758019
  0.9650  2.41381515
  0.9660  2.43947791
  0.9670  2.46455289
  0.9680  2.48902489
  0.9690  2.51287915
  0.9700  2.53610132
  0.9710  2.55867744
  0.9720  2.58059398
  0.9730  2.60183781
  0.9740  2.62239619
  0.9750  2.64225682
  0.9760  2.66140776
  0.9770  2.67983752
  0.9780  2.69753500
  0.9790  2.71448952
  0.9800  2.73069081
  0.9810  2.74612903
  0.9820  2.76079475
  0.9830  2.77467898
  0.9840  2.78777315
  0.9850  2.80006913
  0.9860  2.81155923
  0.9870  2.82223620
  0.9880  2.83209326
  0.9890  2.84112407
  0.9900  2.84932275
  0.9910  2.85668388
  0.9920  2.86320255
  0.9930  2.86887428
  0.9940  2.87369510
  0.9950  2.87766153
  0.9960  2.88077057
  0.9970  2.88301973
  0.9980  2.88440703
  0.9990  2.88493100
