  0.0000  85.33639620
  0.0010  85.30300657
  0.0020  85.20285219
  0.0030  85.03597660
  0.0040  84.80245238
  0.0050  84.50238109
  0.0060  84.13589329
  0.0070  83.70314850
  0.0080  83.20433517
  0.0090  82.63967062
  0.0100  82.00940102
  0.0110  81.31380134
  0.0120  80.55317527
  0.0130  79.72785518
  0.0140  78.83820202
  0.0150  77.88460527
  0.0160  76.86748283
  0.0170  75.78728094
  0.0180  74.64447409
  0.0190  73.43956487
  0.0200  72.17308390
  0.0210  70.84558968
  0.0220  69.45766845
  0.0230  68.00993405
  0.0240  66.50302780
  0.0250  64.93761828
  0.0260  63.31440122
  0.0270  61.63409926
  0.0280  59.89746180
  0.0290  58.10526481
  0.0300  56.25831057
  0.0310  54.35742749
  0.0320  52.40346989
  0.0330  50.39731772
  0.0340  48.33987637
  0.0350  46.23207638
  0.0360  44.07487322
  0.0370  41.86924703
  0.0380  39.61620237
  0.0390  37.31676803
  0.0400  34.97199684
  0.0410  32.58296556
  0.0420  30.15077487
  0.0430  27.67654963
  0.0440  25.16143946
  0.0450  22.60662006
  0.0460  20.01329593
  0.0470  17.38270611
  0.0480  14.71613685
  0.0490  12.01495261
  0.0500  9.28068400
  0.0510  6.51534508
  0.0520  3.72319891
  0.0530  0.94483828
  0.0540  2.01023187
  0.0550  4.87660826
  0.0560  7.78208696
  0.0570  10.71443326
  0.0580  13.67063103
  0.0590  16.64878873
  0.0600  19.64729027
  0.0610  22.66460824
  0.0620  25.69924634
  0.0630  28.74971804
  0.0640  31.81453746
  0.0650  34.89221547
  0.0660  37.98125784
  0.0670  41.08016470
  0.0680  44.18743040
  0.0690  47.30154385
  0.0700  50.42098895
  0.0710  53.54424521
  0.0720  56.66978840
  0.0730  59.79609135
  0.0740  62.92162462
  0.0750  66.04485739
  0.0760  69.16425824
  0.0770  72.27829600
  0.0780  75.38544064
  0.0790  78.48416407
  0.0800  81.57294108
  0.0810  84.65025022
  0.0820  87.71457465
  0.0830  90.76440309
  0.0840  93.79823071
  0.0850  96.81456002
  0.0860  99.81190179
  0.0870  102.78877595
  0.0880  105.74371254
  0.0890  108.67525255
  0.0900  111.58194890
  0.0910  114.46236729
  0.0920  117.31508714
  0.0930  120.13870244
  0.0940  122.93182271
  0.0950  125.69307381
  0.0960  128.42109887
  0.0970  131.11455912
  0.0980  133.77213480
  0.0990  136.39252595
  0.1000  138.97445328
  0.1010  141.51665900
  0.1020  144.01790763
  0.1030  146.47698678
  0.1040  148.89270796
  0.1050  151.26390732
  0.1060  153.58944644
  0.1070  155.86821303
  0.1080  158.09912168
  0.1090  160.28111451
  0.1100  162.41316192
  0.1110  164.49426318
  0.1120  166.52344710
  0.1130  168.49977264
  0.1140  170.42232952
  0.1150  172.29023877
  0.1160  174.10265326
  0.1170  175.85875826
  0.1180  177.55777193
  0.1190  179.19894577
  0.1200  180.78156507
  0.1210  182.30494935
  0.1220  183.76845275
  0.1230  185.17146435
  0.1240  186.51340859
  0.1250  187.79374549
  0.1260  189.01197101
  0.1270  190.16761725
  0.1280  191.26025269
  0.1290  192.28948239
  0.1300  193.25494818
  0.1310  194.15632875
  0.1320  194.99333978
  0.1330  195.76573403
  0.1340  196.47330138
  0.1350  197.11586885
  0.1360  197.69330060
  0.1370  198.20549788
  0.1380  198.65239899
  0.1390  199.03397915
  0.1400  199.35025040
  0.1410  199.60126144
  0.1420  199.78709748
  0.1430  199.90787999
  0.1440  199.96376650
  0.1450  199.95495033
  0.1460  199.88166030
  0.1470  199.74416043
  0.1480  199.54274959
  0.1490  199.27776118
  0.1500  198.94956267
  0.1510  198.55855526
  0.1520  198.10517343
  0.1530  197.58988448
  0.1540  197.01318805
  0.1550  196.37561563
  0.1560  195.67773006
  0.1570  194.92012498
  0.1580  194.10342427
  0.1590  193.22828150
  0.1600  192.29537932
  0.1610  191.30542887
  0.1620  190.25916915
  0.1630  189.15736640
  0.1640  188.00081341
  0.1650  186.79032892
  0.1660  185.52675690
  0.1670  184.21096588
  0.1680  182.84384825
  0.1690  181.42631955
  0.1700  179.95931777
  0.1710  178.44380260
  0.1720  176.88075474
  0.1730  175.27117511
  0.1740  173.61608415
  0.1750  171.91652107
  0.1760  170.17354307
  0.1770  168.38822461
  0.1780  166.56165663
  0.1790  164.69494583
  0.1800  162.78921387
  0.1810  160.84559662
  0.1820  158.86524342
  0.1830  156.84931630
  0.1840  154.79898923
  0.1850  152.71544735
  0.1860  150.59988626
  0.1870  148.45351123
  0.1880  146.27753648
  0.1890  144.07318441
  0.1900  141.84168491
  0.1910  139.58427462
  0.1920  137.30219619
  0.1930  134.99669757
  0.1940  132.66903132
  0.1950  130.32045390
  0.1960  127.95222497
  0.1970  125.56560674
  0.1980  123.16186324
  0.1990  120.74225972
  0.2000  118.30806192
  0.2010  115.86053552
  0.2020  113.40094540
  0.2030  110.93055510
  0.2040  108.45062613
  0.2050  105.96241743
  0.2060  103.46718474
  0.2070  100.96618001
  0.2080  98.46065085
  0.2090  95.95183995
  0.2100  93.44098453
  0.2110  90.92931579
  0.2120  88.41805842
  0.2130  85.90843000
  0.2140  83.40164060
  0.2150  80.89889216
  0.2160  78.40137812
  0.2170  75.91028285
  0.2180  73.42678124
  0.2190  70.95203823
  0.2200  68.48720834
  0.2210  66.03343529
  0.2220  63.59185153
  0.2230  61.16357784
  0.2240  58.74972296
  0.2250  56.35138314
  0.2260  53.96964183
  0.2270  51.60556929
  0.2280  49.26022221
  0.2290  46.93464343
  0.2300  44.62986158
  0.2310  42.34689081
  0.2320  40.08673050
  0.2330  37.85036503
  0.2340  35.63876357
  0.2350  33.45287993
  0.2360  31.29365246
  0.2370  29.16200409
  0.2380  27.05884244
  0.2390  24.98506024
  0.2400  22.94153591
  0.2410  20.92913484
  0.2420  18.94871132
  0.2430  17.00111199
  0.2440  15.08718187
  0.2450  13.20777526
  0.2460  11.36377666
  0.2470  9.55614415
  0.2480  7.78600854
  0.2490  6.05493389
  0.2500  4.36575695
  0.2510  2.72635930
  0.2520  1.18328927
  0.2530  0.76190312
  0.2540  2.14358932
  0.2550  3.61484637
  0.2560  5.06199012
  0.2570  6.47269630
  0.2580  7.84340929
  0.2590  9.17251087
  0.2600  10.45902354
  0.2610  11.70224159
  0.2620  12.90159833
  0.2630  14.05661025
  0.2640  15.16685072
  0.2650  16.23193658
  0.2660  17.25152072
  0.2670  18.22528794
  0.2680  19.15295240
  0.2690  20.03425608
  0.2700  20.86896779
  0.2710  21.65688257
  0.2720  22.39782130
  0.2730  23.09163044
  0.2740  23.73818182
  0.2750  24.33737264
  0.2760  24.88912529
  0.2770  25.39338742
  0.2780  25.85013183
  0.2790  26.25935652
  0.2800  26.62108464
  0.2810  26.93536451
  0.2820  27.20226956
  0.2830  27.42189837
  0.2840  27.59437458
  0.2850  27.71984689
  0.2860  27.79848900
  0.2870  27.83049957
  0.2880  27.81610211
  0.2890  27.75554496
  0.2900  27.64910113
  0.2910  27.49706822
  0.2920  27.29976833
  0.2930  27.05754787
  0.2940  26.77077743
  0.2950  26.43985165
  0.2960  26.06518898
  0.2970  25.64723154
  0.2980  25.18644489
  0.2990  24.68331780
  0.3000  24.13836202
  0.3010  23.55211204
  0.3020  22.92512481
  0.3030  22.25797947
  0.3040  21.55127708
  0.3050  20.80564029
  0.3060  20.02171309
  0.3070  19.20016048
  0.3080  18.34166817
  0.3090  17.44694238
  0.3100  16.51670950
  0.3110  15.55171603
  0.3120  14.55272848
  0.3130  13.52053352
  0.3140  12.45593852
  0.3150  11.35977263
  0.3160  10.23288911
  0.3170  9.07616998
  0.3180  7.89053567
  0.3190  6.67696654
  0.3200  5.43655622
  0.3210  4.17066690
  0.3220  2.88151544
  0.3230  1.57574163
  0.3240  0.35868254
  0.3250  1.19506479
  0.3260  2.56167869
  0.3270  3.96276079
  0.3280  5.38668121
  0.3290  6.83053064
  0.3300  8.29269704
  0.3310  9.77191579
  0.3320  11.26704474
  0.3330  12.77699194
  0.3340  14.30068778
  0.3350  15.83707297
  0.3360  17.38509291
  0.3370  18.94369505
  0.3380  20.51182773
  0.3390  22.08843972
  0.3400  23.67248028
  0.3410  25.26289939
  0.3420  26.85864820
  0.3430  28.45867957
  0.3440  30.06194857
  0.3450  31.66741318
  0.3460  33.27403488
  0.3470  34.88077931
  0.3480  36.48661695
  0.3490  38.09052379
  0.3500  39.69148195
  0.3510  41.28848042
  0.3520  42.88051566
  0.3530  44.46659228
  0.3540  46.04572367
  0.3550  47.61693267
  0.3560  49.17925216
  0.3570  50.73172571
  0.3580  52.27340815
  0.3590  53.80336619
  0.3600  55.32067901
  0.3610  56.82443877
  0.3620  58.31375122
  0.3630  59.78773620
  0.3640  61.24552818
  0.3650  62.68627675
  0.3660  64.10914708
  0.3670  65.51332047
  0.3680  66.89799469
  0.3690  68.26238450
  0.3700  69.60572203
  0.3710  70.92725716
  0.3720  72.22625794
  0.3730  73.50201089
  0.3740  74.75382139
  0.3750  75.98101396
  0.3760  77.18293257
  0.3770  78.35894092
  0.3780  79.50842270
  0.3790  80.63078181
  0.3800  81.72544262
  0.3810  82.79185010
  0.3820  83.82947005
  0.3830  84.83778925
  0.3840  85.81631559
  0.3850  86.76457816
  0.3860  87.68212742
  0.3870  88.56853521
  0.3880  89.42339485
  0.3890  90.24632116
  0.3900  91.03695050
  0.3910  91.79494078
  0.3920  92.51997143
  0.3930  93.21174339
  0.3940  93.86997904
  0.3950  94.49442219
  0.3960  95.08483793
  0.3970  95.64101260
  0.3980  96.16275365
  0.3990  96.64988952
  0.4000  97.10226953
  0.4010  97.51976368
  0.4020  97.90226253
  0.4030  98.24967703
  0.4040  98.56193830
  0.4050  98.83899744
  0.4060  99.08082536
  0.4070  99.28741249
  0.4080  99.45876865
  0.4090  99.59492270
  0.4100  99.69592238
  0.4110  99.76183405
  0.4120  99.79274236
  0.4130  99.78875007
  0.4140  99.74997773
  0.4150  99.67656340
  0.4160  99.56866238
  0.4170  99.42644694
  0.4180  99.25010597
  0.4190  99.03984475
  0.4200  98.79588460
  0.4210  98.51846262
  0.4220  98.20783135
  0.4230  97.86425848
  0.4240  97.48802656
  0.4250  97.07943267
  0.4260  96.63878812
  0.4270  96.16641814
  0.4280  95.66266157
  0.4290  95.12787056
  0.4300  94.56241027
  0.4310  93.96665854
  0.4320  93.34100563
  0.4330  92.68585384
  0.4340  92.00161731
  0.4350  91.28872165
  0.4360  90.54760365
  0.4370  89.77871102
  0.4380  88.98250208
  0.4390  88.15944547
  0.4400  87.31001985
  0.4410  86.43471363
  0.4420  85.53402472
  0.4430  84.60846019
  0.4440  83.65853604
  0.4450  82.68477690
  0.4460  81.68771579
  0.4470  80.66789383
  0.4480  79.62585996
  0.4490  78.56217073
  0.4500  77.47738998
  0.4510  76.37208862
  0.4520  75.24684436
  0.4530  74.10224145
  0.4540  72.93887045
  0.4550  71.75732794
  0.4560  70.55821632
  0.4570  69.34214350
  0.4580  68.10972272
  0.4590  66.86157225
  0.4600  65.59831517
  0.4610  64.32057911
  0.4620  63.02899601
  0.4630  61.72420187
  0.4640  60.40683653
  0.4650  59.07754336
  0.4660  57.73696909
  0.4670  56.38576350
  0.4680  55.02457920
  0.4690  53.65407137
  0.4700  52.27489751
  0.4710  50.88771719
  0.4720  49.49319178
  0.4730  48.09198420
  0.4740  46.68475867
  0.4750  45.27218043
  0.4760  43.85491549
  0.4770  42.43363035
  0.4780  41.00899176
  0.4790  39.58166642
  0.4800  38.15232071
  0.4810  36.72162045
  0.4820  35.29023058
  0.4830  33.85881494
  0.4840  32.42803596
  0.4850  30.99855439
  0.4860  29.57102907
  0.4870  28.14611663
  0.4880  26.72447127
  0.4890  25.30674452
  0.4900  23.89358503
  0.4910  22.48563840
  0.4920  21.08354704
  0.4930  19.68795015
  0.4940  18.29948375
  0.4950  16.91878097
  0.4960  15.54647253
  0.4970  14.18318777
  0.4980  12.82955642
  0.4990  11.48621183
  0.5000  10.15379685
  0.5010  8.83297510
  0.5020  7.52445380
  0.5030  6.22903470
  0.5040  4.94774238
  0.5050  3.68221117
  0.5060  2.43623896
  0.5070  1.22652207
  0.5080  0.39539624
  0.5090  1.33332816
  0.5100  2.50033203
  0.5110  3.66848848
  0.5120  4.82421310
  0.5130  5.96418467
  0.5140  7.08696065
  0.5150  8.19166113
  0.5160  9.27762820
  0.5170  10.34431053
  0.5180  11.39121674
  0.5190  12.41789422
  0.5200  13.42391858
  0.5210  14.40888811
  0.5220  15.37242061
  0.5230  16.31415169
  0.5240  17.23373371
  0.5250  18.13083519
  0.5260  19.00514050
  0.5270  19.85634966
  0.5280  20.68417833
  0.5290  21.48835774
  0.5300  22.26863477
  0.5310  23.02477202
  0.5320  23.75654784
  0.5330  24.46375646
  0.5340  25.14620804
  0.5350  25.80372874
  0.5360  26.43616081
  0.5370  27.04336266
  0.5380  27.62520886
  0.5390  28.18159026
  0.5400  28.71241394
  0.5410  29.21760329
  0.5420  29.69709796
  0.5430  30.15085390
  0.5440  30.57884328
  0.5450  30.98105452
  0.5460  31.35749216
  0.5470  31.70817686
  0.5480  32.03314526
  0.5490  32.33244995
  0.5500  32.60615928
  0.5510  32.85435729
  0.5520  33.07714354
  0.5530  33.27463299
  0.5540  33.44695579
  0.5550  33.59425711
  0.5560  33.71669694
  0.5570  33.81444991
  0.5580  33.88770501
  0.5590  33.93666539
  0.5600  33.96154811
  0.5610  33.96258388
  0.5620  33.94001673
  0.5630  33.89410382
  0.5640  33.82511506
  0.5650  33.73333285
  0.5660  33.61905173
  0.5670  33.48257808
  0.5680  33.32422977
  0.5690  33.14433582
  0.5700  32.94323603
  0.5710  32.72128064
  0.5720  32.47882995
  0.5730  32.21625394
  0.5740  31.93393192
  0.5750  31.63225211
  0.5760  31.31161124
  0.5770  30.97241421
  0.5780  30.61507363
  0.5790  30.24000946
  0.5800  29.84764861
  0.5810  29.43842448
  0.5820  29.01277664
  0.5830  28.57115033
  0.5840  28.11399614
  0.5850  27.64176956
  0.5860  27.15493056
  0.5870  26.65394324
  0.5880  26.13927539
  0.5890  25.61139812
  0.5900  25.07078545
  0.5910  24.51791393
  0.5920  23.95326229
  0.5930  23.37731099
  0.5940  22.79054194
  0.5950  22.19343809
  0.5960  21.58648309
  0.5970  20.97016093
  0.5980  20.34495563
  0.5990  19.71135093
  0.6000  19.06982994
  0.6010  18.42087488
  0.6020  17.76496680
  0.6030  17.10258529
  0.6040  16.43420830
  0.6050  15.76031185
  0.6060  15.08136994
  0.6070  14.39785435
  0.6080  13.71023457
  0.6090  13.01897779
  0.6100  12.32454896
  0.6110  11.62741097
  0.6120  10.92802505
  0.6130  10.22685135
  0.6140  9.52434995
  0.6150  8.82098245
  0.6160  8.11721441
  0.6170  7.41351938
  0.6180  6.71038546
  0.6190  6.00832657
  0.6200  5.30790254
  0.6210  4.60975736
  0.6220  3.91469745
  0.6230  3.22386905
  0.6240  2.53921736
  0.6250  1.86492488
  0.6260  1.21344114
  0.6270  0.64595836
  0.6280  0.54464973
  0.6290  1.04544833
  0.6300  1.66937802
  0.6310  2.31454787
  0.6320  2.96330496
  0.6330  3.61036095
  0.6340  4.25347102
  0.6350  4.89142384
  0.6360  5.52343873
  0.6370  6.14894245
  0.6380  6.76747347
  0.6390  7.37863630
  0.6400  7.98207780
  0.6410  8.57747405
  0.6420  9.16452267
  0.6430  9.74293811
  0.6440  10.31244871
  0.6450  10.87279475
  0.6460  11.42372709
  0.6470  11.96500634
  0.6480  12.49640215
  0.6490  13.01769280
  0.6500  13.52866484
  0.6510  14.02911288
  0.6520  14.51883934
  0.6530  14.99765439
  0.6540  15.46537579
  0.6550  15.92182884
  0.6560  16.36684630
  0.6570  16.80026838
  0.6580  17.22194266
  0.6590  17.63172412
  0.6600  18.02947510
  0.6610  18.41506528
  0.6620  18.78837173
  0.6630  19.14927884
  0.6640  19.49767842
  0.6650  19.83346962
  0.6660  20.15655903
  0.6670  20.46686063
  0.6680  20.76429586
  0.6690  21.04879363
  0.6700  21.32029033
  0.6710  21.57872987
  0.6720  21.82406374
  0.6730  22.05625099
  0.6740  22.27525827
  0.6750  22.48105990
  0.6760  22.67363787
  0.6770  22.85298188
  0.6780  23.01908937
  0.6790  23.17196556
  0.6800  23.31162347
  0.6810  23.43808396
  0.6820  23.55137574
  0.6830  23.65153541
  0.6840  23.73860748
  0.6850  23.81264441
  0.6860  23.87370658
  0.6870  23.92186235
  0.6880  23.95718805
  0.6890  23.97976799
  0.6900  23.98969446
  0.6910  23.98706773
  0.6920  23.97199605
  0.6930  23.94459562
  0.6940  23.90499058
  0.6950  23.85331298
  0.6960  23.78970278
  0.6970  23.71430774
  0.6980  23.62728346
  0.6990  23.52879326
  0.7000  23.41900816
  0.7010  23.29810680
  0.7020  23.16627536
  0.7030  23.02370746
  0.7040  22.87060411
  0.7050  22.70717356
  0.7060  22.53363122
  0.7070  22.35019955
  0.7080  22.15710789
  0.7090  21.95459234
  0.7100  21.74289563
  0.7110  21.52226696
  0.7120  21.29296180
  0.7130  21.05524175
  0.7140  20.80937435
  0.7150  20.55563285
  0.7160  20.29429607
  0.7170  20.02564814
  0.7180  19.74997826
  0.7190  19.46758055
  0.7200  19.17875370
  0.7210  18.88380083
  0.7220  18.58302916
  0.7230  18.27674976
  0.7240  17.96527731
  0.7250  17.64892977
  0.7260  17.32802813
  0.7270  17.00289612
  0.7280  16.67385987
  0.7290  16.34124764
  0.7300  16.00538950
  0.7310  15.66661701
  0.7320  15.32526289
  0.7330  14.98166070
  0.7340  14.63614454
  0.7350  14.28904866
  0.7360  13.94070717
  0.7370  13.59145369
  0.7380  13.24162102
  0.7390  12.89154077
  0.7400  12.54154306
  0.7410  12.19195617
  0.7420  11.84310617
  0.7430  11.49531664
  0.7440  11.14890830
  0.7450  10.80419867
  0.7460  10.46150179
  0.7470  10.12112785
  0.7480  9.78338290
  0.7490  9.44856854
  0.7500  9.11698160
  0.7510  8.78891386
  0.7520  8.46465178
  0.7530  8.14447616
  0.7540  7.82866196
  0.7550  7.51747798
  0.7560  7.21118665
  0.7570  6.91004378
  0.7580  6.61429838
  0.7590  6.32419242
  0.7600  6.03996070
  0.7610  5.76183064
  0.7620  5.49002219
  0.7630  5.22474767
  0.7640  4.96621173
  0.7650  4.71461125
  0.7660  4.47013530
  0.7670  4.23296517
  0.7680  4.00327438
  0.7690  3.78122875
  0.7700  3.56698650
  0.7710  3.36069838
  0.7720  3.16250785
  0.7730  2.97255124
  0.7740  2.79095798
  0.7750  2.61785079
  0.7760  2.45334582
  0.7770  2.29755277
  0.7780  2.15057476
  0.7790  2.01250810
  0.7800  1.88344164
  0.7810  1.76345571
  0.7820  1.65262037
  0.7830  1.55099302
  0.7840  1.45861507
  0.7850  1.37550786
  0.7860  1.30166779
  0.7870  1.23706136
  0.7880  1.18162059
  0.7890  1.13523993
  0.7900  1.09777581
  0.7910  1.06904953
  0.7920  1.04885420
  0.7930  1.03696512
  0.7940  1.03315249
  0.7950  1.03719451
  0.7960  1.04888882
  0.7970  1.06806069
  0.7980  1.09456686
  0.7990  1.12829508
  0.8000  1.16916020
  0.8010  1.21709773
  0.8020  1.27205648
  0.8030  1.33399115
  0.8040  1.40285587
  0.8050  1.47859912
  0.8060  1.56116005
  0.8070  1.65046631
  0.8080  1.74643301
  0.8090  1.84896258
  0.8100  1.95794532
  0.8110  2.07326032
  0.8120  2.19477659
  0.8130  2.32235431
  0.8140  2.45584606
  0.8150  2.59509796
  0.8160  2.73995075
  0.8170  2.89024073
  0.8180  3.04580065
  0.8190  3.20646041
  0.8200  3.37204775
  0.8210  3.54238881
  0.8220  3.71730862
  0.8230  3.89663155
  0.8240  4.08018171
  0.8250  4.26778326
  0.8260  4.45926073
  0.8270  4.65443929
  0.8280  4.85314500
  0.8290  5.05520501
  0.8300  5.26044776
  0.8310  5.46870315
  0.8320  5.67980272
  0.8330  5.89357978
  0.8340  6.10986950
  0.8350  6.32850910
  0.8360  6.54933788
  0.8370  6.77219734
  0.8380  6.99693124
  0.8390  7.22338569
  0.8400  7.45140917
  0.8410  7.68085259
  0.8420  7.91156932
  0.8430  8.14341519
  0.8440  8.37624855
  0.8450  8.60993021
  0.8460  8.84432346
  0.8470  9.07929409
  0.8480  9.31471030
  0.8490  9.55044269
  0.8500  9.78636424
  0.8510  10.02235023
  0.8520  10.25827821
  0.8530  10.49402793
  0.8540  10.72948123
  0.8550  10.96452205
  0.8560  11.19903625
  0.8570  11.43291162
  0.8580  11.66603772
  0.8590  11.89830581
  0.8600  12.12960876
  0.8610  12.35984095
  0.8620  12.58889817
  0.8630  12.81667749
  0.8640  13.04307720
  0.8650  13.26799665
  0.8660  13.49133621
  0.8670  13.71299711
  0.8680  13.93288135
  0.8690  14.15089163
  0.8700  14.36693119
  0.8710  14.58090376
  0.8720  14.79271346
  0.8730  15.00226468
  0.8740  15.20946202
  0.8750  15.41421019
  0.8760  15.61641394
  0.8770  15.81597799
  0.8780  16.01280695
  0.8790  16.20680527
  0.8800  16.39787718
  0.8810  16.58592664
  0.8820  16.77085730
  0.8830  16.95257248
  0.8840  17.13097513
  0.8850  17.30596778
  0.8860  17.47745261
  0.8870  17.64533138
  0.8880  17.80950544
  0.8890  17.96987580
  0.8900  18.12634308
  0.8910  18.27880761
  0.8920  18.42716942
  0.8930  18.57132831
  0.8940  18.71118391
  0.8950  18.84663577
  0.8960  18.97758337
  0.8970  19.10392629
  0.8980  19.22556421
  0.8990  19.34239711
  0.9000  19.45432530
  0.9010  19.56124956
  0.9020  19.66307129
  0.9030  19.75969260
  0.9040  19.85101648
  0.9050  19.93694693
  0.9060  20.01738910
  0.9070  20.09224948
  0.9080  20.16143601
  0.9090  20.22485831
  0.9100  20.28242780
  0.9110  20.33405788
  0.9120  20.37966413
  0.9130  20.41916449
  0.9140  20.45247942
  0.9150  20.47953211
  0.9160  20.50024865
  0.9170  20.51455822
  0.9180  20.52239330
  0.9190  20.52368981
  0.9200  20.51838736
  0.9210  20.50642938
  0.9220  20.48776333
  0.9230  20.46234089
  0.9240  20.43011811
  0.9250  20.39105560
  0.9260  20.34511870
  0.9270  20.29227764
  0.9280  20.23250772
  0.9290  20.16578941
  0.9300  20.09210859
  0.9310  20.01145657
  0.9320  19.92383034
  0.9330  19.82923262
  0.9340  19.72767199
  0.9350  19.61916304
  0.9360  19.50372641
  0.9370  19.38138892
  0.9380  19.25218364
  0.9390  19.11614993
  0.9400  18.97333357
  0.9410  18.82378673
  0.9420  18.66756805
  0.9430  18.50474265
  0.9440  18.33538217
  0.9450  18.15956474
  0.9460  17.97737499
  0.9470  17.78890401
  0.9480  17.59424935
  0.9490  17.39351493
  0.9500  17.18681103
  0.9510  16.97425420
  0.9520  16.75596715
  0.9530  16.53207871
  0.9540  16.30272369
  0.9550  16.06804277
  0.9560  15.82818238
  0.9570  15.58329455
  0.9580  15.33353677
  0.9590  15.07907181
  0.9600  14.82006759
  0.9610  14.55669694
  0.9620  14.28913746
  0.9630  14.01757129
  0.9640  13.74218492
  0.9650  13.46316894
  0.9660  13.18071787
  0.9670  12.89502985
  0.9680  12.60630647
  0.9690  12.31475248
  0.9700  12.02057556
  0.9710  11.72398606
  0.9720  11.42519669
  0.9730  11.12442232
  0.9740  10.82187968
  0.9750  10.51778706
  0.9760  10.21236408
  0.9770  9.90583136
  0.9780  9.59841029
  0.9790  9.29032270
  0.9800  8.98179062
  0.9810  8.67303598
  0.9820  8.36428030
  0.9830  8.05574450
  0.9840  7.74764851
  0.9850  7.44021110
  0.9860  7.13364955
  0.9870  6.82817939
  0.9880  6.52401417
  0.9890  6.22136519
  0.9900  5.92044124
  0.9910  5.62144838
  0.9920  5.32458970
  0.9930  5.03006507
  0.9940  4.73807096
  0.9950  4.44880020
  0.9960  4.16244180
  0.9970  3.87918075
  0.9980  3.59919785
  0.9990  3.32266952
