  0.0000  78.82154736
  0.0010  78.78199227
  0.0020  78.66334797
  0.0030  78.46567734
  0.0040  78.18908514
  0.0050  77.83371797
  0.0060  77.39976414
  0.0070  76.88745361
  0.0080  76.29705783
  0.0090  75.62888961
  0.0100  74.88330290
  0.0110  74.06069263
  0.0120  73.16149447
  0.0130  72.18618457
  0.0140  71.13527929
  0.0150  70.00933494
  0.0160  68.80894740
  0.0170  67.53475184
  0.0180  66.18742233
  0.0190  64.76767144
  0.0200  63.27624987
  0.0210  61.71394602
  0.0220  60.08158549
  0.0230  58.38003067
  0.0240  56.61018022
  0.0250  54.77296859
  0.0260  52.86936542
  0.0270  50.90037507
  0.0280  48.86703601
  0.0290  46.77042022
  0.0300  44.61163263
  0.0310  42.39181043
  0.0320  40.11212249
  0.0330  37.77376865
  0.0340  35.37797910
  0.0350  32.92601360
  0.0360  30.41916089
  0.0370  27.85873785
  0.0380  25.24608888
  0.0390  22.58258509
  0.0400  19.86962358
  0.0410  17.10862679
  0.0420  14.30104182
  0.0430  11.44834014
  0.0440  8.55201820
  0.0450  5.61360279
  0.0460  2.63469860
  0.0470  0.38526030
  0.0480  3.43928868
  0.0490  6.53055929
  0.0500  9.65613029
  0.0510  12.81433346
  0.0520  16.00351681
  0.0530  19.22201937
  0.0540  22.46816807
  0.0550  25.74027752
  0.0560  29.03665064
  0.0570  32.35557939
  0.0580  35.69534568
  0.0590  39.05422226
  0.0600  42.43047366
  0.0610  45.82235713
  0.0620  49.22812358
  0.0630  52.64601855
  0.0640  56.07428315
  0.0650  59.51115504
  0.0660  62.95486936
  0.0670  66.40365970
  0.0680  69.85575907
  0.0690  73.30940085
  0.0700  76.76281974
  0.0710  80.21425272
  0.0720  83.66193999
  0.0730  87.10412595
  0.0740  90.53906008
  0.0750  93.96499793
  0.0760  97.38020207
  0.0770  100.78294293
  0.0780  104.17149981
  0.0790  107.54416177
  0.0800  110.89922850
  0.0810  114.23501128
  0.0820  117.54983380
  0.0830  120.84203312
  0.0840  124.10996047
  0.0850  127.35198219
  0.0860  130.56648051
  0.0870  133.75185443
  0.0880  136.90652055
  0.0890  140.02891388
  0.0900  143.11748868
  0.0910  146.17071921
  0.0920  149.18710052
  0.0930  152.16514926
  0.0940  155.10340439
  0.0950  158.00042796
  0.0960  160.85480580
  0.0970  163.66514826
  0.0980  166.43009090
  0.0990  169.14829516
  0.1000  171.81844906
  0.1010  174.43926780
  0.1020  177.00949443
  0.1030  179.52790047
  0.1040  181.99328646
  0.1050  184.40448262
  0.1060  186.76034934
  0.1070  189.05977777
  0.1080  191.30169033
  0.1090  193.48504122
  0.1100  195.60881692
  0.1110  197.67203666
  0.1120  199.67375284
  0.1130  201.61305153
  0.1140  203.48905280
  0.1150  205.30091119
  0.1160  207.04781604
  0.1170  208.72899182
  0.1180  210.34369855
  0.1190  211.89123201
  0.1200  213.37092409
  0.1210  214.78214307
  0.1220  216.12429382
  0.1230  217.39681808
  0.1240  218.59919464
  0.1250  219.73093953
  0.1260  220.79160622
  0.1270  221.78078569
  0.1280  222.69810665
  0.1290  223.54323557
  0.1300  224.31587679
  0.1310  225.01577258
  0.1320  225.64270319
  0.1330  226.19648685
  0.1340  226.67697978
  0.1350  227.08407616
  0.1360  227.41770808
  0.1370  227.67784552
  0.1380  227.86449620
  0.1390  227.97770552
  0.1400  228.01755641
  0.1410  227.98416919
  0.1420  227.87770143
  0.1430  227.69834770
  0.1440  227.44633944
  0.1450  227.12194468
  0.1460  226.72546780
  0.1470  226.25724930
  0.1480  225.71766545
  0.1490  225.10712807
  0.1500  224.42608413
  0.1510  223.67501546
  0.1520  222.85443838
  0.1530  221.96490330
  0.1540  221.00699435
  0.1550  219.98132896
  0.1560  218.88855743
  0.1570  217.72936248
  0.1580  216.50445880
  0.1590  215.21459254
  0.1600  213.86054087
  0.1610  212.44311140
  0.1620  210.96314170
  0.1630  209.42149875
  0.1640  207.81907839
  0.1650  206.15680470
  0.1660  204.43562951
  0.1670  202.65653170
  0.1680  200.82051665
  0.1690  198.92861561
  0.1700  196.98188506
  0.1710  194.98140602
  0.1720  192.92828346
  0.1730  190.82364558
  0.1740  188.66864315
  0.1750  186.46444879
  0.1760  184.21225630
  0.1770  181.91327992
  0.1780  179.56875364
  0.1790  177.17993044
  0.1800  174.74808156
  0.1810  172.27449575
  0.1820  169.76047854
  0.1830  167.20735144
  0.1840  164.61645122
  0.1850  161.98912908
  0.1860  159.32674993
  0.1870  156.63069156
  0.1880  153.90234388
  0.1890  151.14310812
  0.1900  148.35439602
  0.1910  145.53762905
  0.1920  142.69423761
  0.1930  139.82566019
  0.1940  136.93334262
  0.1950  134.01873722
  0.1960  131.08330199
  0.1970  128.12849985
  0.1980  125.15579778
  0.1990  122.16666602
  0.2000  119.16257730
  0.2010  116.14500598
  0.2020  113.11542731
  0.2030  110.07531659
  0.2040  107.02614835
  0.2050  103.96939564
  0.2060  100.90652916
  0.2070  97.83901650
  0.2080  94.76832139
  0.2090  91.69590290
  0.2100  88.62321467
  0.2110  85.55170418
  0.2120  82.48281196
  0.2130  79.41797088
  0.2140  76.35860542
  0.2150  73.30613093
  0.2160  70.26195294
  0.2170  67.22746643
  0.2180  64.20405521
  0.2190  61.19309122
  0.2200  58.19593391
  0.2210  55.21392961
  0.2220  52.24841100
  0.2230  49.30069651
  0.2240  46.37208992
  0.2250  43.46387989
  0.2260  40.57733973
  0.2270  37.71372722
  0.2280  34.87428471
  0.2290  32.06023958
  0.2300  29.27280522
  0.2310  26.51318299
  0.2320  23.78256579
  0.2330  21.08214464
  0.2340  18.41312114
  0.2350  15.77673229
  0.2360  13.17430408
  0.2370  10.60738062
  0.2380  8.07808875
  0.2390  5.59045258
  0.2400  3.15769088
  0.2410  0.92716010
  0.2420  1.83299484
  0.2430  4.11147777
  0.2440  6.39673571
  0.2450  8.64994469
  0.2460  10.86413903
  0.2470  13.03665413
  0.2480  15.16596231
  0.2490  17.25095664
  0.2500  19.29072616
  0.2510  21.28446970
  0.2520  23.23145794
  0.2530  25.13101500
  0.2540  26.98250875
  0.2550  28.78534549
  0.2560  30.53896677
  0.2570  32.24284753
  0.2580  33.89649492
  0.2590  35.49944754
  0.2600  37.05127499
  0.2610  38.55157748
  0.2620  39.99998565
  0.2630  41.39616037
  0.2640  42.73979266
  0.2650  44.03060353
  0.2660  45.26834393
  0.2670  46.45279461
  0.2680  47.58376610
  0.2690  48.66109854
  0.2700  49.68466163
  0.2710  50.65435446
  0.2720  51.57010543
  0.2730  52.43187210
  0.2740  53.23964100
  0.2750  53.99342752
  0.2760  54.69327568
  0.2770  55.33925798
  0.2780  55.93147516
  0.2790  56.47005597
  0.2800  56.95515699
  0.2810  57.38696230
  0.2820  57.76568328
  0.2830  58.09155831
  0.2840  58.36485245
  0.2850  58.58585720
  0.2860  58.75489010
  0.2870  58.87229447
  0.2880  58.93843902
  0.2890  58.95371752
  0.2900  58.91854841
  0.2910  58.83337443
  0.2920  58.69866223
  0.2930  58.51490196
  0.2940  58.28260685
  0.2950  58.00231281
  0.2960  57.67457794
  0.2970  57.29998213
  0.2980  56.87912661
  0.2990  56.41263344
  0.3000  55.90114505
  0.3010  55.34532379
  0.3020  54.74585140
  0.3030  54.10342851
  0.3040  53.41877416
  0.3050  52.69262525
  0.3060  51.92573605
  0.3070  51.11887764
  0.3080  50.27283741
  0.3090  49.38841849
  0.3100  48.46643921
  0.3110  47.50773257
  0.3120  46.51314564
  0.3130  45.48353907
  0.3140  44.41978647
  0.3150  43.32277387
  0.3160  42.19339916
  0.3170  41.03257151
  0.3180  39.84121083
  0.3190  38.62024719
  0.3200  37.37062024
  0.3210  36.09327872
  0.3220  34.78917983
  0.3230  33.45928878
  0.3240  32.10457819
  0.3250  30.72602768
  0.3260  29.32462332
  0.3270  27.90135725
  0.3280  26.45722733
  0.3290  24.99323684
  0.3300  23.51039434
  0.3310  22.00971372
  0.3320  20.49221456
  0.3330  18.95892297
  0.3340  17.41087315
  0.3350  15.84911042
  0.3360  14.27469654
  0.3370  12.68871965
  0.3380  11.09231343
  0.3390  9.48669660
  0.3400  7.87326218
  0.3410  6.25380731
  0.3420  4.63124962
  0.3430  3.01266318
  0.3440  1.43285961
  0.3450  0.65304182
  0.3460  2.05683821
  0.3470  3.67245839
  0.3480  5.31077375
  0.3490  6.95548500
  0.3500  8.60196764
  0.3510  10.24795935
  0.3520  11.89193546
  0.3530  13.53266657
  0.3540  15.16906388
  0.3550  16.80011541
  0.3560  18.42485662
  0.3570  20.04235564
  0.3580  21.65170533
  0.3590  23.25201896
  0.3600  24.84242767
  0.3610  26.42207905
  0.3620  27.99013634
  0.3630  29.54577800
  0.3640  31.08819753
  0.3650  32.61660343
  0.3660  34.13021928
  0.3670  35.62828387
  0.3680  37.11005138
  0.3690  38.57479159
  0.3700  40.02179007
  0.3710  41.45034841
  0.3720  42.85978449
  0.3730  44.24943265
  0.3740  45.61864397
  0.3750  46.96678645
  0.3760  48.29324525
  0.3770  49.59742287
  0.3780  50.87873940
  0.3790  52.13663263
  0.3800  53.37055830
  0.3810  54.57999024
  0.3820  55.76442051
  0.3830  56.92335958
  0.3840  58.05633647
  0.3850  59.16289882
  0.3860  60.24261306
  0.3870  61.29506449
  0.3880  62.31985739
  0.3890  63.31661506
  0.3900  64.28497992
  0.3910  65.22461357
  0.3920  66.13519679
  0.3930  67.01642964
  0.3940  67.86803143
  0.3950  68.68974075
  0.3960  69.48131547
  0.3970  70.24253271
  0.3980  70.97318885
  0.3990  71.67309947
  0.4000  72.34209929
  0.4010  72.98004216
  0.4020  73.58680095
  0.4030  74.16226748
  0.4040  74.70635244
  0.4050  75.21898529
  0.4060  75.70011414
  0.4070  76.14970564
  0.4080  76.56774484
  0.4090  76.95423503
  0.4100  77.30919765
  0.4110  77.63267206
  0.4120  77.92471541
  0.4130  78.18540244
  0.4140  78.41482531
  0.4150  78.61309339
  0.4160  78.78033304
  0.4170  78.91668742
  0.4180  79.02231626
  0.4190  79.09739561
  0.4200  79.14211761
  0.4210  79.15669024
  0.4220  79.14133706
  0.4230  79.09629697
  0.4240  79.02182389
  0.4250  78.91818653
  0.4260  78.78566806
  0.4270  78.62456588
  0.4280  78.43519124
  0.4290  78.21786900
  0.4300  77.97293730
  0.4310  77.70074722
  0.4320  77.40166249
  0.4330  77.07605915
  0.4340  76.72432522
  0.4350  76.34686035
  0.4360  75.94407550
  0.4370  75.51639256
  0.4380  75.06424405
  0.4390  74.58807271
  0.4400  74.08833119
  0.4410  73.56548166
  0.4420  73.01999545
  0.4430  72.45235270
  0.4440  71.86304196
  0.4450  71.25255985
  0.4460  70.62141067
  0.4470  69.97010604
  0.4480  69.29916447
  0.4490  68.60911107
  0.4500  67.90047710
  0.4510  67.17379960
  0.4520  66.42962105
  0.4530  65.66848894
  0.4540  64.89095541
  0.4550  64.09757689
  0.4560  63.28891367
  0.4570  62.46552957
  0.4580  61.62799154
  0.4590  60.77686927
  0.4600  59.91273485
  0.4610  59.03616235
  0.4620  58.14772749
  0.4630  57.24800725
  0.4640  56.33757948
  0.4650  55.41702260
  0.4660  54.48691516
  0.4670  53.54783555
  0.4680  52.60036157
  0.4690  51.64507017
  0.4700  50.68253701
  0.4710  49.71333618
  0.4720  48.73803983
  0.4730  47.75721783
  0.4740  46.77143746
  0.4750  45.78126307
  0.4760  44.78725576
  0.4770  43.78997305
  0.4780  42.78996859
  0.4790  41.78779184
  0.4800  40.78398779
  0.4810  39.77909663
  0.4820  38.77365348
  0.4830  37.76818812
  0.4840  36.76322469
  0.4850  35.75928144
  0.4860  34.75687045
  0.4870  33.75649740
  0.4880  32.75866127
  0.4890  31.76385417
  0.4900  30.77256103
  0.4910  29.78525942
  0.4920  28.80241933
  0.4930  27.82450293
  0.4940  26.85196439
  0.4950  25.88524967
  0.4960  24.92479635
  0.4970  23.97103343
  0.4980  23.02438117
  0.4990  22.08525096
  0.5000  21.15404511
  0.5010  20.23115676
  0.5020  19.31696977
  0.5030  18.41185854
  0.5040  17.51618799
  0.5050  16.63031342
  0.5060  15.75458050
  0.5070  14.88932522
  0.5080  14.03487385
  0.5090  13.19154307
  0.5100  12.35963997
  0.5110  11.53946226
  0.5120  10.73129854
  0.5130  9.93542873
  0.5140  9.15212468
  0.5150  8.38165116
  0.5160  7.62426745
  0.5170  6.88022976
  0.5180  6.14979531
  0.5190  5.43322933
  0.5200  4.73081785
  0.5210  4.04289232
  0.5220  3.36988189
  0.5230  2.71243673
  0.5240  2.07176767
  0.5250  1.45081963
  0.5260  0.86015949
  0.5270  0.37743074
  0.5280  0.50853764
  0.5290  1.01744117
  0.5300  1.55562357
  0.5310  2.08848146
  0.5320  2.60968877
  0.5330  3.11724729
  0.5340  3.61031593
  0.5350  4.08847288
  0.5360  4.55148175
  0.5370  4.99920143
  0.5380  5.43154618
  0.5390  5.84846602
  0.5400  6.24993640
  0.5410  6.63595222
  0.5420  7.00652429
  0.5430  7.36167710
  0.5440  7.70144729
  0.5450  8.02588262
  0.5460  8.33504121
  0.5470  8.62899097
  0.5480  8.90780913
  0.5490  9.17158188
  0.5500  9.42040402
  0.5510  9.65437870
  0.5520  9.87361715
  0.5530  10.07823840
  0.5540  10.26836914
  0.5550  10.44414338
  0.5560  10.60570236
  0.5570  10.75319422
  0.5580  10.88677388
  0.5590  11.00660280
  0.5600  11.11284877
  0.5610  11.20568572
  0.5620  11.28529351
  0.5630  11.35185772
  0.5640  11.40556945
  0.5650  11.44662514
  0.5660  11.47522634
  0.5670  11.49157950
  0.5680  11.49589580
  0.5690  11.48839090
  0.5700  11.46928480
  0.5710  11.43880157
  0.5720  11.39716920
  0.5730  11.34461936
  0.5740  11.28138721
  0.5750  11.20771124
  0.5760  11.12383298
  0.5770  11.02999691
  0.5780  10.92645015
  0.5790  10.81344237
  0.5800  10.69122553
  0.5810  10.56005367
  0.5820  10.42018281
  0.5830  10.27187064
  0.5840  10.11537644
  0.5850  9.95096083
  0.5860  9.77888559
  0.5870  9.59941354
  0.5880  9.41280828
  0.5890  9.21933409
  0.5900  9.01925570
  0.5910  8.81283820
  0.5920  8.60034680
  0.5930  8.38204675
  0.5940  8.15820313
  0.5950  7.92908078
  0.5960  7.69494410
  0.5970  7.45605699
  0.5980  7.21268271
  0.5990  6.96508382
  0.6000  6.71352207
  0.6010  6.45825841
  0.6020  6.19955292
  0.6030  5.93766487
  0.6040  5.67285282
  0.6050  5.40537472
  0.6060  5.13548823
  0.6070  4.86345105
  0.6080  4.58952155
  0.6090  4.31395957
  0.6100  4.03702779
  0.6110  3.75899351
  0.6120  3.48013160
  0.6130  3.20072884
  0.6140  2.92109093
  0.6150  2.64155381
  0.6160  2.36250309
  0.6170  2.08440853
  0.6180  1.80788959
  0.6190  1.53384907
  0.6200  1.26377218
  0.6210  1.00047866
  0.6220  0.75030986
  0.6230  0.53053238
  0.6240  0.39288379
  0.6250  0.42324900
  0.6260  0.59406914
  0.6270  0.82001824
  0.6280  1.06492244
  0.6290  1.31676094
  0.6300  1.57084890
  0.6310  1.82499970
  0.6320  2.07802832
  0.6330  2.32920915
  0.6340  2.57805102
  0.6350  2.82419313
  0.6360  3.06735272
  0.6370  3.30729672
  0.6380  3.54382563
  0.6390  3.77676384
  0.6400  4.00595357
  0.6410  4.23125101
  0.6420  4.45252372
  0.6430  4.66964887
  0.6440  4.88251202
  0.6450  5.09100622
  0.6460  5.29503138
  0.6470  5.49449379
  0.6480  5.68930575
  0.6490  5.87938534
  0.6500  6.06465613
  0.6510  6.24504706
  0.6520  6.42049228
  0.6530  6.59093101
  0.6540  6.75630748
  0.6550  6.91657080
  0.6560  7.07167489
  0.6570  7.22157841
  0.6580  7.36624472
  0.6590  7.50564173
  0.6600  7.63974196
  0.6610  7.76852236
  0.6620  7.89196433
  0.6630  8.01005361
  0.6640  8.12278028
  0.6650  8.23013862
  0.6660  8.33212712
  0.6670  8.42874837
  0.6680  8.52000904
  0.6690  8.60591977
  0.6700  8.68649515
  0.6710  8.76175361
  0.6720  8.83171741
  0.6730  8.89641249
  0.6740  8.95586849
  0.6750  9.01011862
  0.6760  9.05919961
  0.6770  9.10315163
  0.6780  9.14201820
  0.6790  9.17584617
  0.6800  9.20468556
  0.6810  9.22858956
  0.6820  9.24761440
  0.6830  9.26181930
  0.6840  9.27126636
  0.6850  9.27602050
  0.6860  9.27614938
  0.6870  9.27172328
  0.6880  9.26281507
  0.6890  9.24950008
  0.6900  9.23185604
  0.6910  9.20996296
  0.6920  9.18390308
  0.6930  9.15376078
  0.6940  9.11962244
  0.6950  9.08157641
  0.6960  9.03971291
  0.6970  8.99412390
  0.6980  8.94490303
  0.6990  8.89214553
  0.7000  8.83594813
  0.7010  8.77640896
  0.7020  8.71362747
  0.7030  8.64770432
  0.7040  8.57874130
  0.7050  8.50684124
  0.7060  8.43210793
  0.7070  8.35464598
  0.7080  8.27456079
  0.7090  8.19195845
  0.7100  8.10694559
  0.7110  8.01962936
  0.7120  7.93011732
  0.7130  7.83851734
  0.7140  7.74493750
  0.7150  7.64948603
  0.7160  7.55227122
  0.7170  7.45340132
  0.7180  7.35298446
  0.7190  7.25112856
  0.7200  7.14794125
  0.7210  7.04352979
  0.7220  6.93800101
  0.7230  6.83146116
  0.7240  6.72401591
  0.7250  6.61577023
  0.7260  6.50682831
  0.7270  6.39729350
  0.7280  6.28726823
  0.7290  6.17685393
  0.7300  6.06615096
  0.7310  5.95525855
  0.7320  5.84427472
  0.7330  5.73329620
  0.7340  5.62241841
  0.7350  5.51173533
  0.7360  5.40133951
  0.7370  5.29132193
  0.7380  5.18177200
  0.7390  5.07277750
  0.7400  4.96442449
  0.7410  4.85679726
  0.7420  4.74997833
  0.7430  4.64404835
  0.7440  4.53908604
  0.7450  4.43516820
  0.7460  4.33236964
  0.7470  4.23076310
  0.7480  4.13041928
  0.7490  4.03140676
  0.7500  3.93379197
  0.7510  3.83763915
  0.7520  3.74301035
  0.7530  3.64996537
  0.7540  3.55856175
  0.7550  3.46885475
  0.7560  3.38089732
  0.7570  3.29474006
  0.7580  3.21043127
  0.7590  3.12801687
  0.7600  3.04754040
  0.7610  2.96904306
  0.7620  2.89256364
  0.7630  2.81813855
  0.7640  2.74580182
  0.7650  2.67558510
  0.7660  2.60751763
  0.7670  2.54162632
  0.7680  2.47793567
  0.7690  2.41646786
  0.7700  2.35724270
  0.7710  2.30027769
  0.7720  2.24558801
  0.7730  2.19318657
  0.7740  2.14308397
  0.7750  2.09528862
  0.7760  2.04980665
  0.7770  2.00664203
  0.7780  1.96579654
  0.7790  1.92726983
  0.7800  1.89105942
  0.7810  1.85716074
  0.7820  1.82556718
  0.7830  1.79627007
  0.7840  1.76925877
  0.7850  1.74452062
  0.7860  1.72204107
  0.7870  1.70180361
  0.7880  1.68378988
  0.7890  1.66797964
  0.7900  1.65435086
  0.7910  1.64287969
  0.7920  1.63354054
  0.7930  1.62630614
  0.7940  1.62114749
  0.7950  1.61803400
  0.7960  1.61693348
  0.7970  1.61781220
  0.7980  1.62063494
  0.7990  1.62536506
  0.8000  1.63196452
  0.8010  1.64039398
  0.8020  1.65061283
  0.8030  1.66257927
  0.8040  1.67625036
  0.8050  1.69158210
  0.8060  1.70852949
  0.8070  1.72704659
  0.8080  1.74708660
  0.8090  1.76860192
  0.8100  1.79154422
  0.8110  1.81586448
  0.8120  1.84151312
  0.8130  1.86843998
  0.8140  1.89659444
  0.8150  1.92592548
  0.8160  1.95638171
  0.8170  1.98791144
  0.8180  2.02046278
  0.8190  2.05398362
  0.8200  2.08842176
  0.8210  2.12372492
  0.8220  2.15984080
  0.8230  2.19671715
  0.8240  2.23430179
  0.8250  2.27254271
  0.8260  2.31138806
  0.8270  2.35078624
  0.8280  2.39068592
  0.8290  2.43103611
  0.8300  2.47178618
  0.8310  2.51288591
  0.8320  2.55428554
  0.8330  2.59593581
  0.8340  2.63778798
  0.8350  2.67979389
  0.8360  2.72190599
  0.8370  2.76407735
  0.8380  2.80626175
  0.8390  2.84841364
  0.8400  2.89048824
  0.8410  2.93244152
  0.8420  2.97423026
  0.8430  3.01581204
  0.8440  3.05714530
  0.8450  3.09818937
  0.8460  3.13890444
  0.8470  3.17925164
  0.8480  3.21919301
  0.8490  3.25869156
  0.8500  3.29771126
  0.8510  3.33621706
  0.8520  3.37417491
  0.8530  3.41155177
  0.8540  3.44831562
  0.8550  3.48443544
  0.8560  3.51988128
  0.8570  3.55462422
  0.8580  3.58863637
  0.8590  3.62189090
  0.8600  3.65436205
  0.8610  3.68602507
  0.8620  3.71685631
  0.8630  3.74683314
  0.8640  3.77593397
  0.8650  3.80413829
  0.8660  3.83142660
  0.8670  3.85778043
  0.8680  3.88318235
  0.8690  3.90761594
  0.8700  3.93106579
  0.8710  3.95351749
  0.8720  3.97495761
  0.8730  3.99537369
  0.8740  4.01475423
  0.8750  4.03308871
  0.8760  4.05036749
  0.8770  4.06658190
  0.8780  4.08172413
  0.8790  4.09578729
  0.8800  4.10876534
  0.8810  4.12065310
  0.8820  4.13144623
  0.8830  4.14114120
  0.8840  4.14973527
  0.8850  4.15722650
  0.8860  4.16361371
  0.8870  4.16889644
  0.8880  4.17307498
  0.8890  4.17615029
  0.8900  4.17812406
  0.8910  4.17899860
  0.8920  4.17877688
  0.8930  4.17746252
  0.8940  4.17505969
  0.8950  4.17157321
  0.8960  4.16700842
  0.8970  4.16137123
  0.8980  4.15466807
  0.8990  4.14690589
  0.9000  4.13809212
  0.9010  4.12823468
  0.9020  4.11734193
  0.9030  4.10542268
  0.9040  4.09248615
  0.9050  4.07854200
  0.9060  4.06360024
  0.9070  4.04767128
  0.9080  4.03076587
  0.9090  4.01289513
  0.9100  3.99407048
  0.9110  3.97430369
  0.9120  3.95360682
  0.9130  3.93199221
  0.9140  3.90947250
  0.9150  3.88606057
  0.9160  3.86176960
  0.9170  3.83661297
  0.9180  3.81060434
  0.9190  3.78375755
  0.9200  3.75608671
  0.9210  3.72760610
  0.9220  3.69833022
  0.9230  3.66827376
  0.9240  3.63745162
  0.9250  3.60587884
  0.9260  3.57357068
  0.9270  3.54054255
  0.9280  3.50681001
  0.9290  3.47238882
  0.9300  3.43729487
  0.9310  3.40154422
  0.9320  3.36515306
  0.9330  3.32813776
  0.9340  3.29051479
  0.9350  3.25230081
  0.9360  3.21351260
  0.9370  3.17416707
  0.9380  3.13428128
  0.9390  3.09387243
  0.9400  3.05295784
  0.9410  3.01155497
  0.9420  2.96968142
  0.9430  2.92735491
  0.9440  2.88459331
  0.9450  2.84141460
  0.9460  2.79783689
  0.9470  2.75387844
  0.9480  2.70955762
  0.9490  2.66489293
  0.9500  2.61990301
  0.9510  2.57460659
  0.9520  2.52902256
  0.9530  2.48316992
  0.9540  2.43706779
  0.9550  2.39073541
  0.9560  2.34419212
  0.9570  2.29745741
  0.9580  2.25055084
  0.9590  2.20349211
  0.9600  2.15630101
  0.9610  2.10899743
  0.9620  2.06160138
  0.9630  2.01413292
  0.9640  1.96661223
  0.9650  1.91905958
  0.9660  1.87149528
  0.9670  1.82393975
  0.9680  1.77641345
  0.9690  1.72893690
  0.9700  1.68153068
  0.9710  1.63421541
  0.9720  1.58701173
  0.9730  1.53994033
  0.9740  1.49302190
  0.9750  1.44627713
  0.9760  1.39972672
  0.9770  1.35339137
  0.9780  1.30729172
  0.9790  1.26144841
  0.9800  1.21588201
  0.9810  1.17061306
  0.9820  1.12566201
  0.9830  1.08104924
  0.9840  1.03679505
  0.9850  0.99291962
  0.9860  0.94944303
  0.9870  0.90638525
  0.9880  0.86376611
  0.9890  0.82160531
  0.9900  0.77992240
  0.9910  0.73873681
  0.9920  0.69806781
  0.9930  0.65793455
  0.9940  0.61835606
  0.9950  0.57935129
  0.9960  0.54093911
  0.9970  0.50313844
  0.9980  0.46596829
  0.9990  0.42944794
