  0.0000  80.48086002
  0.0010  80.44810147
  0.0020  80.34983906
  0.0030  80.18611252
  0.0040  79.95698809
  0.0050  79.66255839
  0.0060  79.30294251
  0.0070  78.87828586
  0.0080  78.38876014
  0.0090  77.83456328
  0.0100  77.21591934
  0.0110  76.53307843
  0.0120  75.78631658
  0.0130  74.97593563
  0.0140  74.10226311
  0.0150  73.16565211
  0.0160  72.16648110
  0.0170  71.10515377
  0.0180  69.98209889
  0.0190  68.79777012
  0.0200  67.55264577
  0.0210  66.24722865
  0.0220  64.88204585
  0.0230  63.45764847
  0.0240  61.97461143
  0.0250  60.43353324
  0.0260  58.83503566
  0.0270  57.17976355
  0.0280  55.46838450
  0.0290  53.70158860
  0.0300  51.88008813
  0.0310  50.00461726
  0.0320  48.07593175
  0.0330  46.09480858
  0.0340  44.06204570
  0.0350  41.97846164
  0.0360  39.84489517
  0.0370  37.66220497
  0.0380  35.43126923
  0.0390  33.15298536
  0.0400  30.82826954
  0.0410  28.45805641
  0.0420  26.04329866
  0.0430  23.58496675
  0.0440  21.08404851
  0.0450  18.54154899
  0.0460  15.95849031
  0.0470  13.33591212
  0.0480  10.67487319
  0.0490  7.97645730
  0.0500  5.24179947
  0.0510  2.47229314
  0.0520  0.34066969
  0.0530  3.17095891
  0.0540  6.03962939
  0.0550  8.93927160
  0.0560  11.86854469
  0.0570  14.82623887
  0.0580  17.81115956
  0.0590  20.82210968
  0.0600  23.85788530
  0.0610  26.91727460
  0.0620  29.99905763
  0.0630  33.10200656
  0.0640  36.22488603
  0.0650  39.36645358
  0.0660  42.52546011
  0.0670  45.70065039
  0.0680  48.89076352
  0.0690  52.09453350
  0.0700  55.31068972
  0.0710  58.53795747
  0.0720  61.77505846
  0.0730  65.02071138
  0.0740  68.27363241
  0.0750  71.53253573
  0.0760  74.79613406
  0.0770  78.06313920
  0.0780  81.33226255
  0.0790  84.60221563
  0.0800  87.87171064
  0.0810  91.13946094
  0.0820  94.40418160
  0.0830  97.66458993
  0.0840  100.91940600
  0.0850  104.16735314
  0.0860  107.40715849
  0.0870  110.63755349
  0.0880  113.85727442
  0.0890  117.06506288
  0.0900  120.25966633
  0.0910  123.43983856
  0.0920  126.60434023
  0.0930  129.75193932
  0.0940  132.88141169
  0.0950  135.99154149
  0.0960  139.08112171
  0.0970  142.14895463
  0.0980  145.19385231
  0.0990  148.21463705
  0.1000  151.21014184
  0.1010  154.17921088
  0.1020  157.12069995
  0.1030  160.03347695
  0.1040  162.91642226
  0.1050  165.76842924
  0.1060  168.58840463
  0.1070  171.37526897
  0.1080  174.12795705
  0.1090  176.84541829
  0.1100  179.52661716
  0.1110  182.17053355
  0.1120  184.77616322
  0.1130  187.34251811
  0.1140  189.86862678
  0.1150  192.35353472
  0.1160  194.79630474
  0.1170  197.19601734
  0.1180  199.55177099
  0.1190  201.86268254
  0.1200  204.12788750
  0.1210  206.34654035
  0.1220  208.51781489
  0.1230  210.64090450
  0.1240  212.71502246
  0.1250  214.73940222
  0.1260  216.71329766
  0.1270  218.63598337
  0.1280  220.50675492
  0.1290  222.32492905
  0.1300  224.08984397
  0.1310  225.80085956
  0.1320  227.45735755
  0.1330  229.05874180
  0.1340  230.60443843
  0.1350  232.09389603
  0.1360  233.52658586
  0.1370  234.90200199
  0.1380  236.21966144
  0.1390  237.47910438
  0.1400  238.67989422
  0.1410  239.82161776
  0.1420  240.90388529
  0.1430  241.92633070
  0.1440  242.88861160
  0.1450  243.79040937
  0.1460  244.63142925
  0.1470  245.41140041
  0.1480  246.13007600
  0.1490  246.78723320
  0.1500  247.38267323
  0.1510  247.91622141
  0.1520  248.38772715
  0.1530  248.79706396
  0.1540  249.14412944
  0.1550  249.42884526
  0.1560  249.65115715
  0.1570  249.81103485
  0.1580  249.90847205
  0.1590  249.94348636
  0.1600  249.91611923
  0.1610  249.82643586
  0.1620  249.67452513
  0.1630  249.46049951
  0.1640  249.18449493
  0.1650  248.84667069
  0.1660  248.44720929
  0.1670  247.98631637
  0.1680  247.46422049
  0.1690  246.88117302
  0.1700  246.23744798
  0.1710  245.53334182
  0.1720  244.76917331
  0.1730  243.94528329
  0.1740  243.06203451
  0.1750  242.11981140
  0.1760  241.11901987
  0.1770  240.06008708
  0.1780  238.94346120
  0.1790  237.76961118
  0.1800  236.53902651
  0.1810  235.25221695
  0.1820  233.90971225
  0.1830  232.51206193
  0.1840  231.05983494
  0.1850  229.55361942
  0.1860  227.99402239
  0.1870  226.38166943
  0.1880  224.71720442
  0.1890  223.00128917
  0.1900  221.23460315
  0.1910  219.41784313
  0.1920  217.55172286
  0.1930  215.63697274
  0.1940  213.67433943
  0.1950  211.66458556
  0.1960  209.60848936
  0.1970  207.50684425
  0.1980  205.36045853
  0.1990  203.17015499
  0.2000  200.93677052
  0.2010  198.66115574
  0.2020  196.34417463
  0.2030  193.98670410
  0.2040  191.58963363
  0.2050  189.15386488
  0.2060  186.68031124
  0.2070  184.16989749
  0.2080  181.62355932
  0.2090  179.04224300
  0.2100  176.42690488
  0.2110  173.77851104
  0.2120  171.09803684
  0.2130  168.38646650
  0.2140  165.64479270
  0.2150  162.87401609
  0.2160  160.07514495
  0.2170  157.24919468
  0.2180  154.39718745
  0.2190  151.52015167
  0.2200  148.61912164
  0.2210  145.69513710
  0.2220  142.74924275
  0.2230  139.78248788
  0.2240  136.79592586
  0.2250  133.79061380
  0.2260  130.76761202
  0.2270  127.72798369
  0.2280  124.67279436
  0.2290  121.60311151
  0.2300  118.52000416
  0.2310  115.42454244
  0.2320  112.31779710
  0.2330  109.20083917
  0.2340  106.07473946
  0.2350  102.94056817
  0.2360  99.79939449
  0.2370  96.65228613
  0.2380  93.50030896
  0.2390  90.34452655
  0.2400  87.18599981
  0.2410  84.02578655
  0.2420  80.86494110
  0.2430  77.70451390
  0.2440  74.54555115
  0.2450  71.38909439
  0.2460  68.23618014
  0.2470  65.08783958
  0.2480  61.94509812
  0.2490  58.80897517
  0.2500  55.68048374
  0.2510  52.56063023
  0.2520  49.45041413
  0.2530  46.35082786
  0.2540  43.26285664
  0.2550  40.18747851
  0.2560  37.12566446
  0.2570  34.07837890
  0.2580  31.04658054
  0.2590  28.03122405
  0.2600  25.03326310
  0.2610  22.05365608
  0.2620  19.09337727
  0.2630  16.15344019
  0.2640  13.23495173
  0.2650  10.33925574
  0.2660  7.46840355
  0.2670  4.62733954
  0.2680  1.84595981
  0.2690  1.16159380
  0.2700  3.84827998
  0.2710  6.58372591
  0.2720  9.30069216
  0.2730  11.99226263
  0.2740  14.65610298
  0.2750  17.29088583
  0.2760  19.89561877
  0.2770  22.46945341
  0.2780  25.01161675
  0.2790  27.52138226
  0.2800  29.99805636
  0.2810  32.44097153
  0.2820  34.84948258
  0.2830  37.22296456
  0.2840  39.56081152
  0.2850  41.86243581
  0.2860  44.12726764
  0.2870  46.35475485
  0.2880  48.54436276
  0.2890  50.69557412
  0.2900  52.80788910
  0.2910  54.88082528
  0.2920  56.91391773
  0.2930  58.90671898
  0.2940  60.85879912
  0.2950  62.76974585
  0.2960  64.63916449
  0.2970  66.46667807
  0.2980  68.25192732
  0.2990  69.99457077
  0.3000  71.69428475
  0.3010  73.35076338
  0.3020  74.96371869
  0.3030  76.53288052
  0.3040  78.05799662
  0.3050  79.53883260
  0.3060  80.97517193
  0.3070  82.36681595
  0.3080  83.71358384
  0.3090  85.01531257
  0.3100  86.27185690
  0.3110  87.48308934
  0.3120  88.64890007
  0.3130  89.76919690
  0.3140  90.84390524
  0.3150  91.87296797
  0.3160  92.85634544
  0.3170  93.79401531
  0.3180  94.68597254
  0.3190  95.53222921
  0.3200  96.33281450
  0.3210  97.08777452
  0.3220  97.79717224
  0.3230  98.46108732
  0.3240  99.07961605
  0.3250  99.65287114
  0.3260  100.18098164
  0.3270  100.66409275
  0.3280  101.10236572
  0.3290  101.49597763
  0.3300  101.84512128
  0.3310  102.15000499
  0.3320  102.41085243
  0.3330  102.62790245
  0.3340  102.80140890
  0.3350  102.93164040
  0.3360  103.01888021
  0.3370  103.06342595
  0.3380  103.06558947
  0.3390  103.02569658
  0.3400  102.94408689
  0.3410  102.82111354
  0.3420  102.65714299
  0.3430  102.45255482
  0.3440  102.20774147
  0.3450  101.92310800
  0.3460  101.59907186
  0.3470  101.23606266
  0.3480  100.83452190
  0.3490  100.39490272
  0.3500  99.91766965
  0.3510  99.40329836
  0.3520  98.85227539
  0.3530  98.26509788
  0.3540  97.64227333
  0.3550  96.98431929
  0.3560  96.29176312
  0.3570  95.56514168
  0.3580  94.80500112
  0.3590  94.01189650
  0.3600  93.18639162
  0.3610  92.32905863
  0.3620  91.44047784
  0.3630  90.52123736
  0.3640  89.57193284
  0.3650  88.59316720
  0.3660  87.58555030
  0.3670  86.54969868
  0.3680  85.48623523
  0.3690  84.39578895
  0.3700  83.27899460
  0.3710  82.13649244
  0.3720  80.96892792
  0.3730  79.77695139
  0.3740  78.56121779
  0.3750  77.32238636
  0.3760  76.06112037
  0.3770  74.77808678
  0.3780  73.47395597
  0.3790  72.14940144
  0.3800  70.80509952
  0.3810  69.44172906
  0.3820  68.05997115
  0.3830  66.66050884
  0.3840  65.24402682
  0.3850  63.81121114
  0.3860  62.36274895
  0.3870  60.89932815
  0.3880  59.42163718
  0.3890  57.93036470
  0.3900  56.42619928
  0.3910  54.90982918
  0.3920  53.38194203
  0.3930  51.84322457
  0.3940  50.29436238
  0.3950  48.73603960
  0.3960  47.16893869
  0.3970  45.59374012
  0.3980  44.01112217
  0.3990  42.42176062
  0.4000  40.82632853
  0.4010  39.22549598
  0.4020  37.61992984
  0.4030  36.01029354
  0.4040  34.39724680
  0.4050  32.78144546
  0.4060  31.16354125
  0.4070  29.54418160
  0.4080  27.92400944
  0.4090  26.30366309
  0.4100  24.68377610
  0.4110  23.06497717
  0.4120  21.44789017
  0.4130  19.83313424
  0.4140  18.22132402
  0.4150  16.61307018
  0.4160  15.00898047
  0.4170  13.40966153
  0.4180  11.81572235
  0.4190  10.22778117
  0.4200  8.64647982
  0.4210  7.07251742
  0.4220  5.50674092
  0.4230  3.95044798
  0.4240  2.40684725
  0.4250  0.89746568
  0.4260  0.74714323
  0.4270  2.22711257
  0.4280  3.73015688
  0.4290  5.22668202
  0.4300  6.71306159
  0.4310  8.18797594
  0.4320  9.65063565
  0.4330  11.10043243
  0.4340  12.53683756
  0.4350  13.95936489
  0.4360  15.36755507
  0.4370  16.76096813
  0.4380  18.13917966
  0.4390  19.50177872
  0.4400  20.84836670
  0.4410  22.17855660
  0.4420  23.49197259
  0.4430  24.78824984
  0.4440  26.06703428
  0.4450  27.32798257
  0.4460  28.57076204
  0.4470  29.79505065
  0.4480  31.00053700
  0.4490  32.18692033
  0.4500  33.35391052
  0.4510  34.50122810
  0.4520  35.62860426
  0.4530  36.73578088
  0.4540  37.82251049
  0.4550  38.88855632
  0.4560  39.93369230
  0.4570  40.95770302
  0.4580  41.96038377
  0.4590  42.94154050
  0.4600  43.90098981
  0.4610  44.83855898
  0.4620  45.75408586
  0.4630  46.64741893
  0.4640  47.51841724
  0.4650  48.36695033
  0.4660  49.19289829
  0.4670  49.99615163
  0.4680  50.77661127
  0.4690  51.53418850
  0.4700  52.26880489
  0.4710  52.98039229
  0.4720  53.66889269
  0.4730  54.33425822
  0.4740  54.97645105
  0.4750  55.59544333
  0.4760  56.19121708
  0.4770  56.76376414
  0.4780  57.31308610
  0.4790  57.83919416
  0.4800  58.34210906
  0.4810  58.82186101
  0.4820  59.27848956
  0.4830  59.71204350
  0.4840  60.12258078
  0.4850  60.51016834
  0.4860  60.87488209
  0.4870  61.21680671
  0.4880  61.53603558
  0.4890  61.83267063
  0.4900  62.10682224
  0.4910  62.35860911
  0.4920  62.58815811
  0.4930  62.79560417
  0.4940  62.98109014
  0.4950  63.14476664
  0.4960  63.28679195
  0.4970  63.40733182
  0.4980  63.50655940
  0.4990  63.58465501
  0.5000  63.64180606
  0.5010  63.67820686
  0.5020  63.69405850
  0.5030  63.68956866
  0.5040  63.66495148
  0.5050  63.62042742
  0.5060  63.55622306
  0.5070  63.47257096
  0.5080  63.36970952
  0.5090  63.24788280
  0.5100  63.10734034
  0.5110  62.94833702
  0.5120  62.77113291
  0.5130  62.57599307
  0.5140  62.36318739
  0.5150  62.13299046
  0.5160  61.88568133
  0.5170  61.62154343
  0.5180  61.34086434
  0.5190  61.04393563
  0.5200  60.73105272
  0.5210  60.40251467
  0.5220  60.05862405
  0.5230  59.69968673
  0.5240  59.32601176
  0.5250  58.93791115
  0.5260  58.53569974
  0.5270  58.11969500
  0.5280  57.69021691
  0.5290  57.24758771
  0.5300  56.79213184
  0.5310  56.32417566
  0.5320  55.84404739
  0.5330  55.35207685
  0.5340  54.84859539
  0.5350  54.33393562
  0.5360  53.80843136
  0.5370  53.27241739
  0.5380  52.72622932
  0.5390  52.17020346
  0.5400  51.60467660
  0.5410  51.02998593
  0.5420  50.44646882
  0.5430  49.85446268
  0.5440  49.25430484
  0.5450  48.64633236
  0.5460  48.03088192
  0.5470  47.40828962
  0.5480  46.77889088
  0.5490  46.14302029
  0.5500  45.50101145
  0.5510  44.85319682
  0.5520  44.19990763
  0.5530  43.54147370
  0.5540  42.87822331
  0.5550  42.21048309
  0.5560  41.53857788
  0.5570  40.86283057
  0.5580  40.18356204
  0.5590  39.50109098
  0.5600  38.81573378
  0.5610  38.12780445
  0.5620  37.43761444
  0.5630  36.74547256
  0.5640  36.05168490
  0.5650  35.35655466
  0.5660  34.66038207
  0.5670  33.96346429
  0.5680  33.26609531
  0.5690  32.56856585
  0.5700  31.87116324
  0.5710  31.17417137
  0.5720  30.47787054
  0.5730  29.78253744
  0.5740  29.08844501
  0.5750  28.39586238
  0.5760  27.70505478
  0.5770  27.01628347
  0.5780  26.32980566
  0.5790  25.64587444
  0.5800  24.96473872
  0.5810  24.28664312
  0.5820  23.61182798
  0.5830  22.94052923
  0.5840  22.27297835
  0.5850  21.60940236
  0.5860  20.95002368
  0.5870  20.29506016
  0.5880  19.64472499
  0.5890  18.99922668
  0.5900  18.35876897
  0.5910  17.72355086
  0.5920  17.09376652
  0.5930  16.46960527
  0.5940  15.85125157
  0.5950  15.23888496
  0.5960  14.63268005
  0.5970  14.03280652
  0.5980  13.43942905
  0.5990  12.85270734
  0.6000  12.27279609
  0.6010  11.69984500
  0.6020  11.13399874
  0.6030  10.57539696
  0.6040  10.02417429
  0.6050  9.48046033
  0.6060  8.94437969
  0.6070  8.41605199
  0.6080  7.89559188
  0.6090  7.38310904
  0.6100  6.87870830
  0.6110  6.38248963
  0.6120  5.89454824
  0.6130  5.41497470
  0.6140  4.94385511
  0.6150  4.48127134
  0.6160  4.02730143
  0.6170  3.58202023
  0.6180  3.14550051
  0.6190  2.71781501
  0.6200  2.29904054
  0.6210  1.88926706
  0.6220  1.48862046
  0.6230  1.09733189
  0.6240  0.71602055
  0.6250  0.34774318
  0.6260  0.09243437
  0.6270  0.39452268
  0.6280  0.73673841
  0.6290  1.07282575
  0.6300  1.40058722
  0.6310  1.71954249
  0.6320  2.02952774
  0.6330  2.33047586
  0.6340  2.62235928
  0.6350  2.90517051
  0.6360  3.17891421
  0.6370  3.44360345
  0.6380  3.69925790
  0.6390  3.94590272
  0.6400  4.18356800
  0.6410  4.41228825
  0.6420  4.63210224
  0.6430  4.84305270
  0.6440  5.04518623
  0.6450  5.23855312
  0.6460  5.42320726
  0.6470  5.59920603
  0.6480  5.76661023
  0.6490  5.92548395
  0.6500  6.07589452
  0.6510  6.21791243
  0.6520  6.35161122
  0.6530  6.47706742
  0.6540  6.59436048
  0.6550  6.70357267
  0.6560  6.80478903
  0.6570  6.89809726
  0.6580  6.98358766
  0.6590  7.06135307
  0.6600  7.13148875
  0.6610  7.19409234
  0.6620  7.24926377
  0.6630  7.29710518
  0.6640  7.33772083
  0.6650  7.37121706
  0.6660  7.39770218
  0.6670  7.41728638
  0.6680  7.43008172
  0.6690  7.43620196
  0.6700  7.43576255
  0.6710  7.42888055
  0.6720  7.41567451
  0.6730  7.39626444
  0.6740  7.37077170
  0.6750  7.33931895
  0.6760  7.30203006
  0.6770  7.25903004
  0.6780  7.21044497
  0.6790  7.15640191
  0.6800  7.09702886
  0.6810  7.03245465
  0.6820  6.96280888
  0.6830  6.88822187
  0.6840  6.80882456
  0.6850  6.72474847
  0.6860  6.63612561
  0.6870  6.54308840
  0.6880  6.44576964
  0.6890  6.34430243
  0.6900  6.23882011
  0.6910  6.12945616
  0.6920  6.01634420
  0.6930  5.89961789
  0.6940  5.77941089
  0.6950  5.65585679
  0.6960  5.52908908
  0.6970  5.39924108
  0.6980  5.26644590
  0.6990  5.13083640
  0.7000  4.99254516
  0.7010  4.85170442
  0.7020  4.70844608
  0.7030  4.56290169
  0.7040  4.41520239
  0.7050  4.26547896
  0.7060  4.11386183
  0.7070  3.96048110
  0.7080  3.80546660
  0.7090  3.64894798
  0.7100  3.49105486
  0.7110  3.33191698
  0.7120  3.17166447
  0.7130  3.01042821
  0.7140  2.84834033
  0.7150  2.68553488
  0.7160  2.52214882
  0.7170  2.35832342
  0.7180  2.19420629
  0.7190  2.02995445
  0.7200  1.86573890
  0.7210  1.70175195
  0.7220  1.53821892
  0.7230  1.37541819
  0.7240  1.21371638
  0.7250  1.05363468
  0.7260  0.89598159
  0.7270  0.74214150
  0.7280  0.59476208
  0.7290  0.45954395
  0.7300  0.34994158
  0.7310  0.29466178
  0.7320  0.32157730
  0.7330  0.41380981
  0.7340  0.53779054
  0.7350  0.67539880
  0.7360  0.81901613
  0.7370  0.96525260
  0.7380  1.11241838
  0.7390  1.25957447
  0.7400  1.40614735
  0.7410  1.55175701
  0.7420  1.69613345
  0.7430  1.83907308
  0.7440  1.98041457
  0.7450  2.12002475
  0.7460  2.25779006
  0.7470  2.39361112
  0.7480  2.52739919
  0.7490  2.65907381
  0.7500  2.78856116
  0.7510  2.91579294
  0.7520  3.04070553
  0.7530  3.16323941
  0.7540  3.28333869
  0.7550  3.40095078
  0.7560  3.51602617
  0.7570  3.62851819
  0.7580  3.73838288
  0.7590  3.84557883
  0.7600  3.95006715
  0.7610  4.05181129
  0.7620  4.15077706
  0.7630  4.24693253
  0.7640  4.34024796
  0.7650  4.43069580
  0.7660  4.51825064
  0.7670  4.60288914
  0.7680  4.68459004
  0.7690  4.76333412
  0.7700  4.83910414
  0.7710  4.91188487
  0.7720  4.98166301
  0.7730  5.04842719
  0.7740  5.11216795
  0.7750  5.17287769
  0.7760  5.23055069
  0.7770  5.28518303
  0.7780  5.33677261
  0.7790  5.38531911
  0.7800  5.43082396
  0.7810  5.47329031
  0.7820  5.51272304
  0.7830  5.54912869
  0.7840  5.58251545
  0.7850  5.61289315
  0.7860  5.64027322
  0.7870  5.66466866
  0.7880  5.68609400
  0.7890  5.70456533
  0.7900  5.72010020
  0.7910  5.73271763
  0.7920  5.74243809
  0.7930  5.74928343
  0.7940  5.75327691
  0.7950  5.75444312
  0.7960  5.75280796
  0.7970  5.74839866
  0.7980  5.74124365
  0.7990  5.73137265
  0.8000  5.71881654
  0.8010  5.70360738
  0.8020  5.68577836
  0.8030  5.66536380
  0.8040  5.64239907
  0.8050  5.61692059
  0.8060  5.58896580
  0.8070  5.55857311
  0.8080  5.52578190
  0.8090  5.49063244
  0.8100  5.45316590
  0.8110  5.41342431
  0.8120  5.37145050
  0.8130  5.32728812
  0.8140  5.28098156
  0.8150  5.23257594
  0.8160  5.18211706
  0.8170  5.12965142
  0.8180  5.07522611
  0.8190  5.01888885
  0.8200  4.96068791
  0.8210  4.90067212
  0.8220  4.83889078
  0.8230  4.77539369
  0.8240  4.71023111
  0.8250  4.64345368
  0.8260  4.57511244
  0.8270  4.50525880
  0.8280  4.43394447
  0.8290  4.36122147
  0.8300  4.28714210
  0.8310  4.21175886
  0.8320  4.13512451
  0.8330  4.05729197
  0.8340  3.97831432
  0.8350  3.89824478
  0.8360  3.81713667
  0.8370  3.73504341
  0.8380  3.65201845
  0.8390  3.56811532
  0.8400  3.48338754
  0.8410  3.39788863
  0.8420  3.31167212
  0.8430  3.22479147
  0.8440  3.13730011
  0.8450  3.04925140
  0.8460  2.96069867
  0.8470  2.87169512
  0.8480  2.78229393
  0.8490  2.69254819
  0.8500  2.60251093
  0.8510  2.51223517
  0.8520  2.42177390
  0.8530  2.33118016
  0.8540  2.24050706
  0.8550  2.14980789
  0.8560  2.05913622
  0.8570  1.96854597
  0.8580  1.87809167
  0.8590  1.78782863
  0.8600  1.69781326
  0.8610  1.60810345
  0.8620  1.51875915
  0.8630  1.42984307
  0.8640  1.34142172
  0.8650  1.25356678
  0.8660  1.16635711
  0.8670  1.07988167
  0.8680  0.99424375
  0.8690  0.90956743
  0.8700  0.82600762
  0.8710  0.74376611
  0.8720  0.66311815
  0.8730  0.58445809
  0.8740  0.50838057
  0.8750  0.43583020
  0.8760  0.36838172
  0.8770  0.30874672
  0.8780  0.26151450
  0.8790  0.23338161
  0.8800  0.23044670
  0.8810  0.25266706
  0.8820  0.29358613
  0.8830  0.34593450
  0.8840  0.40468698
  0.8850  0.46688630
  0.8860  0.53083260
  0.8870  0.59552013
  0.8880  0.66032646
  0.8890  0.72484760
  0.8900  0.78880924
  0.8910  0.85201717
  0.8920  0.91432861
  0.8930  0.97563502
  0.8940  1.03585131
  0.8950  1.09490903
  0.8960  1.15275184
  0.8970  1.20933242
  0.8980  1.26461036
  0.8990  1.31855068
  0.9000  1.37112275
  0.9010  1.42229950
  0.9020  1.47205684
  0.9030  1.52037321
  0.9040  1.56722928
  0.9050  1.61260764
  0.9060  1.65649264
  0.9070  1.69887021
  0.9080  1.73972774
  0.9090  1.77905396
  0.9100  1.81683886
  0.9110  1.85307366
  0.9120  1.88775068
  0.9130  1.92086334
  0.9140  1.95240612
  0.9150  1.98237448
  0.9160  2.01076488
  0.9170  2.03757473
  0.9180  2.06280233
  0.9190  2.08644691
  0.9200  2.10850857
  0.9210  2.12898827
  0.9220  2.14788779
  0.9230  2.16520976
  0.9240  2.18095760
  0.9250  2.19513554
  0.9260  2.20774855
  0.9270  2.21880239
  0.9280  2.22830356
  0.9290  2.23625930
  0.9300  2.24267754
  0.9310  2.24756695
  0.9320  2.25093687
  0.9330  2.25279732
  0.9340  2.25315899
  0.9350  2.25203324
  0.9360  2.24943202
  0.9370  2.24536796
  0.9380  2.23985426
  0.9390  2.23290475
  0.9400  2.22453382
  0.9410  2.21475647
  0.9420  2.20358823
  0.9430  2.19104518
  0.9440  2.17714394
  0.9450  2.16190168
  0.9460  2.14533604
  0.9470  2.12746518
  0.9480  2.10830774
  0.9490  2.08788285
  0.9500  2.06621007
  0.9510  2.04330946
  0.9520  2.01920146
  0.9530  1.99390701
  0.9540  1.96744740
  0.9550  1.93984439
  0.9560  1.91112009
  0.9570  1.88129706
  0.9580  1.85039819
  0.9590  1.81844679
  0.9600  1.78546653
  0.9610  1.75148145
  0.9620  1.71651597
  0.9630  1.68059486
  0.9640  1.64374329
  0.9650  1.60598681
  0.9660  1.56735133
  0.9670  1.52786319
  0.9680  1.48754916
  0.9690  1.44643644
  0.9700  1.40455275
  0.9710  1.36192630
  0.9720  1.31858595
  0.9730  1.27456118
  0.9740  1.22988229
  0.9750  1.18458046
  0.9760  1.13868794
  0.9770  1.09223825
  0.9780  1.04526652
  0.9790  0.99780979
  0.9800  0.94990753
  0.9810  0.90160232
  0.9820  0.85294074
  0.9830  0.80397463
  0.9840  0.75476279
  0.9850  0.70537353
  0.9860  0.65588819
  0.9870  0.60640655
  0.9880  0.55705486
  0.9890  0.50799842
  0.9900  0.45946154
  0.9910  0.41176020
  0.9920  0.36535652
  0.9930  0.32095088
  0.9940  0.27963532
  0.9950  0.24312813
  0.9960  0.21403626
  0.9970  0.19581087
  0.9980  0.19166925
  0.9990  0.20253699
