  0.0000  30.70163595
  0.0010  30.67882943
  0.0020  30.61041889
  0.0030  30.49643137
  0.0040  30.33691197
  0.0050  30.13192374
  0.0060  29.88154777
  0.0070  29.58588306
  0.0080  29.24504654
  0.0090  28.85917301
  0.0100  28.42841511
  0.0110  27.95294322
  0.0120  27.43294544
  0.0130  26.86862753
  0.0140  26.26021279
  0.0150  25.60794203
  0.0160  24.91207352
  0.0170  24.17288283
  0.0180  23.39066284
  0.0190  22.56572364
  0.0200  21.69839246
  0.0210  20.78901367
  0.0220  19.83794873
  0.0230  18.84557626
  0.0240  17.81229215
  0.0250  16.73850980
  0.0260  15.62466053
  0.0270  14.47119439
  0.0280  13.27858149
  0.0290  12.04731444
  0.0300  10.77791285
  0.0310  9.47093208
  0.0320  8.12698171
  0.0330  6.74676844
  0.0340  5.33121168
  0.0350  3.88182916
  0.0360  2.40259156
  0.0370  0.92045430
  0.0380  0.77902390
  0.0390  2.31618397
  0.0400  3.92846928
  0.0410  5.57868304
  0.0420  7.26217083
  0.0430  8.97719406
  0.0440  10.72266762
  0.0450  12.49771441
  0.0460  14.30153577
  0.0470  16.13336426
  0.0480  17.99244371
  0.0490  19.87801985
  0.0500  21.78933559
  0.0510  23.72562859
  0.0520  25.68612990
  0.0530  27.67006328
  0.0540  29.67664490
  0.0550  31.70508323
  0.0560  33.75457906
  0.0570  35.82432564
  0.0580  37.91350887
  0.0590  40.02130752
  0.0600  42.14689346
  0.0610  44.28943200
  0.0620  46.44808211
  0.0630  48.62199678
  0.0640  50.81032329
  0.0650  53.01220357
  0.0660  55.22677449
  0.0670  57.45316820
  0.0680  59.69051249
  0.0690  61.93793109
  0.0700  64.19454406
  0.0710  66.45946806
  0.0720  68.73181677
  0.0730  71.01070119
  0.0740  73.29523000
  0.0750  75.58450992
  0.0760  77.87764603
  0.0770  80.17374217
  0.0780  82.47190123
  0.0790  84.77122556
  0.0800  87.07081725
  0.0810  89.36977857
  0.0820  91.66721224
  0.0830  93.96222183
  0.0840  96.25391207
  0.0850  98.54138926
  0.0860  100.82376154
  0.0870  103.10013928
  0.0880  105.36963544
  0.0890  107.63136587
  0.0900  109.88444968
  0.0910  112.12800959
  0.0920  114.36117223
  0.0930  116.58306851
  0.0940  118.79283395
  0.0950  120.98960900
  0.0960  123.17253938
  0.0970  125.34077640
  0.0980  127.49347729
  0.0990  129.62980551
  0.1000  131.74893110
  0.1010  133.85003094
  0.1020  135.93228914
  0.1030  137.99489726
  0.1040  140.03705469
  0.1050  142.05796892
  0.1060  144.05685584
  0.1070  146.03294002
  0.1080  147.98545505
  0.1090  149.91364377
  0.1100  151.81675857
  0.1110  153.69406170
  0.1120  155.54482551
  0.1130  157.36833271
  0.1140  159.16387667
  0.1150  160.93076168
  0.1160  162.66830316
  0.1170  164.37582794
  0.1180  166.05267453
  0.1190  167.69819333
  0.1200  169.31174685
  0.1210  170.89270999
  0.1220  172.44047021
  0.1230  173.95442780
  0.1240  175.43399607
  0.1250  176.87860154
  0.1260  178.28768418
  0.1270  179.66069758
  0.1280  180.99710916
  0.1290  182.29640034
  0.1300  183.55806672
  0.1310  184.78161829
  0.1320  185.96657952
  0.1330  187.11248962
  0.1340  188.21890262
  0.1350  189.28538753
  0.1360  190.31152853
  0.1370  191.29692506
  0.1380  192.24119196
  0.1390  193.14395960
  0.1400  194.00487403
  0.1410  194.82359700
  0.1420  195.59980617
  0.1430  196.33319516
  0.1440  197.02347362
  0.1450  197.67036736
  0.1460  198.27361839
  0.1470  198.83298504
  0.1480  199.34824197
  0.1490  199.81918028
  0.1500  200.24560751
  0.1510  200.62734774
  0.1520  200.96424159
  0.1530  201.25614627
  0.1540  201.50293560
  0.1550  201.70450005
  0.1560  201.86074671
  0.1570  201.97159933
  0.1580  202.03699832
  0.1590  202.05690073
  0.1600  202.03128024
  0.1610  201.96012713
  0.1620  201.84344828
  0.1630  201.68126713
  0.1640  201.47362360
  0.1650  201.22057412
  0.1660  200.92219149
  0.1670  200.57856491
  0.1680  200.18979983
  0.1690  199.75601797
  0.1700  199.27735714
  0.1710  198.75397126
  0.1720  198.18603018
  0.1730  197.57371966
  0.1740  196.91724121
  0.1750  196.21681203
  0.1760  195.47266485
  0.1770  194.68504785
  0.1780  193.85422452
  0.1790  192.98047352
  0.1800  192.06408856
  0.1810  191.10537825
  0.1820  190.10466597
  0.1830  189.06228967
  0.1840  187.97860176
  0.1850  186.85396894
  0.1860  185.68877202
  0.1870  184.48340573
  0.1880  183.23827858
  0.1890  181.95381264
  0.1900  180.63044339
  0.1910  179.26861949
  0.1920  177.86880260
  0.1930  176.43146717
  0.1940  174.95710026
  0.1950  173.44620128
  0.1960  171.89928182
  0.1970  170.31686541
  0.1980  168.69948730
  0.1990  167.04769422
  0.2000  165.36204417
  0.2010  163.64310618
  0.2020  161.89146005
  0.2030  160.10769614
  0.2040  158.29241510
  0.2050  156.44622761
  0.2060  154.56975418
  0.2070  152.66362482
  0.2080  150.72847886
  0.2090  148.76496463
  0.2100  146.77373919
  0.2110  144.75546814
  0.2120  142.71082525
  0.2130  140.64049227
  0.2140  138.54515859
  0.2150  136.42552102
  0.2160  134.28228347
  0.2170  132.11615669
  0.2180  129.92785798
  0.2190  127.71811092
  0.2200  125.48764505
  0.2210  123.23719561
  0.2220  120.96750327
  0.2230  118.67931377
  0.2240  116.37337771
  0.2250  114.05045022
  0.2260  111.71129064
  0.2270  109.35666228
  0.2280  106.98733209
  0.2290  104.60407037
  0.2300  102.20765050
  0.2310  99.79884859
  0.2320  97.37844324
  0.2330  94.94721521
  0.2340  92.50594715
  0.2350  90.05542327
  0.2360  87.59642909
  0.2370  85.12975109
  0.2380  82.65617647
  0.2390  80.17649282
  0.2400  77.69148785
  0.2410  75.20194909
  0.2420  72.70866361
  0.2430  70.21241771
  0.2440  67.71399667
  0.2450  65.21418442
  0.2460  62.71376333
  0.2470  60.21351385
  0.2480  57.71421431
  0.2490  55.21664061
  0.2500  52.72156599
  0.2510  50.22976072
  0.2520  47.74199195
  0.2530  45.25902336
  0.2540  42.78161507
  0.2550  40.31052334
  0.2560  37.84650049
  0.2570  35.39029473
  0.2580  32.94265017
  0.2590  30.50430680
  0.2600  28.07600080
  0.2610  25.65846494
  0.2620  23.25242956
  0.2630  20.85862428
  0.2640  18.47778114
  0.2650  16.11064083
  0.2660  13.75796517
  0.2670  11.42056506
  0.2680  9.09937070
  0.2690  6.79564282
  0.2700  4.51181876
  0.2710  2.25740430
  0.2720  0.39859887
  0.2730  2.30128449
  0.2740  4.49979240
  0.2750  6.68939027
  0.2760  8.86111806
  0.2770  11.01266295
  0.2780  13.14285840
  0.2790  15.25087550
  0.2800  17.33601879
  0.2810  19.39765798
  0.2820  21.43520064
  0.2830  23.44807983
  0.2840  25.43574804
  0.2850  27.39767391
  0.2860  29.33334052
  0.2870  31.24224431
  0.2880  33.12389455
  0.2890  34.97781300
  0.2900  36.80353374
  0.2910  38.60060306
  0.2920  40.36857948
  0.2930  42.10703374
  0.2940  43.81554884
  0.2950  45.49372010
  0.2960  47.14115523
  0.2970  48.75747439
  0.2980  50.34231029
  0.2990  51.89530822
  0.3000  53.41612615
  0.3010  54.90443481
  0.3020  56.35991771
  0.3030  57.78227127
  0.3040  59.17120485
  0.3050  60.52644079
  0.3060  61.84771448
  0.3070  63.13477441
  0.3080  64.38738221
  0.3090  65.60531270
  0.3100  66.78835390
  0.3110  67.93630708
  0.3120  69.04898678
  0.3130  70.12622081
  0.3140  71.16785029
  0.3150  72.17372966
  0.3160  73.14372665
  0.3170  74.07772234
  0.3180  74.97561108
  0.3190  75.83730054
  0.3200  76.66271165
  0.3210  77.45177862
  0.3220  78.20444888
  0.3230  78.92068308
  0.3240  79.60045501
  0.3250  80.24375161
  0.3260  80.85057289
  0.3270  81.42093188
  0.3280  81.95485460
  0.3290  82.45237999
  0.3300  82.91355981
  0.3310  83.33845862
  0.3320  83.72715369
  0.3330  84.07973490
  0.3340  84.39630468
  0.3350  84.67697792
  0.3360  84.92188185
  0.3370  85.13115598
  0.3380  85.30495198
  0.3390  85.44343358
  0.3400  85.54677644
  0.3410  85.61516807
  0.3420  85.64880767
  0.3430  85.64790606
  0.3440  85.61268548
  0.3450  85.54337955
  0.3460  85.44023305
  0.3470  85.30350183
  0.3480  85.13345266
  0.3490  84.93036307
  0.3500  84.69452120
  0.3510  84.42622569
  0.3520  84.12578544
  0.3530  83.79351954
  0.3540  83.42975704
  0.3550  83.03483680
  0.3560  82.60910735
  0.3570  82.15292668
  0.3580  81.66666205
  0.3590  81.15068988
  0.3600  80.60539549
  0.3610  80.03117296
  0.3620  79.42842493
  0.3630  78.79756239
  0.3640  78.13900454
  0.3650  77.45317852
  0.3660  76.74051928
  0.3670  76.00146933
  0.3680  75.23647856
  0.3690  74.44600405
  0.3700  73.63050982
  0.3710  72.79046665
  0.3720  71.92635189
  0.3730  71.03864919
  0.3740  70.12784834
  0.3750  69.19444502
  0.3760  68.23894060
  0.3770  67.26184192
  0.3780  66.26366106
  0.3790  65.24491512
  0.3800  64.20612603
  0.3810  63.14782028
  0.3820  62.07052871
  0.3830  60.97478630
  0.3840  59.86113195
  0.3850  58.73010822
  0.3860  57.58226114
  0.3870  56.41813995
  0.3880  55.23829691
  0.3890  54.04328706
  0.3900  52.83366797
  0.3910  51.60999955
  0.3920  50.37284380
  0.3930  49.12276459
  0.3940  47.86032744
  0.3950  46.58609933
  0.3960  45.30064840
  0.3970  44.00454380
  0.3980  42.69835547
  0.3990  41.38265387
  0.4000  40.05800985
  0.4010  38.72499437
  0.4020  37.38417835
  0.4030  36.03613245
  0.4040  34.68142689
  0.4050  33.32063128
  0.4060  31.95431446
  0.4070  30.58304433
  0.4080  29.20738774
  0.4090  27.82791042
  0.4100  26.44517687
  0.4110  25.05975042
  0.4120  23.67219325
  0.4130  22.28306659
  0.4140  20.89293106
  0.4150  19.50234725
  0.4160  18.11187659
  0.4170  16.72208287
  0.4180  15.33353458
  0.4190  13.94680880
  0.4200  12.56249771
  0.4210  11.18122006
  0.4220  9.80364219
  0.4230  8.43051967
  0.4240  7.06278661
  0.4250  5.70177163
  0.4260  4.34981185
  0.4270  3.01248647
  0.4280  1.71106811
  0.4290  0.65478446
  0.4300  1.23407590
  0.4310  2.48001312
  0.4320  3.77448994
  0.4330  5.07374136
  0.4340  6.36909351
  0.4350  7.65746531
  0.4360  8.93731679
  0.4370  10.20767467
  0.4380  11.46781655
  0.4390  12.71714728
  0.4400  13.95514369
  0.4410  15.18132745
  0.4420  16.39525057
  0.4430  17.59648729
  0.4440  18.78462932
  0.4450  19.95928285
  0.4460  21.12006670
  0.4470  22.26661116
  0.4480  23.39855718
  0.4490  24.51555585
  0.4500  25.61726805
  0.4510  26.70336423
  0.4520  27.77352426
  0.4530  28.82743733
  0.4540  29.86480191
  0.4550  30.88532570
  0.4560  31.88872563
  0.4570  32.87472787
  0.4580  33.84306784
  0.4590  34.79349023
  0.4600  35.72574901
  0.4610  36.63960748
  0.4620  37.53483825
  0.4630  38.41122333
  0.4640  39.26855408
  0.4650  40.10663129
  0.4660  40.92526516
  0.4670  41.72427535
  0.4680  42.50349097
  0.4690  43.26275058
  0.4700  44.00190223
  0.4710  44.72080345
  0.4720  45.41932124
  0.4730  46.09733208
  0.4740  46.75472192
  0.4750  47.39138617
  0.4760  48.00722967
  0.4770  48.60216670
  0.4780  49.17612094
  0.4790  49.72902545
  0.4800  50.26082263
  0.4810  50.77146422
  0.4820  51.26091121
  0.4830  51.72913384
  0.4840  52.17611157
  0.4850  52.60183296
  0.4860  53.00629569
  0.4870  53.38950649
  0.4880  53.75148105
  0.4890  54.09224398
  0.4900  54.41182875
  0.4910  54.71027762
  0.4920  54.98764152
  0.4930  55.24398006
  0.4940  55.47936137
  0.4950  55.69386205
  0.4960  55.88756710
  0.4970  56.06056979
  0.4980  56.21297161
  0.4990  56.34488213
  0.5000  56.45641894
  0.5010  56.54770751
  0.5020  56.61888113
  0.5030  56.67008076
  0.5040  56.70145495
  0.5050  56.71315969
  0.5060  56.70535832
  0.5070  56.67822144
  0.5080  56.63192670
  0.5090  56.56665876
  0.5100  56.48260914
  0.5110  56.37997607
  0.5120  56.25896436
  0.5130  56.11978530
  0.5140  55.96265649
  0.5150  55.78780172
  0.5160  55.59545081
  0.5170  55.38583949
  0.5180  55.15920927
  0.5190  54.91580722
  0.5200  54.65588592
  0.5210  54.37970324
  0.5220  54.08752222
  0.5230  53.77961092
  0.5240  53.45624224
  0.5250  53.11769380
  0.5260  52.76424775
  0.5270  52.39619064
  0.5280  52.01381325
  0.5290  51.61741043
  0.5300  51.20728092
  0.5310  50.78372724
  0.5320  50.34705546
  0.5330  49.89757512
  0.5340  49.43559896
  0.5350  48.96144287
  0.5360  48.47542563
  0.5370  47.97786880
  0.5380  47.46909655
  0.5390  46.94943546
  0.5400  46.41921440
  0.5410  45.87876433
  0.5420  45.32841814
  0.5430  44.76851052
  0.5440  44.19937774
  0.5450  43.62135751
  0.5460  43.03478882
  0.5470  42.44001178
  0.5480  41.83736744
  0.5490  41.22719762
  0.5500  40.60984478
  0.5510  39.98565184
  0.5520  39.35496199
  0.5530  38.71811860
  0.5540  38.07546497
  0.5550  37.42734425
  0.5560  36.77409926
  0.5570  36.11607229
  0.5580  35.45360503
  0.5590  34.78703832
  0.5600  34.11671208
  0.5610  33.44296513
  0.5620  32.76613500
  0.5630  32.08655787
  0.5640  31.40456834
  0.5650  30.72049934
  0.5660  30.03468197
  0.5670  29.34744537
  0.5680  28.65911655
  0.5690  27.97002030
  0.5700  27.28047905
  0.5710  26.59081271
  0.5720  25.90133857
  0.5730  25.21237116
  0.5740  24.52422215
  0.5750  23.83720022
  0.5760  23.15161092
  0.5770  22.46775662
  0.5780  21.78593633
  0.5790  21.10644565
  0.5800  20.42957667
  0.5810  19.75561784
  0.5820  19.08485390
  0.5830  18.41756584
  0.5840  17.75403076
  0.5850  17.09452186
  0.5860  16.43930833
  0.5870  15.78865538
  0.5880  15.14282415
  0.5890  14.50207172
  0.5900  13.86665114
  0.5910  13.23681141
  0.5920  12.61279763
  0.5930  11.99485102
  0.5940  11.38320918
  0.5950  10.77810624
  0.5960  10.17977327
  0.5970  9.58843870
  0.5980  9.00432900
  0.5990  8.42766957
  0.6000  7.85868605
  0.6010  7.29760611
  0.6020  6.74466209
  0.6030  6.20009493
  0.6040  5.66416000
  0.6050  5.13713630
  0.6060  4.61934106
  0.6070  4.11115433
  0.6080  3.61306188
  0.6090  3.12573473
  0.6100  2.65018703
  0.6110  2.18811755
  0.6120  1.74273278
  0.6130  1.32102108
  0.6140  0.94111864
  0.6150  0.65801114
  0.6160  0.60094612
  0.6170  0.80288129
  0.6180  1.12166687
  0.6190  1.47536986
  0.6200  1.83731832
  0.6210  2.19794938
  0.6220  2.55316619
  0.6230  2.90093979
  0.6240  3.24014748
  0.6250  3.57011231
  0.6260  3.89039773
  0.6270  4.20070698
  0.6280  4.50082997
  0.6290  4.79061349
  0.6300  5.06994363
  0.6310  5.33873495
  0.6320  5.59692352
  0.6330  5.84446236
  0.6340  6.08131835
  0.6350  6.30747001
  0.6360  6.52290597
  0.6370  6.72762388
  0.6380  6.92162948
  0.6390  7.10493603
  0.6400  7.27756377
  0.6410  7.43953952
  0.6420  7.59089639
  0.6430  7.73167345
  0.6440  7.86191558
  0.6450  7.98167321
  0.6460  8.09100217
  0.6470  8.18996356
  0.6480  8.27862358
  0.6490  8.35705341
  0.6500  8.42532908
  0.6510  8.48353139
  0.6520  8.53174574
  0.6530  8.57006208
  0.6540  8.59857479
  0.6550  8.61738253
  0.6560  8.62658823
  0.6570  8.62629892
  0.6580  8.61662564
  0.6590  8.59768337
  0.6600  8.56959092
  0.6610  8.53247083
  0.6620  8.48644926
  0.6630  8.43165591
  0.6640  8.36822393
  0.6650  8.29628980
  0.6660  8.21599325
  0.6670  8.12747717
  0.6680  8.03088749
  0.6690  7.92637309
  0.6700  7.81408573
  0.6710  7.69417993
  0.6720  7.56681291
  0.6730  7.43214443
  0.6740  7.29033679
  0.6750  7.14155467
  0.6760  6.98596510
  0.6770  6.82373736
  0.6780  6.65504288
  0.6790  6.48005522
  0.6800  6.29894999
  0.6810  6.11190479
  0.6820  5.91909921
  0.6830  5.72071479
  0.6840  5.51693504
  0.6850  5.30794547
  0.6860  5.09393371
  0.6870  4.87508962
  0.6880  4.65160556
  0.6890  4.42367671
  0.6900  4.19150159
  0.6910  3.95528284
  0.6920  3.71522834
  0.6930  3.47155287
  0.6940  3.22448072
  0.6950  2.97424961
  0.6960  2.72111713
  0.6970  2.46537122
  0.6980  2.20734846
  0.6990  1.94746730
  0.7000  1.68629270
  0.7010  1.42467257
  0.7020  1.16405703
  0.7030  0.90735383
  0.7040  0.66166005
  0.7050  0.44885017
  0.7060  0.34182736
  0.7070  0.43136542
  0.7080  0.64101856
  0.7090  0.89032737
  0.7100  1.15428079
  0.7110  1.42495846
  0.7120  1.69919802
  0.7130  1.97545903
  0.7140  2.25286142
  0.7150  2.53083263
  0.7160  2.80895883
  0.7170  3.08691501
  0.7180  3.36442935
  0.7190  3.64126380
  0.7200  3.91720287
  0.7210  4.19204685
  0.7220  4.46560765
  0.7230  4.73770604
  0.7240  5.00816986
  0.7250  5.27683281
  0.7260  5.54353361
  0.7270  5.80811542
  0.7280  6.07042542
  0.7290  6.33031452
  0.7300  6.58763718
  0.7310  6.84225122
  0.7320  7.09401777
  0.7330  7.34280114
  0.7340  7.58846883
  0.7350  7.83089144
  0.7360  8.06994274
  0.7370  8.30549956
  0.7380  8.53744188
  0.7390  8.76565277
  0.7400  8.99001845
  0.7410  9.21042827
  0.7420  9.42677472
  0.7430  9.63895348
  0.7440  9.84686340
  0.7450  10.05040652
  0.7460  10.24948810
  0.7470  10.44401665
  0.7480  10.63390390
  0.7490  10.81906483
  0.7500  10.99941771
  0.7510  11.17488407
  0.7520  11.34538874
  0.7530  11.51085985
  0.7540  11.67122884
  0.7550  11.82643044
  0.7560  11.97640271
  0.7570  12.12108704
  0.7580  12.26042812
  0.7590  12.39437398
  0.7600  12.52287596
  0.7610  12.64588870
  0.7620  12.76337019
  0.7630  12.87528170
  0.7640  12.98158780
  0.7650  13.08225636
  0.7660  13.17725852
  0.7670  13.26656870
  0.7680  13.35016456
  0.7690  13.42802702
  0.7700  13.50014020
  0.7710  13.56649145
  0.7720  13.62707129
  0.7730  13.68187342
  0.7740  13.73089468
  0.7750  13.77413504
  0.7760  13.81159755
  0.7770  13.84328837
  0.7780  13.86921668
  0.7790  13.88939469
  0.7800  13.90383759
  0.7810  13.91256355
  0.7820  13.91559368
  0.7830  13.91295194
  0.7840  13.90466522
  0.7850  13.89076320
  0.7860  13.87127837
  0.7870  13.84624598
  0.7880  13.81570401
  0.7890  13.77969314
  0.7900  13.73825667
  0.7910  13.69144054
  0.7920  13.63929325
  0.7930  13.58186583
  0.7940  13.51921182
  0.7950  13.45138720
  0.7960  13.37845036
  0.7970  13.30046207
  0.7980  13.21748541
  0.7990  13.12958576
  0.8000  13.03683074
  0.8010  12.93929019
  0.8020  12.83703607
  0.8030  12.73014251
  0.8040  12.61868567
  0.8050  12.50274379
  0.8060  12.38239708
  0.8070  12.25772772
  0.8080  12.12881980
  0.8090  11.99575931
  0.8100  11.85863407
  0.8110  11.71753372
  0.8120  11.57254968
  0.8130  11.42377511
  0.8140  11.27130490
  0.8150  11.11523564
  0.8160  10.95566558
  0.8170  10.79269463
  0.8180  10.62642434
  0.8190  10.45695790
  0.8200  10.28440010
  0.8210  10.10885739
  0.8220  9.93043783
  0.8230  9.74925115
  0.8240  9.56540876
  0.8250  9.37902378
  0.8260  9.19021111
  0.8270  8.99908748
  0.8280  8.80577154
  0.8290  8.61038397
  0.8300  8.41304759
  0.8310  8.21388750
  0.8320  8.01303133
  0.8330  7.81060937
  0.8340  7.60675493
  0.8350  7.40160459
  0.8360  7.19529863
  0.8370  6.98798147
  0.8380  6.77980221
  0.8390  6.57091535
  0.8400  6.36148150
  0.8410  6.15166840
  0.8420  5.94165207
  0.8430  5.73161817
  0.8440  5.52176373
  0.8450  5.31229920
  0.8460  5.10345094
  0.8470  4.89546437
  0.8480  4.68860768
  0.8490  4.48317657
  0.8500  4.27949996
  0.8510  4.07794720
  0.8520  3.87893686
  0.8530  3.68294774
  0.8540  3.49053237
  0.8550  3.30233363
  0.8560  3.11910481
  0.8570  2.94173347
  0.8580  2.77126876
  0.8590  2.60895098
  0.8600  2.45624009
  0.8610  2.31483682
  0.8620  2.18668535
  0.8630  2.07394109
  0.8640  1.97888293
  0.8650  1.90375221
  0.8660  1.85051682
  0.8670  1.82059164
  0.8680  1.81458480
  0.8690  1.83215618
  0.8700  1.87204606
  0.8710  1.93226493
  0.8720  2.01037485
  0.8730  2.10377392
  0.8740  2.20992097
  0.8750  2.32647822
  0.8760  2.45137988
  0.8770  2.58284814
  0.8780  2.71937786
  0.8790  2.85970640
  0.8800  3.00277868
  0.8810  3.14771327
  0.8820  3.29377211
  0.8830  3.44033458
  0.8840  3.58687605
  0.8850  3.73295031
  0.8860  3.87817536
  0.8870  4.02222198
  0.8880  4.16480449
  0.8890  4.30567337
  0.8900  4.44460929
  0.8910  4.58141827
  0.8920  4.71592777
  0.8930  4.84798349
  0.8940  4.97744679
  0.8950  5.10419254
  0.8960  5.22810733
  0.8970  5.34908804
  0.8980  5.46704061
  0.8990  5.58187903
  0.9000  5.69352446
  0.9010  5.80190455
  0.9020  5.90695281
  0.9030  6.00860808
  0.9040  6.10681412
  0.9050  6.20151920
  0.9060  6.29267581
  0.9070  6.38024032
  0.9080  6.46417280
  0.9090  6.54443679
  0.9100  6.62099906
  0.9110  6.69382953
  0.9120  6.76290108
  0.9130  6.82818940
  0.9140  6.88967294
  0.9150  6.94733275
  0.9160  7.00115242
  0.9170  7.05111798
  0.9180  7.09721782
  0.9190  7.13944268
  0.9200  7.17778548
  0.9210  7.21224137
  0.9220  7.24280761
  0.9230  7.26948354
  0.9240  7.29227052
  0.9250  7.31117193
  0.9260  7.32619307
  0.9270  7.33734114
  0.9280  7.34462524
  0.9290  7.34805627
  0.9300  7.34764693
  0.9310  7.34341171
  0.9320  7.33536680
  0.9330  7.32353009
  0.9340  7.30792115
  0.9350  7.28856118
  0.9360  7.26547296
  0.9370  7.23868089
  0.9380  7.20821086
  0.9390  7.17409032
  0.9400  7.13634818
  0.9410  7.09501482
  0.9420  7.05012204
  0.9430  7.00170303
  0.9440  6.94979237
  0.9450  6.89442598
  0.9460  6.83564108
  0.9470  6.77347619
  0.9480  6.70797107
  0.9490  6.63916673
  0.9500  6.56710537
  0.9510  6.49183036
  0.9520  6.41338623
  0.9530  6.33181862
  0.9540  6.24717424
  0.9550  6.15950090
  0.9560  6.06884741
  0.9570  5.97526361
  0.9580  5.87880032
  0.9590  5.77950930
  0.9600  5.67744325
  0.9610  5.57265577
  0.9620  5.46520134
  0.9630  5.35513529
  0.9640  5.24251377
  0.9650  5.12739375
  0.9660  5.00983299
  0.9670  4.88989001
  0.9680  4.76762407
  0.9690  4.64309518
  0.9700  4.51636405
  0.9710  4.38749213
  0.9720  4.25654154
  0.9730  4.12357515
  0.9740  3.98865651
  0.9750  3.85184993
  0.9760  3.71322046
  0.9770  3.57283399
  0.9780  3.43075725
  0.9790  3.28705796
  0.9800  3.14180490
  0.9810  2.99506816
  0.9820  2.84691931
  0.9830  2.69743179
  0.9840  2.54668138
  0.9850  2.39474687
  0.9860  2.24171105
  0.9870  2.08766218
  0.9880  1.93269612
  0.9890  1.77691969
  0.9900  1.62045605
  0.9910  1.46345350
  0.9920  1.30610072
  0.9930  1.14865465
  0.9940  0.99149457
  0.9950  0.83523627
  0.9960  0.68099799
  0.9970  0.53110350
  0.9980  0.39123898
  0.9990  0.27780579
