  0.0000  87.71073176
  0.0010  87.67020592
  0.0020  87.54865079
  0.0030  87.34613348
  0.0040  87.06276582
  0.0050  86.69870426
  0.0060  86.25414979
  0.0070  85.72934775
  0.0080  85.12458777
  0.0090  84.44020349
  0.0100  83.67657239
  0.0110  82.83411551
  0.0120  81.91329723
  0.0130  80.91462491
  0.0140  79.83864860
  0.0150  78.68596066
  0.0160  77.45719538
  0.0170  76.15302858
  0.0180  74.77417717
  0.0190  73.32139866
  0.0200  71.79549073
  0.0210  70.19729064
  0.0220  68.52767476
  0.0230  66.78755797
  0.0240  64.97789306
  0.0250  63.09967018
  0.0260  61.15391613
  0.0270  59.14169377
  0.0280  57.06410132
  0.0290  54.92227163
  0.0300  52.71737153
  0.0310  50.45060102
  0.0320  48.12319259
  0.0330  45.73641037
  0.0340  43.29154937
  0.0350  40.78993469
  0.0360  38.23292066
  0.0370  35.62189001
  0.0380  32.95825301
  0.0390  30.24344659
  0.0400  27.47893348
  0.0410  24.66620128
  0.0420  21.80676156
  0.0430  18.90214893
  0.0440  15.95392012
  0.0450  12.96365302
  0.0460  9.93294576
  0.0470  6.86341578
  0.0480  3.75669914
  0.0490  0.61445885
  0.0500  2.56167601
  0.0510  5.76997220
  0.0520  9.00875165
  0.0530  12.27630119
  0.0540  15.57089621
  0.0550  18.89080095
  0.0560  22.23426938
  0.0570  25.59954625
  0.0580  28.98486803
  0.0590  32.38846400
  0.0600  35.80855719
  0.0610  39.24336545
  0.0620  42.69110244
  0.0630  46.14997864
  0.0640  49.61820238
  0.0650  53.09398081
  0.0660  56.57552095
  0.0670  60.06103064
  0.0680  63.54871955
  0.0690  67.03680019
  0.0700  70.52348885
  0.0710  74.00700661
  0.0720  77.48558029
  0.0730  80.95744340
  0.0740  84.42083711
  0.0750  87.87401118
  0.0760  91.31522489
  0.0770  94.74274798
  0.0780  98.15486154
  0.0790  101.54985893
  0.0800  104.92604665
  0.0810  108.28174526
  0.0820  111.61529018
  0.0830  114.92503262
  0.0840  118.20934039
  0.0850  121.46659869
  0.0860  124.69521102
  0.0870  127.89359987
  0.0880  131.06020761
  0.0890  134.19349719
  0.0900  137.29195296
  0.0910  140.35408137
  0.0920  143.37841169
  0.0930  146.36349680
  0.0940  149.30791380
  0.0950  152.21026474
  0.0960  155.06917728
  0.0970  157.88330533
  0.0980  160.65132972
  0.0990  163.37195874
  0.1000  166.04392883
  0.1010  168.66600511
  0.1020  171.23698194
  0.1030  173.75568350
  0.1040  176.22096432
  0.1050  178.63170974
  0.1060  180.98683649
  0.1070  183.28529309
  0.1080  185.52606034
  0.1090  187.70815179
  0.1100  189.83061409
  0.1110  191.89252747
  0.1120  193.89300609
  0.1130  195.83119840
  0.1140  197.70628750
  0.1150  199.51749147
  0.1160  201.26406369
  0.1170  202.94529309
  0.1180  204.56050450
  0.1190  206.10905881
  0.1200  207.59035330
  0.1210  209.00382178
  0.1220  210.34893482
  0.1230  211.62519994
  0.1240  212.83216173
  0.1250  213.96940205
  0.1260  215.03654008
  0.1270  216.03323249
  0.1280  216.95917346
  0.1290  217.81409479
  0.1300  218.59776592
  0.1310  219.30999397
  0.1320  219.95062374
  0.1330  220.51953769
  0.1340  221.01665593
  0.1350  221.44193612
  0.1360  221.79537346
  0.1370  222.07700058
  0.1380  222.28688742
  0.1390  222.42514109
  0.1400  222.49190579
  0.1410  222.48736256
  0.1420  222.41172916
  0.1430  222.26525985
  0.1440  222.04824515
  0.1450  221.76101165
  0.1460  221.40392171
  0.1470  220.97737318
  0.1480  220.48179917
  0.1490  219.91766767
  0.1500  219.28548124
  0.1510  218.58577671
  0.1520  217.81912474
  0.1530  216.98612950
  0.1540  216.08742825
  0.1550  215.12369093
  0.1560  214.09561970
  0.1570  213.00394855
  0.1580  211.84944276
  0.1590  210.63289850
  0.1600  209.35514224
  0.1610  208.01703034
  0.1620  206.61944842
  0.1630  205.16331088
  0.1640  203.64956033
  0.1650  202.07916699
  0.1660  200.45312812
  0.1670  198.77246742
  0.1680  197.03823440
  0.1690  195.25150374
  0.1700  193.41337467
  0.1710  191.52497029
  0.1720  189.58743692
  0.1730  187.60194338
  0.1740  185.56968033
  0.1750  183.49185955
  0.1760  181.36971319
  0.1770  179.20449312
  0.1780  176.99747008
  0.1790  174.74993302
  0.1800  172.46318830
  0.1810  170.13855892
  0.1820  167.77738374
  0.1830  165.38101671
  0.1840  162.95082604
  0.1850  160.48819344
  0.1860  157.99451327
  0.1870  155.47119175
  0.1880  152.91964612
  0.1890  150.34130382
  0.1900  147.73760165
  0.1910  145.10998493
  0.1920  142.45990668
  0.1930  139.78882672
  0.1940  137.09821090
  0.1950  134.38953016
  0.1960  131.66425975
  0.1970  128.92387833
  0.1980  126.16986711
  0.1990  123.40370906
  0.2000  120.62688795
  0.2010  117.84088758
  0.2020  115.04719089
  0.2030  112.24727912
  0.2040  109.44263093
  0.2050  106.63472161
  0.2060  103.82502218
  0.2070  101.01499860
  0.2080  98.20611091
  0.2090  95.39981239
  0.2100  92.59754879
  0.2110  89.80075747
  0.2120  87.01086660
  0.2130  84.22929441
  0.2140  81.45744832
  0.2150  78.69672423
  0.2160  75.94850575
  0.2170  73.21416339
  0.2180  70.49505388
  0.2190  67.79251941
  0.2200  65.10788693
  0.2210  62.44246743
  0.2220  59.79755531
  0.2230  57.17442767
  0.2240  54.57434374
  0.2250  51.99854422
  0.2260  49.44825074
  0.2270  46.92466533
  0.2280  44.42896994
  0.2290  41.96232600
  0.2300  39.52587407
  0.2310  37.12073362
  0.2320  34.74800293
  0.2330  32.40875910
  0.2340  30.10405848
  0.2350  27.83493732
  0.2360  25.60241317
  0.2370  23.40748706
  0.2380  21.25114720
  0.2390  19.13437524
  0.2400  17.05815673
  0.2410  15.02349973
  0.2420  13.03146918
  0.2430  11.08325496
  0.2440  9.18031848
  0.2450  7.32474783
  0.2460  5.52027038
  0.2470  3.77594434
  0.2480  2.12666280
  0.2490  0.88853239
  0.2500  1.60753398
  0.2510  3.07222274
  0.2520  4.57070296
  0.2530  6.04061298
  0.2540  7.46906442
  0.2550  8.85156204
  0.2560  10.18598947
  0.2570  11.47112811
  0.2580  12.70617095
  0.2590  13.89053064
  0.2600  15.02375318
  0.2610  16.10547512
  0.2620  17.13540072
  0.2630  18.11328886
  0.2640  19.03894531
  0.2650  19.91221782
  0.2660  20.73299289
  0.2670  21.50119363
  0.2680  22.21677824
  0.2690  22.87973884
  0.2700  23.49010065
  0.2710  24.04792126
  0.2720  24.55329012
  0.2730  25.00632798
  0.2740  25.40718646
  0.2750  25.75604766
  0.2760  26.05312376
  0.2770  26.29865663
  0.2780  26.49291745
  0.2790  26.63620634
  0.2800  26.72885199
  0.2810  26.77121128
  0.2820  26.76366887
  0.2830  26.70663681
  0.2840  26.60055418
  0.2850  26.44588661
  0.2860  26.24312593
  0.2870  25.99278971
  0.2880  25.69542084
  0.2890  25.35158710
  0.2900  24.96188075
  0.2910  24.52691806
  0.2920  24.04733891
  0.2930  23.52380635
  0.2940  22.95700624
  0.2950  22.34764683
  0.2960  21.69645841
  0.2970  21.00419308
  0.2980  20.27162444
  0.2990  19.49954755
  0.3000  18.68877893
  0.3010  17.84015686
  0.3020  16.95454194
  0.3030  16.03281820
  0.3040  15.07589504
  0.3050  14.08471033
  0.3060  13.06023564
  0.3070  12.00348498
  0.3080  10.91552982
  0.3090  9.79752598
  0.3100  8.65076442
  0.3110  7.47677385
  0.3120  6.27754893
  0.3130  5.05612466
  0.3140  3.81830620
  0.3150  2.57951223
  0.3160  1.40789550
  0.3170  0.86698644
  0.3180  1.77255853
  0.3190  3.05357957
  0.3200  4.41149209
  0.3210  5.80567028
  0.3220  7.22504457
  0.3230  8.66491065
  0.3240  10.12256842
  0.3250  11.59610835
  0.3260  13.08398304
  0.3270  14.58482982
  0.3280  16.09738830
  0.3290  17.62045879
  0.3300  19.15287980
  0.3310  20.69351530
  0.3320  22.24124731
  0.3330  23.79497142
  0.3340  25.35359406
  0.3350  26.91603095
  0.3360  28.48120614
  0.3370  30.04805154
  0.3380  31.61550680
  0.3390  33.18251925
  0.3400  34.74804418
  0.3410  36.31104499
  0.3420  37.87049362
  0.3430  39.42537087
  0.3440  40.97466683
  0.3450  42.51738134
  0.3460  44.05252441
  0.3470  45.57911667
  0.3480  47.09618989
  0.3490  48.60278740
  0.3500  50.09796455
  0.3510  51.58078923
  0.3520  53.05034227
  0.3530  54.50571793
  0.3540  55.94602432
  0.3550  57.37038389
  0.3560  58.77793379
  0.3570  60.16782637
  0.3580  61.53922953
  0.3590  62.89132717
  0.3600  64.22331955
  0.3610  65.53442371
  0.3620  66.82387381
  0.3630  68.09092150
  0.3640  69.33483629
  0.3650  70.55490587
  0.3660  71.75043643
  0.3670  72.92075298
  0.3680  74.06519968
  0.3690  75.18314008
  0.3700  76.27395743
  0.3710  77.33705494
  0.3720  78.37185602
  0.3730  79.37780453
  0.3740  80.35436499
  0.3750  81.30102279
  0.3760  82.21728443
  0.3770  83.10267763
  0.3780  83.95675157
  0.3790  84.77907699
  0.3800  85.56924637
  0.3810  86.32687406
  0.3820  87.05159636
  0.3830  87.74307164
  0.3840  88.40098046
  0.3850  89.02502558
  0.3860  89.61493205
  0.3870  90.17044729
  0.3880  90.69134103
  0.3890  91.17740543
  0.3900  91.62845500
  0.3910  92.04432665
  0.3920  92.42487961
  0.3930  92.76999544
  0.3940  93.07957795
  0.3950  93.35355311
  0.3960  93.59186904
  0.3970  93.79449585
  0.3980  93.96142556
  0.3990  94.09267197
  0.4000  94.18827053
  0.4010  94.24827822
  0.4020  94.27277332
  0.4030  94.26185532
  0.4040  94.21564467
  0.4050  94.13428262
  0.4060  94.01793101
  0.4070  93.86677199
  0.4080  93.68100789
  0.4090  93.46086086
  0.4100  93.20657271
  0.4110  92.91840457
  0.4120  92.59663664
  0.4130  92.24156790
  0.4140  91.85351582
  0.4150  91.43281601
  0.4160  90.97982194
  0.4170  90.49490456
  0.4180  89.97845203
  0.4190  89.43086929
  0.4200  88.85257775
  0.4210  88.24401492
  0.4220  87.60563400
  0.4230  86.93790354
  0.4240  86.24130700
  0.4250  85.51634240
  0.4260  84.76352185
  0.4270  83.98337121
  0.4280  83.17642961
  0.4290  82.34324904
  0.4300  81.48439394
  0.4310  80.60044072
  0.4320  79.69197736
  0.4330  78.75960292
  0.4340  77.80392711
  0.4350  76.82556986
  0.4360  75.82516078
  0.4370  74.80333879
  0.4380  73.76075158
  0.4390  72.69805518
  0.4400  71.61591347
  0.4410  70.51499771
  0.4420  69.39598606
  0.4430  68.25956313
  0.4440  67.10641946
  0.4450  65.93725105
  0.4460  64.75275891
  0.4470  63.55364855
  0.4480  62.34062953
  0.4490  61.11441494
  0.4500  59.87572098
  0.4510  58.62526642
  0.4520  57.36377217
  0.4530  56.09196083
  0.4540  54.81055614
  0.4550  53.52028261
  0.4560  52.22186497
  0.4570  50.91602780
  0.4580  49.60349498
  0.4590  48.28498932
  0.4600  46.96123206
  0.4610  45.63294245
  0.4620  44.30083732
  0.4630  42.96563064
  0.4640  41.62803306
  0.4650  40.28875156
  0.4660  38.94848897
  0.4670  37.60794361
  0.4680  36.26780885
  0.4690  34.92877277
  0.4700  33.59151770
  0.4710  32.25671992
  0.4720  30.92504924
  0.4730  29.59716865
  0.4740  28.27373401
  0.4750  26.95539366
  0.4760  25.64278812
  0.4770  24.33654979
  0.4780  23.03730262
  0.4790  21.74566188
  0.4800  20.46223388
  0.4810  19.18761575
  0.4820  17.92239528
  0.4830  16.66715077
  0.4840  15.42245102
  0.4850  14.18885539
  0.4860  12.96691407
  0.4870  11.75716871
  0.4880  10.56015347
  0.4890  9.37639724
  0.4900  8.20642756
  0.4910  7.05077869
  0.4920  5.91000862
  0.4930  4.78473962
  0.4940  3.67576988
  0.4950  2.58446112
  0.4960  1.51473953
  0.4970  0.50044252
  0.4980  0.66320242
  0.4990  1.65936192
  0.5000  2.66101412
  0.5010  3.64842817
  0.5020  4.61860605
  0.5030  5.57045597
  0.5040  6.50336235
  0.5050  7.41688203
  0.5060  8.31065229
  0.5070  9.18435628
  0.5080  10.03770809
  0.5090  10.87044552
  0.5100  11.68232629
  0.5110  12.47312596
  0.5120  13.24263670
  0.5130  13.99066647
  0.5140  14.71703856
  0.5150  15.42159126
  0.5160  16.10417754
  0.5170  16.76466496
  0.5180  17.40293543
  0.5190  18.01888513
  0.5200  18.61242438
  0.5210  19.18347752
  0.5220  19.73198280
  0.5230  20.25789228
  0.5240  20.76117171
  0.5250  21.24180042
  0.5260  21.69977119
  0.5270  22.13509012
  0.5280  22.54777651
  0.5290  22.93786275
  0.5300  23.30539412
  0.5310  23.65042868
  0.5320  23.97303711
  0.5330  24.27330256
  0.5340  24.55132046
  0.5350  24.80719837
  0.5360  25.04105578
  0.5370  25.25302396
  0.5380  25.44324576
  0.5390  25.61187540
  0.5400  25.75907828
  0.5410  25.88503079
  0.5420  25.98992009
  0.5430  26.07394389
  0.5440  26.13731027
  0.5450  26.18023739
  0.5460  26.20295333
  0.5470  26.20569583
  0.5480  26.18871204
  0.5490  26.15225832
  0.5500  26.09659998
  0.5510  26.02201101
  0.5520  25.92877389
  0.5530  25.81717927
  0.5540  25.68752578
  0.5550  25.54011971
  0.5560  25.37527481
  0.5570  25.19331199
  0.5580  24.99455906
  0.5590  24.77935048
  0.5600  24.54802709
  0.5610  24.30093580
  0.5620  24.03842939
  0.5630  23.76086619
  0.5640  23.46860979
  0.5650  23.16202882
  0.5660  22.84149664
  0.5670  22.50739107
  0.5680  22.16009412
  0.5690  21.79999169
  0.5700  21.42747335
  0.5710  21.04293202
  0.5720  20.64676368
  0.5730  20.23936717
  0.5740  19.82114384
  0.5750  19.39249734
  0.5760  18.95383330
  0.5770  18.50555911
  0.5780  18.04808365
  0.5790  17.58181701
  0.5800  17.10717026
  0.5810  16.62455519
  0.5820  16.13438408
  0.5830  15.63706945
  0.5840  15.13302385
  0.5850  14.62265967
  0.5860  14.10638887
  0.5870  13.58462288
  0.5880  13.05777239
  0.5890  12.52624725
  0.5900  11.99045636
  0.5910  11.45080761
  0.5920  10.90770794
  0.5930  10.36156341
  0.5940  9.81277944
  0.5950  9.26176120
  0.5960  8.70891422
  0.5970  8.15464544
  0.5980  7.59936463
  0.5990  7.04348681
  0.6000  6.48743579
  0.6010  5.93164993
  0.6020  5.37659151
  0.6030  4.82276243
  0.6040  4.27073213
  0.6050  3.72118974
  0.6060  3.17504888
  0.6070  2.63367871
  0.6080  2.09947833
  0.6090  1.57756058
  0.6100  1.08196772
  0.6110  0.66637647
  0.6120  0.54588550
  0.6130  0.84870380
  0.6140  1.30293558
  0.6150  1.79319815
  0.6160  2.29314897
  0.6170  2.79464467
  0.6180  3.29433226
  0.6190  3.79051006
  0.6200  4.28216482
  0.6210  4.76861269
  0.6220  5.24934527
  0.6230  5.72395616
  0.6240  6.19210292
  0.6250  6.65348617
  0.6260  7.10783728
  0.6270  7.55491099
  0.6280  7.99448067
  0.6290  8.42633529
  0.6300  8.85027736
  0.6310  9.26612150
  0.6320  9.67369348
  0.6330  10.07282949
  0.6340  10.46337562
  0.6350  10.84518749
  0.6360  11.21812995
  0.6370  11.58207683
  0.6380  11.93691078
  0.6390  12.28252312
  0.6400  12.61881368
  0.6410  12.94569073
  0.6420  13.26307086
  0.6430  13.57087889
  0.6440  13.86904776
  0.6450  14.15751851
  0.6460  14.43624012
  0.6470  14.70516946
  0.6480  14.96427121
  0.6490  15.21351778
  0.6500  15.45288919
  0.6510  15.68237301
  0.6520  15.90196424
  0.6530  16.11166522
  0.6540  16.31148555
  0.6550  16.50144196
  0.6560  16.68155820
  0.6570  16.85186495
  0.6580  17.01239969
  0.6590  17.16320658
  0.6600  17.30433635
  0.6610  17.43584616
  0.6620  17.55779948
  0.6630  17.67026595
  0.6640  17.77332127
  0.6650  17.86704703
  0.6660  17.95153058
  0.6670  18.02686489
  0.6680  18.09314843
  0.6690  18.15048497
  0.6700  18.19898346
  0.6710  18.23875787
  0.6720  18.26992706
  0.6730  18.29261456
  0.6740  18.30694850
  0.6750  18.31306137
  0.6760  18.31108990
  0.6770  18.30117489
  0.6780  18.28346105
  0.6790  18.25809682
  0.6800  18.22523422
  0.6810  18.18502867
  0.6820  18.13763884
  0.6830  18.08322646
  0.6840  18.02195618
  0.6850  17.95399538
  0.6860  17.87951401
  0.6870  17.79868441
  0.6880  17.71168118
  0.6890  17.61868095
  0.6900  17.51986229
  0.6910  17.41540547
  0.6920  17.30549236
  0.6930  17.19030622
  0.6940  17.07003155
  0.6950  16.94485393
  0.6960  16.81495988
  0.6970  16.68053667
  0.6980  16.54177217
  0.6990  16.39885470
  0.7000  16.25197289
  0.7010  16.10131549
  0.7020  15.94707127
  0.7030  15.78942884
  0.7040  15.62857649
  0.7050  15.46470209
  0.7060  15.29799291
  0.7070  15.12863552
  0.7080  14.95681561
  0.7090  14.78271789
  0.7100  14.60652594
  0.7110  14.42842211
  0.7120  14.24858736
  0.7130  14.06720116
  0.7140  13.88444136
  0.7150  13.70048409
  0.7160  13.51550362
  0.7170  13.32967229
  0.7180  13.14316037
  0.7190  12.95613596
  0.7200  12.76876493
  0.7210  12.58121075
  0.7220  12.39363449
  0.7230  12.20619463
  0.7240  12.01904707
  0.7250  11.83234498
  0.7260  11.64623875
  0.7270  11.46087591
  0.7280  11.27640106
  0.7290  11.09295580
  0.7300  10.91067868
  0.7310  10.72970511
  0.7320  10.55016732
  0.7330  10.37219432
  0.7340  10.19591183
  0.7350  10.02144225
  0.7360  9.84890460
  0.7370  9.67841451
  0.7380  9.51008414
  0.7390  9.34402221
  0.7400  9.18033392
  0.7410  9.01912094
  0.7420  8.86048143
  0.7430  8.70450994
  0.7440  8.55129748
  0.7450  8.40093147
  0.7460  8.25349572
  0.7470  8.10907048
  0.7480  7.96773236
  0.7490  7.82955440
  0.7500  7.69460605
  0.7510  7.56295316
  0.7520  7.43465802
  0.7530  7.30977934
  0.7540  7.18837229
  0.7550  7.07048850
  0.7560  6.95617609
  0.7570  6.84547965
  0.7580  6.73844031
  0.7590  6.63509574
  0.7600  6.53548013
  0.7610  6.43962429
  0.7620  6.34755559
  0.7630  6.25929803
  0.7640  6.17487226
  0.7650  6.09429556
  0.7660  6.01758191
  0.7670  5.94474199
  0.7680  5.87578317
  0.7690  5.81070960
  0.7700  5.74952214
  0.7710  5.69221846
  0.7720  5.63879304
  0.7730  5.58923713
  0.7740  5.54353888
  0.7750  5.50168327
  0.7760  5.46365220
  0.7770  5.42942448
  0.7780  5.39897587
  0.7790  5.37227914
  0.7800  5.34930407
  0.7810  5.33001753
  0.7820  5.31438348
  0.7830  5.30236309
  0.7840  5.29391472
  0.7850  5.28899402
  0.7860  5.28755400
  0.7870  5.28954506
  0.7880  5.29491510
  0.7890  5.30360959
  0.7900  5.31557163
  0.7910  5.33074205
  0.7920  5.34905948
  0.7930  5.37046045
  0.7940  5.39487947
  0.7950  5.42224913
  0.7960  5.45250016
  0.7970  5.48556158
  0.7980  5.52136074
  0.7990  5.55982341
  0.8000  5.60087391
  0.8010  5.64443515
  0.8020  5.69042877
  0.8030  5.73877517
  0.8040  5.78939364
  0.8050  5.84220242
  0.8060  5.89711878
  0.8070  5.95405911
  0.8080  6.01293899
  0.8090  6.07367326
  0.8100  6.13617610
  0.8110  6.20036111
  0.8120  6.26614137
  0.8130  6.33342950
  0.8140  6.40213774
  0.8150  6.47217802
  0.8160  6.54346201
  0.8170  6.61590118
  0.8180  6.68940690
  0.8190  6.76389043
  0.8200  6.83926305
  0.8210  6.91543610
  0.8220  6.99232099
  0.8230  7.06982934
  0.8240  7.14787296
  0.8250  7.22636395
  0.8260  7.30521475
  0.8270  7.38433820
  0.8280  7.46364754
  0.8290  7.54305655
  0.8300  7.62247955
  0.8310  7.70183145
  0.8320  7.78102782
  0.8330  7.85998494
  0.8340  7.93861984
  0.8350  8.01685036
  0.8360  8.09459520
  0.8370  8.17177396
  0.8380  8.24830719
  0.8390  8.32411645
  0.8400  8.39912435
  0.8410  8.47325459
  0.8420  8.54643201
  0.8430  8.61858263
  0.8440  8.68963371
  0.8450  8.75951379
  0.8460  8.82815270
  0.8470  8.89548167
  0.8480  8.96143328
  0.8490  9.02594158
  0.8500  9.08894209
  0.8510  9.15037185
  0.8520  9.21016945
  0.8530  9.26827506
  0.8540  9.32463049
  0.8550  9.37917919
  0.8560  9.43186633
  0.8570  9.48263878
  0.8580  9.53144516
  0.8590  9.57823589
  0.8600  9.62296319
  0.8610  9.66558113
  0.8620  9.70604563
  0.8630  9.74431450
  0.8640  9.78034749
  0.8650  9.81410624
  0.8660  9.84555438
  0.8670  9.87465749
  0.8680  9.90138317
  0.8690  9.92570101
  0.8700  9.94758261
  0.8710  9.96700164
  0.8720  9.98393380
  0.8730  9.99835686
  0.8740  10.01025066
  0.8750  10.01959710
  0.8760  10.02638020
  0.8770  10.03058604
  0.8780  10.03220281
  0.8790  10.03122079
  0.8800  10.02763237
  0.8810  10.02143201
  0.8820  10.01261629
  0.8830  10.00118388
  0.8840  9.98713551
  0.8850  9.97047401
  0.8860  9.95120428
  0.8870  9.92933328
  0.8880  9.90487001
  0.8890  9.87782551
  0.8900  9.84821285
  0.8910  9.81604710
  0.8920  9.78134533
  0.8930  9.74412658
  0.8940  9.70441182
  0.8950  9.66222398
  0.8960  9.61758789
  0.8970  9.57053025
  0.8980  9.52107963
  0.8990  9.46926644
  0.9000  9.41512287
  0.9010  9.35868290
  0.9020  9.29998226
  0.9030  9.23905837
  0.9040  9.17595034
  0.9050  9.11069891
  0.9060  9.04334644
  0.9070  8.97393686
  0.9080  8.90251561
  0.9090  8.82912964
  0.9100  8.75382734
  0.9110  8.67665851
  0.9120  8.59767432
  0.9130  8.51692723
  0.9140  8.43447102
  0.9150  8.35036067
  0.9160  8.26465233
  0.9170  8.17740332
  0.9180  8.08867199
  0.9190  7.99851778
  0.9200  7.90700107
  0.9210  7.81418317
  0.9220  7.72012629
  0.9230  7.62489345
  0.9240  7.52854842
  0.9250  7.43115572
  0.9260  7.33278049
  0.9270  7.23348849
  0.9280  7.13334603
  0.9290  7.03241988
  0.9300  6.93077726
  0.9310  6.82848575
  0.9320  6.72561324
  0.9330  6.62222787
  0.9340  6.51839799
  0.9350  6.41419206
  0.9360  6.30967861
  0.9370  6.20492620
  0.9380  6.10000334
  0.9390  5.99497840
  0.9400  5.88991963
  0.9410  5.78489502
  0.9420  5.67997227
  0.9430  5.57521875
  0.9440  5.47070142
  0.9450  5.36648674
  0.9460  5.26264070
  0.9470  5.15922866
  0.9480  5.05631536
  0.9490  4.95396483
  0.9500  4.85224036
  0.9510  4.75120441
  0.9520  4.65091859
  0.9530  4.55144357
  0.9540  4.45283906
  0.9550  4.35516374
  0.9560  4.25847520
  0.9570  4.16282991
  0.9580  4.06828315
  0.9590  3.97488896
  0.9600  3.88270014
  0.9610  3.79176812
  0.9620  3.70214298
  0.9630  3.61387340
  0.9640  3.52700659
  0.9650  3.44158824
  0.9660  3.35766255
  0.9670  3.27527211
  0.9680  3.19445791
  0.9690  3.11525930
  0.9700  3.03771394
  0.9710  2.96185780
  0.9720  2.88772511
  0.9730  2.81534834
  0.9740  2.74475818
  0.9750  2.67598353
  0.9760  2.60905146
  0.9770  2.54398725
  0.9780  2.48081431
  0.9790  2.41955424
  0.9800  2.36022682
  0.9810  2.30285000
  0.9820  2.24743991
  0.9830  2.19401093
  0.9840  2.14257565
  0.9850  2.09314496
  0.9860  2.04572805
  0.9870  2.00033251
  0.9880  1.95696431
  0.9890  1.91562794
  0.9900  1.87632643
  0.9910  1.83906147
  0.9920  1.80383343
  0.9930  1.77064150
  0.9940  1.73948375
  0.9950  1.71035724
  0.9960  1.68325808
  0.9970  1.65818155
  0.9980  1.63512214
  0.9990  1.61407368
