  0.0000  15.36816271
  0.0010  15.34469847
  0.0020  15.27431524
  0.0030  15.15704144
  0.0040  14.99292447
  0.0050  14.78203060
  0.0060  14.52444506
  0.0070  14.22027191
  0.0080  13.86963405
  0.0090  13.47267317
  0.0100  13.02954968
  0.0110  12.54044269
  0.0120  12.00554990
  0.0130  11.42508762
  0.0140  10.79929060
  0.0150  10.12841209
  0.0160  9.41272375
  0.0170  8.65251568
  0.0180  7.84809652
  0.0190  6.99979377
  0.0200  6.10795442
  0.0210  5.17294672
  0.0220  4.19516470
  0.0230  3.17504254
  0.0240  2.11311499
  0.0250  1.01048891
  0.0260  0.15377137
  0.0270  1.32449132
  0.0280  2.54948252
  0.0290  3.81473787
  0.0300  5.11933135
  0.0310  6.46264534
  0.0320  7.84410594
  0.0330  9.26314147
  0.0340  10.71917190
  0.0350  12.21160531
  0.0360  13.73983661
  0.0370  15.30324712
  0.0380  16.90120443
  0.0390  18.53306250
  0.0400  20.19816177
  0.0410  21.89582939
  0.0420  23.62537942
  0.0430  25.38611312
  0.0440  27.17731916
  0.0450  28.99827393
  0.0460  30.84824183
  0.0470  32.72647550
  0.0480  34.63221619
  0.0490  36.56469401
  0.0500  38.52312826
  0.0510  40.50672773
  0.0520  42.51469100
  0.0530  44.54620682
  0.0540  46.60045434
  0.0550  48.67660353
  0.0560  50.77381545
  0.0570  52.89124261
  0.0580  55.02802931
  0.0590  57.18331196
  0.0600  59.35621946
  0.0610  61.54587350
  0.0620  63.75138897
  0.0630  65.97187425
  0.0640  68.20643161
  0.0650  70.45415756
  0.0660  72.71414318
  0.0670  74.98547452
  0.0680  77.26723296
  0.0690  79.55849553
  0.0700  81.85833534
  0.0710  84.16582189
  0.0720  86.48002150
  0.0730  88.79999762
  0.0740  91.12481123
  0.0750  93.45352123
  0.0760  95.78518479
  0.0770  98.11885770
  0.0780  100.45359480
  0.0790  102.78845032
  0.0800  105.12247823
  0.0810  107.45473268
  0.0820  109.78426831
  0.0830  112.11014064
  0.0840  114.43140648
  0.0850  116.74712424
  0.0860  119.05635433
  0.0870  121.35815956
  0.0880  123.65160545
  0.0890  125.93576062
  0.0900  128.20969719
  0.0910  130.47249108
  0.0920  132.72322243
  0.0930  134.96097591
  0.0940  137.18484112
  0.0950  139.39391293
  0.0960  141.58729181
  0.0970  143.76408421
  0.0980  145.92340290
  0.0990  148.06436732
  0.1000  150.18610389
  0.1010  152.28774641
  0.1020  154.36843632
  0.1030  156.42732310
  0.1040  158.46356454
  0.1050  160.47632714
  0.1060  162.46478633
  0.1070  164.42812688
  0.1080  166.36554317
  0.1090  168.27623949
  0.1100  170.15943038
  0.1110  172.01434089
  0.1120  173.84020691
  0.1130  175.63627544
  0.1140  177.40180489
  0.1150  179.13606535
  0.1160  180.83833887
  0.1170  182.50791974
  0.1180  184.14411474
  0.1190  185.74624343
  0.1200  187.31363836
  0.1210  188.84564537
  0.1220  190.34162380
  0.1230  191.80094673
  0.1240  193.22300126
  0.1250  194.60718865
  0.1260  195.95292464
  0.1270  197.25963959
  0.1280  198.52677871
  0.1290  199.75380230
  0.1300  200.94018590
  0.1310  202.08542049
  0.1320  203.18901268
  0.1330  204.25048491
  0.1340  205.26937559
  0.1350  206.24523925
  0.1360  207.17764676
  0.1370  208.06618542
  0.1380  208.91045913
  0.1390  209.71008853
  0.1400  210.46471113
  0.1410  211.17398140
  0.1420  211.83757095
  0.1430  212.45516859
  0.1440  213.02648045
  0.1450  213.55123008
  0.1460  214.02915851
  0.1470  214.46002438
  0.1480  214.84360398
  0.1490  215.17969132
  0.1500  215.46809820
  0.1510  215.70865426
  0.1520  215.90120700
  0.1530  216.04562189
  0.1540  216.14178230
  0.1550  216.18958962
  0.1560  216.18896321
  0.1570  216.13984044
  0.1580  216.04217669
  0.1590  215.89594533
  0.1600  215.70113773
  0.1610  215.45776323
  0.1620  215.16584911
  0.1630  214.82544056
  0.1640  214.43660064
  0.1650  213.99941023
  0.1660  213.51396799
  0.1670  212.98039027
  0.1680  212.39881106
  0.1690  211.76938194
  0.1700  211.09227192
  0.1710  210.36766745
  0.1720  209.59577224
  0.1730  208.77680722
  0.1740  207.91101037
  0.1750  206.99863667
  0.1760  206.03995792
  0.1770  205.03526266
  0.1780  203.98485599
  0.1790  202.88905945
  0.1800  201.74821088
  0.1810  200.56266424
  0.1820  199.33278950
  0.1830  198.05897239
  0.1840  196.74161431
  0.1850  195.38113212
  0.1860  193.97795793
  0.1870  192.53253896
  0.1880  191.04533729
  0.1890  189.51682972
  0.1900  187.94750750
  0.1910  186.33787617
  0.1920  184.68845532
  0.1930  182.99977835
  0.1940  181.27239228
  0.1950  179.50685749
  0.1960  177.70374749
  0.1970  175.86364870
  0.1980  173.98716016
  0.1990  172.07489332
  0.2000  170.12747174
  0.2010  168.14553088
  0.2020  166.12971781
  0.2030  164.08069095
  0.2040  161.99911977
  0.2050  159.88568456
  0.2060  157.74107613
  0.2070  155.56599549
  0.2080  153.36115365
  0.2090  151.12727123
  0.2100  148.86507826
  0.2110  146.57531381
  0.2120  144.25872573
  0.2130  141.91607034
  0.2140  139.54811213
  0.2150  137.15562346
  0.2160  134.73938422
  0.2170  132.30018155
  0.2180  129.83880953
  0.2190  127.35606883
  0.2200  124.85276644
  0.2210  122.32971531
  0.2220  119.78773407
  0.2230  117.22764667
  0.2240  114.65028210
  0.2250  112.05647403
  0.2260  109.44706051
  0.2270  106.82288366
  0.2280  104.18478930
  0.2290  101.53362670
  0.2300  98.87024817
  0.2310  96.19550883
  0.2320  93.51026623
  0.2330  90.81538005
  0.2340  88.11171180
  0.2350  85.40012448
  0.2360  82.68148232
  0.2370  79.95665043
  0.2380  77.22649452
  0.2390  74.49188064
  0.2400  71.75367486
  0.2410  69.01274305
  0.2420  66.26995060
  0.2430  63.52616220
  0.2440  60.78224167
  0.2450  58.03905175
  0.2460  55.29745402
  0.2470  52.55830883
  0.2480  49.82247536
  0.2490  47.09081173
  0.2500  44.36417535
  0.2510  41.64342353
  0.2520  38.92941430
  0.2530  36.22300798
  0.2540  33.52506942
  0.2550  30.83647160
  0.2560  28.15810144
  0.2570  25.49086926
  0.2580  22.83572489
  0.2590  20.19368637
  0.2600  17.56589390
  0.2610  14.95371959
  0.2620  12.35901262
  0.2630  9.78472497
  0.2640  7.23683797
  0.2650  4.73233950
  0.2660  2.35660567
  0.2670  1.25589165
  0.2680  3.19108011
  0.2690  5.57452759
  0.2700  7.99669297
  0.2710  10.41535532
  0.2720  12.81965520
  0.2730  15.20523797
  0.2740  17.56978642
  0.2750  19.91179239
  0.2760  22.23012479
  0.2770  24.52385065
  0.2780  26.79215190
  0.2790  29.03428302
  0.2800  31.24954802
  0.2810  33.43728719
  0.2820  35.59686917
  0.2830  37.72768599
  0.2840  39.82914991
  0.2850  41.90069136
  0.2860  43.94175759
  0.2870  45.95181168
  0.2880  47.93033202
  0.2890  49.87681179
  0.2900  51.79075876
  0.2910  53.67169510
  0.2920  55.51915725
  0.2930  57.33269587
  0.2940  59.11187584
  0.2950  60.85627623
  0.2960  62.56549036
  0.2970  64.23912578
  0.2980  65.87680438
  0.2990  67.47816235
  0.3000  69.04285033
  0.3010  70.57053336
  0.3020  72.06089100
  0.3030  73.51361733
  0.3040  74.92842105
  0.3050  76.30502547
  0.3060  77.64316855
  0.3070  78.94260298
  0.3080  80.20309617
  0.3090  81.42443029
  0.3100  82.60640230
  0.3110  83.74882393
  0.3120  84.85152174
  0.3130  85.91433709
  0.3140  86.93712614
  0.3150  87.91975989
  0.3160  88.86212409
  0.3170  89.76411930
  0.3180  90.62566084
  0.3190  91.44667875
  0.3200  92.22711776
  0.3210  92.96693728
  0.3220  93.66611131
  0.3230  94.32462845
  0.3240  94.94249179
  0.3250  95.51971888
  0.3260  96.05634165
  0.3270  96.55240635
  0.3280  97.00797349
  0.3290  97.42311771
  0.3300  97.79792773
  0.3310  98.13250626
  0.3320  98.42696989
  0.3330  98.68144898
  0.3340  98.89608758
  0.3350  99.07104330
  0.3360  99.20648718
  0.3370  99.30260361
  0.3380  99.35959014
  0.3390  99.37765741
  0.3400  99.35702899
  0.3410  99.29794124
  0.3420  99.20064314
  0.3430  99.06539619
  0.3440  98.89247421
  0.3450  98.68216322
  0.3460  98.43476126
  0.3470  98.15057819
  0.3480  97.82993560
  0.3490  97.47316656
  0.3500  97.08061547
  0.3510  96.65263789
  0.3520  96.18960035
  0.3530  95.69188012
  0.3540  95.15986508
  0.3550  94.59395350
  0.3560  93.99455382
  0.3570  93.36208448
  0.3580  92.69697367
  0.3590  91.99965918
  0.3600  91.27058816
  0.3610  90.51021688
  0.3620  89.71901056
  0.3630  88.89744312
  0.3640  88.04599699
  0.3650  87.16516283
  0.3660  86.25543936
  0.3670  85.31733311
  0.3680  84.35135818
  0.3690  83.35803605
  0.3700  82.33789527
  0.3710  81.29147131
  0.3720  80.21930626
  0.3730  79.12194862
  0.3740  77.99995306
  0.3750  76.85388019
  0.3760  75.68429628
  0.3770  74.49177307
  0.3780  73.27688748
  0.3790  72.04022141
  0.3800  70.78236146
  0.3810  69.50389872
  0.3820  68.20542849
  0.3830  66.88755008
  0.3840  65.55086655
  0.3850  64.19598445
  0.3860  62.82351361
  0.3870  61.43406689
  0.3880  60.02825996
  0.3890  58.60671104
  0.3900  57.17004069
  0.3910  55.71887159
  0.3920  54.25382830
  0.3930  52.77553707
  0.3940  51.28462560
  0.3950  49.78172290
  0.3960  48.26745902
  0.3970  46.74246496
  0.3980  45.20737245
  0.3990  43.66281383
  0.4000  42.10942197
  0.4010  40.54783011
  0.4020  38.97867192
  0.4030  37.40258143
  0.4040  35.82019314
  0.4050  34.23214221
  0.4060  32.63906470
  0.4070  31.04159809
  0.4080  29.44038191
  0.4090  27.83605875
  0.4100  26.22927574
  0.4110  24.62068656
  0.4120  23.01095462
  0.4130  21.40075747
  0.4140  19.79079369
  0.4150  18.18179339
  0.4160  16.57453481
  0.4170  14.96987168
  0.4180  13.36877999
  0.4190  11.77244237
  0.4200  10.18241034
  0.4210  8.60094251
  0.4220  7.03178733
  0.4230  5.48226742
  0.4240  3.97003815
  0.4250  2.55232213
  0.4260  1.50282161
  0.4270  1.71196486
  0.4280  2.90900045
  0.4290  4.33330670
  0.4300  5.81337280
  0.4310  7.30947520
  0.4320  8.80818808
  0.4330  10.30361074
  0.4340  11.79261269
  0.4350  13.27327312
  0.4360  14.74426866
  0.4370  16.20460019
  0.4380  17.65345857
  0.4390  19.09015331
  0.4400  20.51407247
  0.4410  21.92465883
  0.4420  23.32139520
  0.4430  24.70379507
  0.4440  26.07139640
  0.4450  27.42375748
  0.4460  28.76045403
  0.4470  30.08107724
  0.4480  31.38523227
  0.4490  32.67253728
  0.4500  33.94262261
  0.4510  35.19513030
  0.4520  36.42971362
  0.4530  37.64603680
  0.4540  38.84377481
  0.4550  40.02261313
  0.4560  41.18224772
  0.4570  42.32238484
  0.4580  43.44274103
  0.4590  44.54304305
  0.4600  45.62302782
  0.4610  46.68244244
  0.4620  47.72104409
  0.4630  48.73860012
  0.4640  49.73488794
  0.4650  50.70969507
  0.4660  51.66281909
  0.4670  52.59406766
  0.4680  53.50325852
  0.4690  54.39021942
  0.4700  55.25478818
  0.4710  56.09681260
  0.4720  56.91615052
  0.4730  57.71266973
  0.4740  58.48624799
  0.4750  59.23677300
  0.4760  59.96414233
  0.4770  60.66826344
  0.4780  61.34905364
  0.4790  62.00644000
  0.4800  62.64035936
  0.4810  63.25075827
  0.4820  63.83759292
  0.4830  64.40082912
  0.4840  64.94044223
  0.4850  65.45641710
  0.4860  65.94874799
  0.4870  66.41743856
  0.4880  66.86250171
  0.4890  67.28395962
  0.4900  67.68184357
  0.4910  68.05619393
  0.4920  68.40706004
  0.4930  68.73450016
  0.4940  69.03858135
  0.4950  69.31937938
  0.4960  69.57697868
  0.4970  69.81147216
  0.4980  70.02296121
  0.4990  70.21155551
  0.5000  70.37737298
  0.5010  70.52053966
  0.5020  70.64118957
  0.5030  70.73946463
  0.5040  70.81551454
  0.5050  70.86949665
  0.5060  70.90157584
  0.5070  70.91192440
  0.5080  70.90072192
  0.5090  70.86815512
  0.5100  70.81441777
  0.5110  70.73971054
  0.5120  70.64424085
  0.5130  70.52822274
  0.5140  70.39187675
  0.5150  70.23542978
  0.5160  70.05911492
  0.5170  69.86317132
  0.5180  69.64784409
  0.5190  69.41338407
  0.5200  69.16004775
  0.5210  68.88809711
  0.5220  68.59779944
  0.5230  68.28942722
  0.5240  67.96325796
  0.5250  67.61957403
  0.5260  67.25866254
  0.5270  66.88081514
  0.5280  66.48632792
  0.5290  66.07550118
  0.5300  65.64863936
  0.5310  65.20605082
  0.5320  64.74804767
  0.5330  64.27494568
  0.5340  63.78706407
  0.5350  63.28472534
  0.5360  62.76825516
  0.5370  62.23798215
  0.5380  61.69423778
  0.5390  61.13735617
  0.5400  60.56767394
  0.5410  59.98553004
  0.5420  59.39126563
  0.5430  58.78522385
  0.5440  58.16774976
  0.5450  57.53919007
  0.5460  56.89989307
  0.5470  56.25020843
  0.5480  55.59048705
  0.5490  54.92108093
  0.5500  54.24234296
  0.5510  53.55462681
  0.5520  52.85828678
  0.5530  52.15367763
  0.5540  51.44115440
  0.5550  50.72107234
  0.5560  49.99378669
  0.5570  49.25965256
  0.5580  48.51902477
  0.5590  47.77225775
  0.5600  47.01970533
  0.5610  46.26172067
  0.5620  45.49865606
  0.5630  44.73086283
  0.5640  43.95869118
  0.5650  43.18249007
  0.5660  42.40260708
  0.5670  41.61938830
  0.5680  40.83317818
  0.5690  40.04431941
  0.5700  39.25315282
  0.5710  38.46001724
  0.5720  37.66524943
  0.5730  36.86918390
  0.5740  36.07215286
  0.5750  35.27448612
  0.5760  34.47651093
  0.5770  33.67855197
  0.5780  32.88093120
  0.5790  32.08396782
  0.5800  31.28797816
  0.5810  30.49327561
  0.5820  29.70017061
  0.5830  28.90897051
  0.5840  28.11997962
  0.5850  27.33349910
  0.5860  26.54982696
  0.5870  25.76925809
  0.5880  24.99208421
  0.5890  24.21859392
  0.5900  23.44907275
  0.5910  22.68380323
  0.5920  21.92306498
  0.5930  21.16713486
  0.5940  20.41628713
  0.5950  19.67079370
  0.5960  18.93092437
  0.5970  18.19694726
  0.5980  17.46912921
  0.5990  16.74773638
  0.6000  16.03303494
  0.6010  15.32529200
  0.6020  14.62477668
  0.6030  13.93176158
  0.6040  13.24652456
  0.6050  12.56935108
  0.6060  11.90053713
  0.6070  11.24039319
  0.6080  10.58924923
  0.6090  9.94746158
  0.6100  9.31542199
  0.6110  8.69357007
  0.6120  8.08241046
  0.6130  7.48253697
  0.6140  6.89466713
  0.6150  6.31969240
  0.6160  5.75875279
  0.6170  5.21334994
  0.6180  4.68552182
  0.6190  4.17811760
  0.6200  3.69523503
  0.6210  3.24291393
  0.6220  2.83019412
  0.6230  2.47053418
  0.6240  2.18300792
  0.6250  1.99112320
  0.6260  1.91560912
  0.6270  1.96205518
  0.6280  2.11527813
  0.6290  2.34812559
  0.6300  2.63398558
  0.6310  2.95258748
  0.6320  3.29008998
  0.6330  3.63737554
  0.6340  3.98843818
  0.6350  4.33925755
  0.6360  4.68708226
  0.6370  5.02998483
  0.6380  5.36658439
  0.6390  5.69587133
  0.6400  6.01709430
  0.6410  6.32968561
  0.6420  6.63321115
  0.6430  6.92733597
  0.6440  7.21180017
  0.6450  7.48640174
  0.6460  7.75098414
  0.6470  8.00542712
  0.6480  8.24963995
  0.6490  8.48355619
  0.6500  8.70712976
  0.6510  8.92033191
  0.6520  9.12314873
  0.6530  9.31557932
  0.6540  9.49763421
  0.6550  9.66933414
  0.6560  9.83070904
  0.6570  9.98179719
  0.6580  10.12264453
  0.6590  10.25330407
  0.6600  10.37383536
  0.6610  10.48430412
  0.6620  10.58478178
  0.6630  10.67534523
  0.6640  10.75607650
  0.6650  10.82706247
  0.6660  10.88839470
  0.6670  10.94016917
  0.6680  10.98248608
  0.6690  11.01544972
  0.6700  11.03916824
  0.6710  11.05375354
  0.6720  11.05932111
  0.6730  11.05598986
  0.6740  11.04388202
  0.6750  11.02312299
  0.6760  10.99384124
  0.6770  10.95616815
  0.6780  10.91023793
  0.6790  10.85618748
  0.6800  10.79415629
  0.6810  10.72428631
  0.6820  10.64672190
  0.6830  10.56160963
  0.6840  10.46909828
  0.6850  10.36933865
  0.6860  10.26248351
  0.6870  10.14868748
  0.6880  10.02810695
  0.6890  9.90089995
  0.6900  9.76722608
  0.6910  9.62724643
  0.6920  9.48112342
  0.6930  9.32902080
  0.6940  9.17110347
  0.6950  9.00753747
  0.6960  8.83848983
  0.6970  8.66412852
  0.6980  8.48462234
  0.6990  8.30014089
  0.7000  8.11085442
  0.7010  7.91693379
  0.7020  7.71855043
  0.7030  7.51587622
  0.7040  7.30908343
  0.7050  7.09834471
  0.7060  6.88383299
  0.7070  6.66572148
  0.7080  6.44418359
  0.7090  6.21939297
  0.7100  5.99152348
  0.7110  5.76074924
  0.7120  5.52724464
  0.7130  5.29118450
  0.7140  5.05274415
  0.7150  4.81209974
  0.7160  4.56942846
  0.7170  4.32490910
  0.7180  4.07872264
  0.7190  3.83105325
  0.7200  3.58208968
  0.7210  3.33202730
  0.7220  3.08107122
  0.7230  2.82944112
  0.7240  2.57737885
  0.7250  2.32516111
  0.7260  2.07312123
  0.7270  1.82168874
  0.7280  1.57146618
  0.7290  1.32339002
  0.7300  1.07910361
  0.7310  0.84193708
  0.7320  0.61990364
  0.7330  0.43608961
  0.7340  0.35452821
  0.7350  0.43554111
  0.7360  0.61707529
  0.7370  0.83502637
  0.7380  1.06640405
  0.7390  1.30324034
  0.7400  1.54223435
  0.7410  1.78176938
  0.7420  2.02093728
  0.7430  2.25916680
  0.7440  2.49606317
  0.7450  2.73133158
  0.7460  2.96473762
  0.7470  3.19608554
  0.7480  3.42520559
  0.7490  3.65194637
  0.7500  3.87616997
  0.7510  4.09774883
  0.7520  4.31656368
  0.7530  4.53250204
  0.7540  4.74545725
  0.7550  4.95532775
  0.7560  5.16201655
  0.7570  5.36543086
  0.7580  5.56548181
  0.7590  5.76208422
  0.7600  5.95515647
  0.7610  6.14462035
  0.7620  6.33040094
  0.7630  6.51242661
  0.7640  6.69062888
  0.7650  6.86494242
  0.7660  7.03530498
  0.7670  7.20165737
  0.7680  7.36394346
  0.7690  7.52211009
  0.7700  7.67610711
  0.7710  7.82588734
  0.7720  7.97140652
  0.7730  8.11262335
  0.7740  8.24949943
  0.7750  8.38199926
  0.7760  8.51009021
  0.7770  8.63374252
  0.7780  8.75292929
  0.7790  8.86762641
  0.7800  8.97781261
  0.7810  9.08346938
  0.7820  9.18458102
  0.7830  9.28113453
  0.7840  9.37311966
  0.7850  9.46052885
  0.7860  9.54335724
  0.7870  9.62160259
  0.7880  9.69526531
  0.7890  9.76434841
  0.7900  9.82885746
  0.7910  9.88880058
  0.7920  9.94418841
  0.7930  9.99503407
  0.7940  10.04135314
  0.7950  10.08316361
  0.7960  10.12048586
  0.7970  10.15334264
  0.7980  10.18175899
  0.7990  10.20576225
  0.8000  10.22538202
  0.8010  10.24065009
  0.8020  10.25160042
  0.8030  10.25826911
  0.8040  10.26069436
  0.8050  10.25891641
  0.8060  10.25297752
  0.8070  10.24292192
  0.8080  10.22879577
  0.8090  10.21064710
  0.8100  10.18852580
  0.8110  10.16248355
  0.8120  10.13257380
  0.8130  10.09885167
  0.8140  10.06137399
  0.8150  10.02019918
  0.8160  9.97538723
  0.8170  9.92699967
  0.8180  9.87509949
  0.8190  9.81975112
  0.8200  9.76102038
  0.8210  9.69897442
  0.8220  9.63368165
  0.8230  9.56521176
  0.8240  9.49363561
  0.8250  9.41902518
  0.8260  9.34145359
  0.8270  9.26099495
  0.8280  9.17772440
  0.8290  9.09171801
  0.8300  9.00305275
  0.8310  8.91180643
  0.8320  8.81805766
  0.8330  8.72188580
  0.8340  8.62337091
  0.8350  8.52259370
  0.8360  8.41963547
  0.8370  8.31457810
  0.8380  8.20750394
  0.8390  8.09849582
  0.8400  7.98763698
  0.8410  7.87501102
  0.8420  7.76070185
  0.8430  7.64479366
  0.8440  7.52737084
  0.8450  7.40851799
  0.8460  7.28831983
  0.8470  7.16686115
  0.8480  7.04422682
  0.8490  6.92050168
  0.8500  6.79577054
  0.8510  6.67011815
  0.8520  6.54362911
  0.8530  6.41638787
  0.8540  6.28847868
  0.8550  6.15998555
  0.8560  6.03099223
  0.8570  5.90158213
  0.8580  5.77183836
  0.8590  5.64184363
  0.8600  5.51168024
  0.8610  5.38143008
  0.8620  5.25117459
  0.8630  5.12099468
  0.8640  4.99097082
  0.8650  4.86118290
  0.8660  4.73171033
  0.8670  4.60263192
  0.8680  4.47402597
  0.8690  4.34597018
  0.8700  4.21854172
  0.8710  4.09181719
  0.8720  3.96587268
  0.8730  3.84078375
  0.8740  3.71662546
  0.8750  3.59347245
  0.8760  3.47139896
  0.8770  3.35047889
  0.8780  3.23078591
  0.8790  3.11239353
  0.8800  2.99537522
  0.8810  2.87980459
  0.8820  2.76575552
  0.8830  2.65330240
  0.8840  2.54252037
  0.8850  2.43348562
  0.8860  2.32627576
  0.8870  2.22097025
  0.8880  2.11765091
  0.8890  2.01640254
  0.8900  1.91731370
  0.8910  1.82047753
  0.8920  1.72599286
  0.8930  1.63396547
  0.8940  1.54450957
  0.8950  1.45774957
  0.8960  1.37382215
  0.8970  1.29287864
  0.8980  1.21508767
  0.8990  1.14063807
  0.9000  1.06974182
  0.9010  1.00263675
  0.9020  0.93958844
  0.9030  0.88089043
  0.9040  0.82686151
  0.9050  0.77783830
  0.9060  0.73416131
  0.9070  0.69615257
  0.9080  0.66408469
  0.9090  0.63814303
  0.9100  0.61838682
  0.9110  0.60471771
  0.9120  0.59686521
  0.9130  0.59439499
  0.9140  0.59673960
  0.9150  0.60324432
  0.9160  0.61321730
  0.9170  0.62597450
  0.9180  0.64087330
  0.9190  0.65733351
  0.9200  0.67484731
  0.9210  0.69298104
  0.9220  0.71137180
  0.9230  0.72972135
  0.9240  0.74778899
  0.9250  0.76538437
  0.9260  0.78236090
  0.9270  0.79860999
  0.9280  0.81405615
  0.9290  0.82865289
  0.9300  0.84237945
  0.9310  0.85523809
  0.9320  0.86725204
  0.9330  0.87846373
  0.9340  0.88893351
  0.9350  0.89873855
  0.9360  0.90797192
  0.9370  0.91674180
  0.9380  0.92517071
  0.9390  0.93339469
  0.9400  0.94156241
  0.9410  0.94983408
  0.9420  0.95838015
  0.9430  0.96737976
  0.9440  0.97701888
  0.9450  0.98748811
  0.9460  0.99898026
  0.9470  1.01168755
  0.9480  1.02579873
  0.9490  1.04149601
  0.9500  1.05895209
  0.9510  1.07832729
  0.9520  1.09976698
  0.9530  1.12339950
  0.9540  1.14933446
  0.9550  1.17766178
  0.9560  1.20845121
  0.9570  1.24175249
  0.9580  1.27759607
  0.9590  1.31599418
  0.9600  1.35694233
  0.9610  1.40042098
  0.9620  1.44639739
  0.9630  1.49482741
  0.9640  1.54565735
  0.9650  1.59882565
  0.9660  1.65426442
  0.9670  1.71190086
  0.9680  1.77165845
  0.9690  1.83345801
  0.9700  1.89721857
  0.9710  1.96285807
  0.9720  2.03029397
  0.9730  2.09944370
  0.9740  2.17022506
  0.9750  2.24255642
  0.9760  2.31635701
  0.9770  2.39154703
  0.9780  2.46804775
  0.9790  2.54578158
  0.9800  2.62467212
  0.9810  2.70464417
  0.9820  2.78562372
  0.9830  2.86753794
  0.9840  2.95031516
  0.9850  3.03388484
  0.9860  3.11817756
  0.9870  3.20312496
  0.9880  3.28865971
  0.9890  3.37471551
  0.9900  3.46122700
  0.9910  3.54812981
  0.9920  3.63536046
  0.9930  3.72285637
  0.9940  3.81055584
  0.9950  3.89839801
  0.9960  3.98632288
  0.9970  4.07427124
  0.9980  4.16218471
  0.9990  4.25000570
