  0.0000  78.40202144
  0.0010  78.36646713
  0.0020  78.25982080
  0.0030  78.08213229
  0.0040  77.83348459
  0.0050  77.51399388
  0.0060  77.12380946
  0.0070  76.66311367
  0.0080  76.13212187
  0.0090  75.53108231
  0.0100  74.86027607
  0.0110  74.12001694
  0.0120  73.31065131
  0.0130  72.43255804
  0.0140  71.48614832
  0.0150  70.47186550
  0.0160  69.39018497
  0.0170  68.24161392
  0.0180  67.02669124
  0.0190  65.74598723
  0.0200  64.40010350
  0.0210  62.98967267
  0.0220  61.51535820
  0.0230  59.97785417
  0.0240  58.37788503
  0.0250  56.71620541
  0.0260  54.99359987
  0.0270  53.21088273
  0.0280  51.36889783
  0.0290  49.46851844
  0.0300  47.51064707
  0.0310  45.49621551
  0.0320  43.42618480
  0.0330  41.30154550
  0.0340  39.12331809
  0.0350  36.89255374
  0.0360  34.61033561
  0.0370  32.27778100
  0.0380  29.89604480
  0.0390  27.46632532
  0.0400  24.98987409
  0.0410  22.46801319
  0.0420  19.90216711
  0.0430  17.29392568
  0.0440  14.64517883
  0.0450  11.95844022
  0.0460  9.23775954
  0.0470  6.49199811
  0.0480  3.75274406
  0.0490  1.33241091
  0.0500  2.41410229
  0.0510  5.17896487
  0.0520  8.08157466
  0.0530  11.03750347
  0.0540  14.03086709
  0.0550  17.05573319
  0.0560  20.10880129
  0.0570  23.18770513
  0.0580  26.29047369
  0.0590  29.41532309
  0.0600  32.56056479
  0.0610  35.72456089
  0.0620  38.90570080
  0.0630  42.10238845
  0.0640  45.31303492
  0.0650  48.53605423
  0.0660  51.76986091
  0.0670  55.01286864
  0.0680  58.26348956
  0.0690  61.52013410
  0.0700  64.78121100
  0.0710  68.04512763
  0.0720  71.31029039
  0.0730  74.57510520
  0.0740  77.83797816
  0.0750  81.09731615
  0.0760  84.35152751
  0.0770  87.59902278
  0.0780  90.83821545
  0.0790  94.06752267
  0.0800  97.28536608
  0.0810  100.49017254
  0.0820  103.68037497
  0.0830  106.85441310
  0.0840  110.01073431
  0.0850  113.14779438
  0.0860  116.26405836
  0.0870  119.35800132
  0.0880  122.42810917
  0.0890  125.47287947
  0.0900  128.49082221
  0.0910  131.48046063
  0.0920  134.44033197
  0.0930  137.36898831
  0.0940  140.26499730
  0.0950  143.12694294
  0.0960  145.95342640
  0.0970  148.74306671
  0.0980  151.49450155
  0.0990  154.20638797
  0.1000  156.87740315
  0.1010  159.50624510
  0.1020  162.09163337
  0.1030  164.63230979
  0.1040  167.12703910
  0.1050  169.57460967
  0.1060  171.97383415
  0.1070  174.32355013
  0.1080  176.62262077
  0.1090  178.86993541
  0.1100  181.06441022
  0.1110  183.20498873
  0.1120  185.29064248
  0.1130  187.32037153
  0.1140  189.29320502
  0.1150  191.20820171
  0.1160  193.06445045
  0.1170  194.86107073
  0.1180  196.59721313
  0.1190  198.27205975
  0.1200  199.88482468
  0.1210  201.43475441
  0.1220  202.92112822
  0.1230  204.34325856
  0.1240  205.70049141
  0.1250  206.99220663
  0.1260  208.21781825
  0.1270  209.37677477
  0.1280  210.46855947
  0.1290  211.49269062
  0.1300  212.44872172
  0.1310  213.33624173
  0.1320  214.15487524
  0.1330  214.90428264
  0.1340  215.58416025
  0.1350  216.19424046
  0.1360  216.73429183
  0.1370  217.20411913
  0.1380  217.60356346
  0.1390  217.93250221
  0.1400  218.19084911
  0.1410  218.37855420
  0.1420  218.49560381
  0.1430  218.54202049
  0.1440  218.51786291
  0.1450  218.42322581
  0.1460  218.25823982
  0.1470  218.02307135
  0.1480  217.71792239
  0.1490  217.34303035
  0.1500  216.89866784
  0.1510  216.38514242
  0.1520  215.80279637
  0.1530  215.15200640
  0.1540  214.43318338
  0.1550  213.64677199
  0.1560  212.79325040
  0.1570  211.87312993
  0.1580  210.88695468
  0.1590  209.83530109
  0.1600  208.71877760
  0.1610  207.53802417
  0.1620  206.29371186
  0.1630  204.98654236
  0.1640  203.61724749
  0.1650  202.18658874
  0.1660  200.69535675
  0.1670  199.14437075
  0.1680  197.53447804
  0.1690  195.86655346
  0.1700  194.14149876
  0.1710  192.36024206
  0.1720  190.52373724
  0.1730  188.63296330
  0.1740  186.68892379
  0.1750  184.69264613
  0.1760  182.64518098
  0.1770  180.54760161
  0.1780  178.40100317
  0.1790  176.20650206
  0.1800  173.96523524
  0.1810  171.67835954
  0.1820  169.34705093
  0.1830  166.97250384
  0.1840  164.55593043
  0.1850  162.09855986
  0.1860  159.60163760
  0.1870  157.06642463
  0.1880  154.49419678
  0.1890  151.88624392
  0.1900  149.24386926
  0.1910  146.56838857
  0.1920  143.86112946
  0.1930  141.12343060
  0.1940  138.35664097
  0.1950  135.56211913
  0.1960  132.74123242
  0.1970  129.89535625
  0.1980  127.02587332
  0.1990  124.13417289
  0.2000  121.22164997
  0.2010  118.28970467
  0.2020  115.33974137
  0.2030  112.37316802
  0.2040  109.39139540
  0.2050  106.39583637
  0.2060  103.38790519
  0.2070  100.36901676
  0.2080  97.34058594
  0.2090  94.30402683
  0.2100  91.26075211
  0.2110  88.21217233
  0.2120  85.15969529
  0.2130  82.10472535
  0.2140  79.04866287
  0.2150  75.99290353
  0.2160  72.93883783
  0.2170  69.88785051
  0.2180  66.84132007
  0.2190  63.80061833
  0.2200  60.76711007
  0.2210  57.74215272
  0.2220  54.72709625
  0.2230  51.72328313
  0.2240  48.73204857
  0.2250  45.75472110
  0.2260  42.79262351
  0.2270  39.84707462
  0.2280  36.91939189
  0.2290  34.01089579
  0.2300  31.12291663
  0.2310  28.25680569
  0.2320  25.41395387
  0.2330  22.59582389
  0.2340  19.80400900
  0.2350  17.04034700
  0.2360  14.30716039
  0.2370  11.60782079
  0.2380  8.94829008
  0.2390  6.34236550
  0.2400  3.83724757
  0.2410  1.75322291
  0.2420  2.18254007
  0.2430  4.38967968
  0.2440  6.78631006
  0.2450  9.19612403
  0.2460  11.58680015
  0.2470  13.94779690
  0.2480  16.27431392
  0.2490  18.56359926
  0.2500  20.81378826
  0.2510  23.02345863
  0.2520  25.19143481
  0.2530  27.31669283
  0.2540  29.39831019
  0.2550  31.43543785
  0.2560  33.42728373
  0.2570  35.37310261
  0.2580  37.27218975
  0.2590  39.12387670
  0.2600  40.92752853
  0.2610  42.68254197
  0.2620  44.38834405
  0.2630  46.04439129
  0.2640  47.65016895
  0.2650  49.20519067
  0.2660  50.70899806
  0.2670  52.16116056
  0.2680  53.56127515
  0.2690  54.90896634
  0.2700  56.20388600
  0.2710  57.44571328
  0.2720  58.63415459
  0.2730  59.76894352
  0.2740  60.84984077
  0.2750  61.87663414
  0.2760  62.84913844
  0.2770  63.76719542
  0.2780  64.63067376
  0.2790  65.43946895
  0.2800  66.19350324
  0.2810  66.89272552
  0.2820  67.53711127
  0.2830  68.12666242
  0.2840  68.66140725
  0.2850  69.14140029
  0.2860  69.56672213
  0.2870  69.93747932
  0.2880  70.25380423
  0.2890  70.51585484
  0.2900  70.72381459
  0.2910  70.87789221
  0.2920  70.97832150
  0.2930  71.02536114
  0.2940  71.01929446
  0.2950  70.96042925
  0.2960  70.84909749
  0.2970  70.68565509
  0.2980  70.47048170
  0.2990  70.20398037
  0.3000  69.88657731
  0.3010  69.51872161
  0.3020  69.10088493
  0.3030  68.63356119
  0.3040  68.11726628
  0.3050  67.55253769
  0.3060  66.93993423
  0.3070  66.28003565
  0.3080  65.57344229
  0.3090  64.82077473
  0.3100  64.02267342
  0.3110  63.17979828
  0.3120  62.29282834
  0.3130  61.36246133
  0.3140  60.38941327
  0.3150  59.37441804
  0.3160  58.31822703
  0.3170  57.22160861
  0.3180  56.08534778
  0.3190  54.91024566
  0.3200  53.69711909
  0.3210  52.44680016
  0.3220  51.16013570
  0.3230  49.83798686
  0.3240  48.48122863
  0.3250  47.09074932
  0.3260  45.66745010
  0.3270  44.21224447
  0.3280  42.72605780
  0.3290  41.20982681
  0.3300  39.66449903
  0.3310  38.09103232
  0.3320  36.49039431
  0.3330  34.86356192
  0.3340  33.21152079
  0.3350  31.53526477
  0.3360  29.83579537
  0.3370  28.11412123
  0.3380  26.37125756
  0.3390  24.60822563
  0.3400  22.82605219
  0.3410  21.02576892
  0.3420  19.20841193
  0.3430  17.37502114
  0.3440  15.52663982
  0.3450  13.66431398
  0.3460  11.78909193
  0.3470  9.90202376
  0.3480  8.00416108
  0.3490  6.09655717
  0.3500  4.18026908
  0.3510  2.25637349
  0.3520  0.32656669
  0.3530  1.61056941
  0.3540  3.55106964
  0.3550  5.49509651
  0.3560  7.44155775
  0.3570  9.38940893
  0.3580  11.33761626
  0.3590  13.28515260
  0.3600  15.23099690
  0.3610  17.17413438
  0.3620  19.11355694
  0.3630  21.04826355
  0.3640  22.97726082
  0.3650  24.89956340
  0.3660  26.81419454
  0.3670  28.72018651
  0.3680  30.61658115
  0.3690  32.50243028
  0.3700  34.37679621
  0.3710  36.23875220
  0.3720  38.08738287
  0.3730  39.92178473
  0.3740  41.74106652
  0.3750  43.54434971
  0.3760  45.33076891
  0.3770  47.09947224
  0.3780  48.84962178
  0.3790  50.58039395
  0.3800  52.29097988
  0.3810  53.98058577
  0.3820  55.64843332
  0.3830  57.29375999
  0.3840  58.91581941
  0.3850  60.51388168
  0.3860  62.08723368
  0.3870  63.63517943
  0.3880  65.15704032
  0.3890  66.65215542
  0.3900  68.11988179
  0.3910  69.55959468
  0.3920  70.97068782
  0.3930  72.35257364
  0.3940  73.70468351
  0.3950  75.02646794
  0.3960  76.31739677
  0.3970  77.57695939
  0.3980  78.80466488
  0.3990  80.00004219
  0.4000  81.16264031
  0.4010  82.29202834
  0.4020  83.38779570
  0.4030  84.44955218
  0.4040  85.47692806
  0.4050  86.46957419
  0.4060  87.42716207
  0.4070  88.34938391
  0.4080  89.23595267
  0.4090  90.08660211
  0.4100  90.90108677
  0.4110  91.67918204
  0.4120  92.42068413
  0.4130  93.12541003
  0.4140  93.79319752
  0.4150  94.42390510
  0.4160  95.01741197
  0.4170  95.57361795
  0.4180  96.09244338
  0.4190  96.57382908
  0.4200  97.01773621
  0.4210  97.42414618
  0.4220  97.79306052
  0.4230  98.12450077
  0.4240  98.41850829
  0.4250  98.67514414
  0.4260  98.89448893
  0.4270  99.07664258
  0.4280  99.22172420
  0.4290  99.32987187
  0.4300  99.40124243
  0.4310  99.43601127
  0.4320  99.43437209
  0.4330  99.39653671
  0.4340  99.32273476
  0.4350  99.21321351
  0.4360  99.06823753
  0.4370  98.88808848
  0.4380  98.67306481
  0.4390  98.42348149
  0.4400  98.13966969
  0.4410  97.82197652
  0.4420  97.47076470
  0.4430  97.08641227
  0.4440  96.66931225
  0.4450  96.21987231
  0.4460  95.73851448
  0.4470  95.22567478
  0.4480  94.68180289
  0.4490  94.10736181
  0.4500  93.50282748
  0.4510  92.86868849
  0.4520  92.20544563
  0.4530  91.51361161
  0.4540  90.79371065
  0.4550  90.04627811
  0.4560  89.27186011
  0.4570  88.47101320
  0.4580  87.64430391
  0.4590  86.79230844
  0.4600  85.91561219
  0.4610  85.01480946
  0.4620  84.09050302
  0.4630  83.14330369
  0.4640  82.17383003
  0.4650  81.18270785
  0.4660  80.17056990
  0.4670  79.13805543
  0.4680  78.08580980
  0.4690  77.01448411
  0.4700  75.92473476
  0.4710  74.81722311
  0.4720  73.69261506
  0.4730  72.55158063
  0.4740  71.39479362
  0.4750  70.22293119
  0.4760  69.03667346
  0.4770  67.83670316
  0.4780  66.62370520
  0.4790  65.39836631
  0.4800  64.16137465
  0.4810  62.91341943
  0.4820  61.65519054
  0.4830  60.38737817
  0.4840  59.11067241
  0.4850  57.82576294
  0.4860  56.53333861
  0.4870  55.23408709
  0.4880  53.92869451
  0.4890  52.61784513
  0.4900  51.30222095
  0.4910  49.98250137
  0.4920  48.65936286
  0.4930  47.33347859
  0.4940  46.00551813
  0.4950  44.67614710
  0.4960  43.34602682
  0.4970  42.01581402
  0.4980  40.68616051
  0.4990  39.35771284
  0.5000  38.03111205
  0.5010  36.70699331
  0.5020  35.38598563
  0.5030  34.06871160
  0.5040  32.75578706
  0.5050  31.44782085
  0.5060  30.14541453
  0.5070  28.84916206
  0.5080  27.55964962
  0.5090  26.27745528
  0.5100  25.00314878
  0.5110  23.73729128
  0.5120  22.48043512
  0.5130  21.23312358
  0.5140  19.99589069
  0.5150  18.76926095
  0.5160  17.55374922
  0.5170  16.34986043
  0.5180  15.15808948
  0.5190  13.97892103
  0.5200  12.81282941
  0.5210  11.66027848
  0.5220  10.52172164
  0.5230  9.39760191
  0.5240  8.28835213
  0.5250  7.19439571
  0.5260  6.11614798
  0.5270  5.05401963
  0.5280  4.00842538
  0.5290  2.97981032
  0.5300  1.96875560
  0.5310  0.97671826
  0.5320  0.09268274
  0.5330  0.96670484
  0.5340  1.90420329
  0.5350  2.82435991
  0.5360  3.72579966
  0.5370  4.60803124
  0.5380  5.47072255
  0.5390  6.31359626
  0.5400  7.13640372
  0.5410  7.93891625
  0.5420  8.72092164
  0.5430  9.48222264
  0.5440  10.22263615
  0.5450  10.94199280
  0.5460  11.64013672
  0.5470  12.31692540
  0.5480  12.97222958
  0.5490  13.60593315
  0.5500  14.21793313
  0.5510  14.80813959
  0.5520  15.37647559
  0.5530  15.92287712
  0.5540  16.44729304
  0.5550  16.94968502
  0.5560  17.43002746
  0.5570  17.88830743
  0.5580  18.32452454
  0.5590  18.73869091
  0.5600  19.13083104
  0.5610  19.50098170
  0.5620  19.84919184
  0.5630  20.17552248
  0.5640  20.48004656
  0.5650  20.76284885
  0.5660  21.02402578
  0.5670  21.26368533
  0.5680  21.48194685
  0.5690  21.67894097
  0.5700  21.85480936
  0.5710  22.00970464
  0.5720  22.14379017
  0.5730  22.25723988
  0.5740  22.35023810
  0.5750  22.42297939
  0.5760  22.47566832
  0.5770  22.50851929
  0.5780  22.52175633
  0.5790  22.51561289
  0.5800  22.49033166
  0.5810  22.44616431
  0.5820  22.38337131
  0.5830  22.30222170
  0.5840  22.20299286
  0.5850  22.08597030
  0.5860  21.95144739
  0.5870  21.79972517
  0.5880  21.63111210
  0.5890  21.44592380
  0.5900  21.24448282
  0.5910  21.02711840
  0.5920  20.79416625
  0.5930  20.54596823
  0.5940  20.28287218
  0.5950  20.00523160
  0.5960  19.71340547
  0.5970  19.40775794
  0.5980  19.08865811
  0.5990  18.75647976
  0.6000  18.41160111
  0.6010  18.05440460
  0.6020  17.68527660
  0.6030  17.30460718
  0.6040  16.91278990
  0.6050  16.51022153
  0.6060  16.09730189
  0.6070  15.67443357
  0.6080  15.24202176
  0.6090  14.80047405
  0.6100  14.35020026
  0.6110  13.89161227
  0.6120  13.42512392
  0.6130  12.95115087
  0.6140  12.47011063
  0.6150  11.98242248
  0.6160  11.48850763
  0.6170  10.98878936
  0.6180  10.48369336
  0.6190  9.97364826
  0.6200  9.45908635
  0.6210  8.94044475
  0.6220  8.41816708
  0.6230  7.89270585
  0.6240  7.36452610
  0.6250  6.83411078
  0.6260  6.30196900
  0.6270  5.76864892
  0.6280  5.23475869
  0.6290  4.70100151
  0.6300  4.16823735
  0.6310  3.63759765
  0.6320  3.11071382
  0.6330  2.59021264
  0.6340  2.08091182
  0.6350  1.59311146
  0.6360  1.15305680
  0.6370  0.83675845
  0.6380  0.80233005
  0.6390  1.07360787
  0.6400  1.48923771
  0.6410  1.95675863
  0.6420  2.44420071
  0.6430  2.93946392
  0.6440  3.43710001
  0.6450  3.93425168
  0.6460  4.42921840
  0.6470  4.92087570
  0.6480  5.40841221
  0.6490  5.89119959
  0.6500  6.36872329
  0.6510  6.84054355
  0.6520  7.30627231
  0.6530  7.76555894
  0.6540  8.21808117
  0.6550  8.66353910
  0.6560  9.10165120
  0.6570  9.53215148
  0.6580  9.95478758
  0.6590  10.36931938
  0.6600  10.77551798
  0.6610  11.17316493
  0.6620  11.56205174
  0.6630  11.94197943
  0.6640  12.31275822
  0.6650  12.67420728
  0.6660  13.02615458
  0.6670  13.36843672
  0.6680  13.70089880
  0.6690  14.02339436
  0.6700  14.33578528
  0.6710  14.63794173
  0.6720  14.92974211
  0.6730  15.21107297
  0.6740  15.48182903
  0.6750  15.74191309
  0.6760  15.99123598
  0.6770  16.22971658
  0.6780  16.45728169
  0.6790  16.67386607
  0.6800  16.87941236
  0.6810  17.07387104
  0.6820  17.25720037
  0.6830  17.42936638
  0.6840  17.59034278
  0.6850  17.74011093
  0.6860  17.87865975
  0.6870  18.00598573
  0.6880  18.12209278
  0.6890  18.22699226
  0.6900  18.32070282
  0.6910  18.40325040
  0.6920  18.47466812
  0.6930  18.53499624
  0.6940  18.58428204
  0.6950  18.62257977
  0.6960  18.64995053
  0.6970  18.66646226
  0.6980  18.67218955
  0.6990  18.66721364
  0.7000  18.65162226
  0.7010  18.62550958
  0.7020  18.58897608
  0.7030  18.54212847
  0.7040  18.48507957
  0.7050  18.41794824
  0.7060  18.34085920
  0.7070  18.25394301
  0.7080  18.15733588
  0.7090  18.05117960
  0.7100  17.93562143
  0.7110  17.81081395
  0.7120  17.67691495
  0.7130  17.53408731
  0.7140  17.38249889
  0.7150  17.22232240
  0.7160  17.05373524
  0.7170  16.87691942
  0.7180  16.69206139
  0.7190  16.49935192
  0.7200  16.29898599
  0.7210  16.09116260
  0.7220  15.87608471
  0.7230  15.65395901
  0.7240  15.42499587
  0.7250  15.18940914
  0.7260  14.94741602
  0.7270  14.69923695
  0.7280  14.44509541
  0.7290  14.18521783
  0.7300  13.91983342
  0.7310  13.64917402
  0.7320  13.37347396
  0.7330  13.09296993
  0.7340  12.80790081
  0.7350  12.51850754
  0.7360  12.22503297
  0.7370  11.92772171
  0.7380  11.62682000
  0.7390  11.32257558
  0.7400  11.01523750
  0.7410  10.70505605
  0.7420  10.39228259
  0.7430  10.07716942
  0.7440  9.75996969
  0.7450  9.44093724
  0.7460  9.12032653
  0.7470  8.79839255
  0.7480  8.47539071
  0.7490  8.15157680
  0.7500  7.82720696
  0.7510  7.50253764
  0.7520  7.17782569
  0.7530  6.85332837
  0.7540  6.52930354
  0.7550  6.20600990
  0.7560  5.88370733
  0.7570  5.56265741
  0.7580  5.24312417
  0.7590  4.92537513
  0.7600  4.60968287
  0.7610  4.29632713
  0.7620  3.98559804
  0.7630  3.67780078
  0.7640  3.37326265
  0.7650  3.07234395
  0.7660  2.77545537
  0.7670  2.48308651
  0.7680  2.19585493
  0.7690  1.91459437
  0.7700  1.64052295
  0.7710  1.37558583
  0.7720  1.12320687
  0.7730  0.89006128
  0.7740  0.69035861
  0.7750  0.55406135
  0.7760  0.52474623
  0.7770  0.61113162
  0.7780  0.77001811
  0.7790  0.96182793
  0.7800  1.16675903
  0.7810  1.37577722
  0.7820  1.58447206
  0.7830  1.79047189
  0.7840  1.99237822
  0.7850  2.18929638
  0.7860  2.38061209
  0.7870  2.56587734
  0.7880  2.74474840
  0.7890  2.91695028
  0.7900  3.08225557
  0.7910  3.24047114
  0.7920  3.39142975
  0.7930  3.53498436
  0.7940  3.67100438
  0.7950  3.79937300
  0.7960  3.91998536
  0.7970  4.03274715
  0.7980  4.13757372
  0.7990  4.23438927
  0.8000  4.32312636
  0.8010  4.40372547
  0.8020  4.47613467
  0.8030  4.54030940
  0.8040  4.59621222
  0.8050  4.64381269
  0.8060  4.68308720
  0.8070  4.71401889
  0.8080  4.73659751
  0.8090  4.75081935
  0.8100  4.75668716
  0.8110  4.75421008
  0.8120  4.74340354
  0.8130  4.72428921
  0.8140  4.69689495
  0.8150  4.66125469
  0.8160  4.61740839
  0.8170  4.56540198
  0.8180  4.50528726
  0.8190  4.43712183
  0.8200  4.36096903
  0.8210  4.27689784
  0.8220  4.18498282
  0.8230  4.08530400
  0.8240  3.97794683
  0.8250  3.86300206
  0.8260  3.74056569
  0.8270  3.61073889
  0.8280  3.47362789
  0.8290  3.32934394
  0.8300  3.17800328
  0.8310  3.01972704
  0.8320  2.85464132
  0.8330  2.68287720
  0.8340  2.50457092
  0.8350  2.31986417
  0.8360  2.12890466
  0.8370  1.93184717
  0.8380  1.72885559
  0.8390  1.52010675
  0.8400  1.30579873
  0.8410  1.08616981
  0.8420  0.86154897
  0.8430  0.63252045
  0.8440  0.40067642
  0.8450  0.17554286
  0.8460  0.13375483
  0.8470  0.35853629
  0.8480  0.60773604
  0.8490  0.86404887
  0.8500  1.12529873
  0.8510  1.39077045
  0.8520  1.66007790
  0.8530  1.93294195
  0.8540  2.20912627
  0.8550  2.48841407
  0.8560  2.77059831
  0.8570  3.05547713
  0.8580  3.34285159
  0.8590  3.63252442
  0.8600  3.92429942
  0.8610  4.21798113
  0.8620  4.51337465
  0.8630  4.81028560
  0.8640  5.10852013
  0.8650  5.40788494
  0.8660  5.70818739
  0.8670  6.00923559
  0.8680  6.31083844
  0.8690  6.61280583
  0.8700  6.91494866
  0.8710  7.21707903
  0.8720  7.51901028
  0.8730  7.82055717
  0.8740  8.12153595
  0.8750  8.42176446
  0.8760  8.72106229
  0.8770  9.01925083
  0.8780  9.31615340
  0.8790  9.61159535
  0.8800  9.90540415
  0.8810  10.19740949
  0.8820  10.48744335
  0.8830  10.77534012
  0.8840  11.06093666
  0.8850  11.34407239
  0.8860  11.62458936
  0.8870  11.90233231
  0.8880  12.17714879
  0.8890  12.44888915
  0.8900  12.71740665
  0.8910  12.98255754
  0.8920  13.24420102
  0.8930  13.50219941
  0.8940  13.75641811
  0.8950  14.00672567
  0.8960  14.25299384
  0.8970  14.49509758
  0.8980  14.73291511
  0.8990  14.96632796
  0.9000  15.19522093
  0.9010  15.41948217
  0.9020  15.63900317
  0.9030  15.85367881
  0.9040  16.06340731
  0.9050  16.26809028
  0.9060  16.46763274
  0.9070  16.66194306
  0.9080  16.85093303
  0.9090  17.03451783
  0.9100  17.21261598
  0.9110  17.38514942
  0.9120  17.55204341
  0.9130  17.71322658
  0.9140  17.86863088
  0.9150  18.01819157
  0.9160  18.16184722
  0.9170  18.29953965
  0.9180  18.43121394
  0.9190  18.55681839
  0.9200  18.67630451
  0.9210  18.78962696
  0.9220  18.89674356
  0.9230  18.99761521
  0.9240  19.09220593
  0.9250  19.18048276
  0.9260  19.26241576
  0.9270  19.33797799
  0.9280  19.40714544
  0.9290  19.46989702
  0.9300  19.52621453
  0.9310  19.57608260
  0.9320  19.61948869
  0.9330  19.65642304
  0.9340  19.68687862
  0.9350  19.71085112
  0.9360  19.72833892
  0.9370  19.73934301
  0.9380  19.74386705
  0.9390  19.74191723
  0.9400  19.73350231
  0.9410  19.71863359
  0.9420  19.69732485
  0.9430  19.66959232
  0.9440  19.63545469
  0.9450  19.59493306
  0.9460  19.54805091
  0.9470  19.49483409
  0.9480  19.43531078
  0.9490  19.36951150
  0.9500  19.29746905
  0.9510  19.21921854
  0.9520  19.13479730
  0.9530  19.04424495
  0.9540  18.94760332
  0.9550  18.84491646
  0.9560  18.73623063
  0.9570  18.62159427
  0.9580  18.50105802
  0.9590  18.37467469
  0.9600  18.24249925
  0.9610  18.10458881
  0.9620  17.96100266
  0.9630  17.81180221
  0.9640  17.65705103
  0.9650  17.49681480
  0.9660  17.33116134
  0.9670  17.16016062
  0.9680  16.98388470
  0.9690  16.80240778
  0.9700  16.61580617
  0.9710  16.42415831
  0.9720  16.22754474
  0.9730  16.02604814
  0.9740  15.81975328
  0.9750  15.60874705
  0.9760  15.39311844
  0.9770  15.17295855
  0.9780  14.94836058
  0.9790  14.71941984
  0.9800  14.48623373
  0.9810  14.24890172
  0.9820  14.00752540
  0.9830  13.76220841
  0.9840  13.51305648
  0.9850  13.26017738
  0.9860  13.00368097
  0.9870  12.74367912
  0.9880  12.48028576
  0.9890  12.21361685
  0.9900  11.94379035
  0.9910  11.67092623
  0.9920  11.39514646
  0.9930  11.11657498
  0.9940  10.83533774
  0.9950  10.55156260
  0.9960  10.26537944
  0.9970  9.97692005
  0.9980  9.68631821
  0.9990  9.39370966
