  0.0000  35.28655040
  0.0010  35.26212081
  0.0020  35.18884100
  0.0030  35.06673788
  0.0040  34.89585628
  0.0050  34.67625893
  0.0060  34.40802647
  0.0070  34.09125737
  0.0080  33.72606793
  0.0090  33.31259223
  0.0100  32.85098205
  0.0110  32.34140688
  0.0120  31.78405378
  0.0130  31.17912737
  0.0140  30.52684972
  0.0150  29.82746028
  0.0160  29.08121579
  0.0170  28.28839018
  0.0180  27.44927449
  0.0190  26.56417673
  0.0200  25.63342179
  0.0210  24.65735132
  0.0220  23.63632359
  0.0230  22.57071340
  0.0240  21.46091189
  0.0250  20.30732645
  0.0260  19.11038059
  0.0270  17.87051375
  0.0280  16.58818125
  0.0290  15.26385410
  0.0300  13.89801899
  0.0310  12.49117827
  0.0320  11.04385004
  0.0330  9.55656871
  0.0340  8.02988618
  0.0350  6.46437547
  0.0360  4.86064193
  0.0370  3.21937083
  0.0380  1.54169340
  0.0390  0.19144616
  0.0400  1.92790809
  0.0410  3.71338562
  0.0420  5.53389173
  0.0430  7.38841219
  0.0440  9.27619243
  0.0450  11.19651495
  0.0460  13.14866495
  0.0470  15.13192161
  0.0480  17.14555529
  0.0490  19.18882660
  0.0500  21.26098603
  0.0510  23.36127404
  0.0520  25.48892109
  0.0530  27.64314788
  0.0540  29.82316560
  0.0550  32.02817617
  0.0560  34.25737249
  0.0570  36.50993877
  0.0580  38.78505081
  0.0590  41.08187627
  0.0600  43.39957501
  0.0610  45.73729938
  0.0620  48.09419453
  0.0630  50.46939875
  0.0640  52.86204373
  0.0650  55.27125495
  0.0660  57.69615195
  0.0670  60.13584869
  0.0680  62.58945385
  0.0690  65.05607118
  0.0700  67.53479983
  0.0710  70.02473465
  0.0720  72.52496658
  0.0730  75.03458294
  0.0740  77.55266778
  0.0750  80.07830222
  0.0760  82.61056479
  0.0770  85.14853178
  0.0780  87.69127754
  0.0790  90.23787489
  0.0800  92.78739538
  0.0810  95.33890968
  0.0820  97.89148795
  0.0830  100.44420009
  0.0840  102.99611618
  0.0850  105.54630676
  0.0860  108.09384318
  0.0870  110.63779797
  0.0880  113.17724514
  0.0890  115.71126055
  0.0900  118.23892223
  0.0910  120.75931073
  0.0920  123.27150944
  0.0930  125.77460493
  0.0940  128.26768731
  0.0950  130.74985050
  0.0960  133.22019264
  0.0970  135.67781634
  0.0980  138.12182906
  0.0990  140.55134341
  0.1000  142.96547749
  0.1010  145.36335518
  0.1020  147.74410648
  0.1030  150.10686783
  0.1040  152.45078240
  0.1050  154.77500041
  0.1060  157.07867944
  0.1070  159.36098473
  0.1080  161.62108948
  0.1090  163.85817513
  0.1100  166.07143171
  0.1110  168.26005804
  0.1120  170.42326210
  0.1130  172.56026127
  0.1140  174.67028260
  0.1150  176.75256312
  0.1160  178.80635010
  0.1170  180.83090129
  0.1180  182.82548521
  0.1190  184.78938140
  0.1200  186.72188068
  0.1210  188.62228537
  0.1220  190.48990958
  0.1230  192.32407943
  0.1240  194.12413326
  0.1250  195.88942190
  0.1260  197.61930888
  0.1270  199.31317063
  0.1280  200.97039673
  0.1290  202.59039009
  0.1300  204.17256718
  0.1310  205.71635820
  0.1320  207.22120731
  0.1330  208.68657278
  0.1340  210.11192720
  0.1350  211.49675764
  0.1360  212.84056584
  0.1370  214.14286836
  0.1380  215.40319674
  0.1390  216.62109766
  0.1400  217.79613309
  0.1410  218.92788042
  0.1420  220.01593260
  0.1430  221.05989828
  0.1440  222.05940194
  0.1450  223.01408396
  0.1460  223.92360079
  0.1470  224.78762502
  0.1480  225.60584550
  0.1490  226.37796741
  0.1500  227.10371234
  0.1510  227.78281842
  0.1520  228.41504035
  0.1530  229.00014944
  0.1540  229.53793376
  0.1550  230.02819811
  0.1560  230.47076409
  0.1570  230.86547017
  0.1580  231.21217169
  0.1590  231.51074089
  0.1600  231.76106697
  0.1610  231.96305606
  0.1620  232.11663124
  0.1630  232.22173256
  0.1640  232.27831700
  0.1650  232.28635852
  0.1660  232.24584797
  0.1670  232.15679311
  0.1680  232.01921857
  0.1690  231.83316583
  0.1700  231.59869314
  0.1710  231.31587549
  0.1720  230.98480456
  0.1730  230.60558867
  0.1740  230.17835268
  0.1750  229.70323792
  0.1760  229.18040214
  0.1770  228.61001939
  0.1780  227.99227995
  0.1790  227.32739022
  0.1800  226.61557260
  0.1810  225.85706543
  0.1820  225.05212280
  0.1830  224.20101451
  0.1840  223.30402585
  0.1850  222.36145756
  0.1860  221.37362562
  0.1870  220.34086114
  0.1880  219.26351019
  0.1890  218.14193366
  0.1900  216.97650709
  0.1910  215.76762051
  0.1920  214.51567827
  0.1930  213.22109883
  0.1940  211.88431463
  0.1950  210.50577187
  0.1960  209.08593033
  0.1970  207.62526315
  0.1980  206.12425667
  0.1990  204.58341018
  0.2000  203.00323576
  0.2010  201.38425800
  0.2020  199.72701384
  0.2030  198.03205232
  0.2040  196.29993436
  0.2050  194.53123250
  0.2060  192.72653070
  0.2070  190.88642411
  0.2080  189.01151877
  0.2090  187.10243143
  0.2100  185.15978923
  0.2110  183.18422952
  0.2120  181.17639955
  0.2130  179.13695623
  0.2140  177.06656586
  0.2150  174.96590388
  0.2160  172.83565457
  0.2170  170.67651080
  0.2180  168.48917376
  0.2190  166.27435267
  0.2200  164.03276451
  0.2210  161.76513374
  0.2220  159.47219198
  0.2230  157.15467780
  0.2240  154.81333634
  0.2250  152.44891911
  0.2260  150.06218363
  0.2270  147.65389318
  0.2280  145.22481648
  0.2290  142.77572741
  0.2300  140.30740471
  0.2310  137.82063168
  0.2320  135.31619589
  0.2330  132.79488887
  0.2340  130.25750581
  0.2350  127.70484528
  0.2360  125.13770891
  0.2370  122.55690108
  0.2380  119.96322866
  0.2390  117.35750067
  0.2400  114.74052799
  0.2410  112.11312307
  0.2420  109.47609963
  0.2430  106.83027233
  0.2440  104.17645653
  0.2450  101.51546794
  0.2460  98.84812235
  0.2470  96.17523534
  0.2480  93.49762196
  0.2490  90.81609646
  0.2500  88.13147201
  0.2510  85.44456039
  0.2520  82.75617173
  0.2530  80.06711421
  0.2540  77.37819378
  0.2550  74.69021391
  0.2560  72.00397531
  0.2570  69.32027565
  0.2580  66.63990936
  0.2590  63.96366730
  0.2600  61.29233659
  0.2610  58.62670036
  0.2620  55.96753755
  0.2630  53.31562271
  0.2640  50.67172583
  0.2650  48.03661225
  0.2660  45.41104254
  0.2670  42.79577249
  0.2680  40.19155323
  0.2690  37.59913139
  0.2700  35.01924952
  0.2710  32.45264684
  0.2720  29.90006037
  0.2730  27.36222689
  0.2740  24.83988616
  0.2750  22.33378639
  0.2760  19.84469377
  0.2770  17.37341018
  0.2780  14.92080799
  0.2790  12.48790467
  0.2800  10.07604234
  0.2810  7.68739567
  0.2820  5.32680911
  0.2830  3.01204620
  0.2840  0.94275291
  0.2850  1.87496866
  0.2860  4.07872593
  0.2870  6.31870800
  0.2880  8.54718629
  0.2890  10.75560651
  0.2900  12.94094775
  0.2910  15.10165670
  0.2920  17.23671162
  0.2930  19.34532585
  0.2940  21.42683339
  0.2950  23.48063822
  0.2960  25.50618964
  0.2970  27.50296913
  0.2980  29.47048309
  0.2990  31.40825853
  0.3000  33.31584042
  0.3010  35.19279012
  0.3020  37.03868423
  0.3030  38.85311397
  0.3040  40.63568469
  0.3050  42.38601557
  0.3060  44.10373945
  0.3070  45.78850265
  0.3080  47.43996494
  0.3090  49.05779943
  0.3100  50.64169262
  0.3110  52.19134433
  0.3120  53.70646770
  0.3130  55.18678923
  0.3140  56.63204874
  0.3150  58.04199943
  0.3160  59.41640785
  0.3170  60.75505392
  0.3180  62.05773093
  0.3190  63.32424558
  0.3200  64.55441793
  0.3210  65.74808140
  0.3220  66.90508282
  0.3230  68.02528235
  0.3240  69.10855352
  0.3250  70.15478316
  0.3260  71.16387141
  0.3270  72.13573171
  0.3280  73.07029070
  0.3290  73.96748826
  0.3300  74.82727741
  0.3310  75.64962430
  0.3320  76.43450814
  0.3330  77.18192114
  0.3340  77.89186848
  0.3350  78.56436820
  0.3360  79.19945117
  0.3370  79.79716100
  0.3380  80.35755396
  0.3390  80.88069890
  0.3400  81.36667717
  0.3410  81.81558251
  0.3420  82.22752098
  0.3430  82.60261082
  0.3440  82.94098240
  0.3450  83.24277808
  0.3460  83.50815208
  0.3470  83.73727040
  0.3480  83.93031069
  0.3490  84.08746210
  0.3500  84.20892520
  0.3510  84.29491180
  0.3520  84.34564484
  0.3530  84.36135825
  0.3540  84.34229680
  0.3550  84.28871596
  0.3560  84.20088174
  0.3570  84.07907056
  0.3580  83.92356907
  0.3590  83.73467400
  0.3600  83.51269202
  0.3610  83.25793951
  0.3620  82.97074248
  0.3630  82.65143633
  0.3640  82.30036572
  0.3650  81.91788434
  0.3660  81.50435481
  0.3670  81.06014842
  0.3680  80.58564501
  0.3690  80.08123274
  0.3700  79.54730791
  0.3710  78.98427479
  0.3720  78.39254542
  0.3730  77.77253940
  0.3740  77.12468371
  0.3750  76.44941251
  0.3760  75.74716692
  0.3770  75.01839486
  0.3780  74.26355082
  0.3790  73.48309564
  0.3800  72.67749637
  0.3810  71.84722597
  0.3820  70.99276320
  0.3830  70.11459232
  0.3840  69.21320296
  0.3850  68.28908988
  0.3860  67.34275272
  0.3870  66.37469588
  0.3880  65.38542821
  0.3890  64.37546288
  0.3900  63.34531712
  0.3910  62.29551203
  0.3920  61.22657238
  0.3930  60.13902636
  0.3940  59.03340541
  0.3950  57.91024403
  0.3960  56.77007950
  0.3970  55.61345174
  0.3980  54.44090311
  0.3990  53.25297817
  0.4000  52.05022349
  0.4010  50.83318749
  0.4020  49.60242022
  0.4030  48.35847319
  0.4040  47.10189918
  0.4050  45.83325207
  0.4060  44.55308669
  0.4070  43.26195863
  0.4080  41.96042416
  0.4090  40.64904004
  0.4100  39.32836343
  0.4110  37.99895184
  0.4120  36.66136301
  0.4130  35.31615495
  0.4140  33.96388591
  0.4150  32.60511449
  0.4160  31.24039980
  0.4170  29.87030171
  0.4180  28.49538125
  0.4190  27.11620117
  0.4200  25.73332680
  0.4210  24.34732719
  0.4220  22.95877678
  0.4230  21.56825782
  0.4240  20.17636377
  0.4250  18.78370438
  0.4260  17.39091315
  0.4270  15.99865889
  0.4280  14.60766373
  0.4290  13.21873254
  0.4300  11.83280270
  0.4310  10.45103297
  0.4320  9.07497162
  0.4330  7.70690059
  0.4340  6.35061110
  0.4350  5.01339229
  0.4360  3.71210251
  0.4370  2.49674778
  0.4380  1.56775078
  0.4390  1.55197846
  0.4400  2.45722560
  0.4410  3.64594706
  0.4420  4.91081637
  0.4430  6.20045656
  0.4440  7.49769483
  0.4450  8.79517794
  0.4460  10.08913325
  0.4470  11.37733469
  0.4480  12.65831186
  0.4490  13.93100015
  0.4500  15.19456988
  0.4510  16.44833631
  0.4520  17.69170909
  0.4530  18.92416250
  0.4540  20.14521712
  0.4550  21.35442814
  0.4560  22.55137768
  0.4570  23.73566962
  0.4580  24.90692603
  0.4590  26.06478462
  0.4600  27.20889701
  0.4610  28.33892737
  0.4620  29.45455152
  0.4630  30.55545613
  0.4640  31.64133831
  0.4650  32.71190509
  0.4660  33.76687319
  0.4670  34.80596876
  0.4680  35.82892719
  0.4690  36.83549299
  0.4700  37.82541966
  0.4710  38.79846963
  0.4720  39.75441417
  0.4730  40.69303336
  0.4740  41.61411600
  0.4750  42.51745963
  0.4760  43.40287047
  0.4770  44.27016340
  0.4780  45.11916192
  0.4790  45.94969816
  0.4800  46.76161282
  0.4810  47.55475518
  0.4820  48.32898307
  0.4830  49.08416282
  0.4840  49.82016929
  0.4850  50.53688578
  0.4860  51.23420405
  0.4870  51.91202428
  0.4880  52.57025503
  0.4890  53.20881319
  0.4900  53.82762398
  0.4910  54.42662089
  0.4920  55.00574564
  0.4930  55.56494815
  0.4940  56.10418645
  0.4950  56.62342670
  0.4960  57.12264306
  0.4970  57.60181772
  0.4980  58.06094076
  0.4990  58.50001016
  0.5000  58.91903167
  0.5010  59.31801882
  0.5020  59.69699279
  0.5030  60.05598238
  0.5040  60.39502391
  0.5050  60.71416115
  0.5060  61.01344528
  0.5070  61.29293475
  0.5080  61.55269524
  0.5090  61.79279957
  0.5100  62.01332758
  0.5110  62.21436610
  0.5120  62.39600881
  0.5130  62.55835617
  0.5140  62.70151529
  0.5150  62.82559991
  0.5160  62.93073020
  0.5170  63.01703274
  0.5180  63.08464038
  0.5190  63.13369214
  0.5200  63.16433308
  0.5210  63.17671426
  0.5220  63.17099254
  0.5230  63.14733055
  0.5240  63.10589650
  0.5250  63.04686414
  0.5260  62.97041258
  0.5270  62.87672621
  0.5280  62.76599458
  0.5290  62.63841225
  0.5300  62.49417869
  0.5310  62.33349817
  0.5320  62.15657962
  0.5330  61.96363648
  0.5340  61.75488663
  0.5350  61.53055221
  0.5360  61.29085953
  0.5370  61.03603892
  0.5380  60.76632461
  0.5390  60.48195459
  0.5400  60.18317051
  0.5410  59.87021749
  0.5420  59.54334405
  0.5430  59.20280195
  0.5440  58.84884604
  0.5450  58.48173419
  0.5460  58.10172706
  0.5470  57.70908806
  0.5480  57.30408316
  0.5490  56.88698080
  0.5500  56.45805169
  0.5510  56.01756876
  0.5520  55.56580696
  0.5530  55.10304316
  0.5540  54.62955601
  0.5550  54.14562581
  0.5560  53.65153438
  0.5570  53.14756491
  0.5580  52.63400186
  0.5590  52.11113080
  0.5600  51.57923830
  0.5610  51.03861178
  0.5620  50.48953942
  0.5630  49.93230999
  0.5640  49.36721273
  0.5650  48.79453725
  0.5660  48.21457338
  0.5670  47.62761106
  0.5680  47.03394019
  0.5690  46.43385056
  0.5700  45.82763167
  0.5710  45.21557265
  0.5720  44.59796210
  0.5730  43.97508804
  0.5740  43.34723773
  0.5750  42.71469756
  0.5760  42.07775300
  0.5770  41.43668839
  0.5780  40.79178691
  0.5790  40.14333044
  0.5800  39.49159945
  0.5810  38.83687288
  0.5820  38.17942808
  0.5830  37.51954066
  0.5840  36.85748442
  0.5850  36.19353121
  0.5860  35.52795090
  0.5870  34.86101123
  0.5880  34.19297771
  0.5890  33.52411357
  0.5900  32.85467964
  0.5910  32.18493428
  0.5920  31.51513327
  0.5930  30.84552975
  0.5940  30.17637410
  0.5950  29.50791393
  0.5960  28.84039392
  0.5970  28.17405581
  0.5980  27.50913827
  0.5990  26.84587689
  0.6000  26.18450406
  0.6010  25.52524892
  0.6020  24.86833731
  0.6030  24.21399169
  0.6040  23.56243108
  0.6050  22.91387103
  0.6060  22.26852353
  0.6070  21.62659698
  0.6080  20.98829614
  0.6090  20.35382209
  0.6100  19.72337217
  0.6110  19.09713996
  0.6120  18.47531523
  0.6130  17.85808394
  0.6140  17.24562818
  0.6150  16.63812614
  0.6160  16.03575216
  0.6170  15.43867664
  0.6180  14.84706609
  0.6190  14.26108311
  0.6200  13.68088643
  0.6210  13.10663089
  0.6220  12.53846753
  0.6230  11.97654363
  0.6240  11.42100277
  0.6250  10.87198495
  0.6260  10.32962673
  0.6270  9.79406141
  0.6280  9.26541927
  0.6290  8.74382785
  0.6300  8.22941247
  0.6310  7.72229669
  0.6320  7.22260316
  0.6330  6.73045466
  0.6340  6.24597564
  0.6350  5.76929435
  0.6360  5.30054604
  0.6370  4.83987769
  0.6380  4.38745544
  0.6390  3.94347642
  0.6400  3.50818845
  0.6410  3.08192467
  0.6420  2.66516758
  0.6430  2.25867626
  0.6440  1.86376220
  0.6450  1.48295638
  0.6460  1.12186488
  0.6470  0.79526932
  0.6480  0.54922528
  0.6490  0.49734335
  0.6500  0.67162278
  0.6510  0.94588569
  0.6520  1.24918406
  0.6530  1.55916386
  0.6540  1.86797472
  0.6550  2.17230986
  0.6560  2.47056345
  0.6570  2.76187021
  0.6580  3.04572725
  0.6590  3.32182615
  0.6600  3.58997090
  0.6610  3.85003469
  0.6620  4.10193572
  0.6630  4.34562286
  0.6640  4.58106690
  0.6650  4.80825488
  0.6660  5.02718636
  0.6670  5.23787092
  0.6680  5.44032634
  0.6690  5.63457737
  0.6700  5.82065479
  0.6710  5.99859467
  0.6720  6.16843788
  0.6730  6.33022967
  0.6740  6.48401931
  0.6750  6.62985981
  0.6760  6.76780774
  0.6770  6.89792298
  0.6780  7.02026861
  0.6790  7.13491071
  0.6800  7.24191826
  0.6810  7.34136302
  0.6820  7.43331941
  0.6830  7.51786442
  0.6840  7.59507751
  0.6850  7.66504052
  0.6860  7.72783756
  0.6870  7.78355498
  0.6880  7.83228124
  0.6890  7.87410683
  0.6900  7.90912426
  0.6910  7.93742788
  0.6920  7.95911390
  0.6930  7.97428026
  0.6940  7.98302658
  0.6950  7.98545409
  0.6960  7.98166556
  0.6970  7.97176522
  0.6980  7.95585868
  0.6990  7.93405291
  0.7000  7.90645613
  0.7010  7.87317775
  0.7020  7.83432832
  0.7030  7.79001944
  0.7040  7.74036374
  0.7050  7.68547475
  0.7060  7.62546691
  0.7070  7.56045546
  0.7080  7.49055637
  0.7090  7.41588634
  0.7100  7.33656268
  0.7110  7.25270328
  0.7120  7.16442656
  0.7130  7.07185139
  0.7140  6.97509706
  0.7150  6.87428321
  0.7160  6.76952980
  0.7170  6.66095704
  0.7180  6.54868538
  0.7190  6.43283539
  0.7200  6.31352783
  0.7210  6.19088350
  0.7220  6.06502330
  0.7230  5.93606813
  0.7240  5.80413892
  0.7250  5.66935657
  0.7260  5.53184196
  0.7270  5.39171592
  0.7280  5.24909929
  0.7290  5.10411287
  0.7300  4.95687750
  0.7310  4.80751409
  0.7320  4.65614369
  0.7330  4.50288757
  0.7340  4.34786738
  0.7350  4.19120531
  0.7360  4.03302430
  0.7370  3.87344834
  0.7380  3.71260287
  0.7390  3.55061526
  0.7400  3.38761550
  0.7410  3.22373707
  0.7420  3.05911812
  0.7430  2.89390307
  0.7440  2.72824480
  0.7450  2.56230768
  0.7460  2.39627187
  0.7470  2.23033946
  0.7480  2.06474350
  0.7490  1.89976158
  0.7500  1.73573664
  0.7510  1.57311010
  0.7520  1.41247583
  0.7530  1.25467151
  0.7540  1.10093832
  0.7550  0.95320883
  0.7560  0.81463363
  0.7570  0.69051353
  0.7580  0.58967256
  0.7590  0.52515916
  0.7600  0.51027799
  0.7610  0.54838035
  0.7620  0.62923314
  0.7630  0.73827833
  0.7640  0.86430275
  0.7650  1.00033667
  0.7660  1.14226853
  0.7670  1.28763699
  0.7680  1.43491076
  0.7690  1.58309334
  0.7700  1.73150660
  0.7710  1.87966907
  0.7720  2.02722534
  0.7730  2.17390354
  0.7740  2.31948893
  0.7750  2.46380702
  0.7760  2.60671241
  0.7770  2.74808126
  0.7780  2.88780618
  0.7790  3.02579246
  0.7800  3.16195558
  0.7810  3.29621919
  0.7820  3.42851374
  0.7830  3.55877545
  0.7840  3.68694542
  0.7850  3.81296908
  0.7860  3.93679565
  0.7870  4.05837780
  0.7880  4.17767130
  0.7890  4.29463482
  0.7900  4.40922967
  0.7910  4.52141972
  0.7920  4.63117117
  0.7930  4.73845252
  0.7940  4.84323440
  0.7950  4.94548953
  0.7960  5.04519266
  0.7970  5.14232047
  0.7980  5.23685153
  0.7990  5.32876627
  0.8000  5.41804689
  0.8010  5.50467738
  0.8020  5.58864344
  0.8030  5.66993245
  0.8040  5.74853345
  0.8050  5.82443711
  0.8060  5.89763570
  0.8070  5.96812303
  0.8080  6.03589450
  0.8090  6.10094697
  0.8100  6.16327883
  0.8110  6.22288992
  0.8120  6.27978151
  0.8130  6.33395632
  0.8140  6.38541842
  0.8150  6.43417328
  0.8160  6.48022769
  0.8170  6.52358979
  0.8180  6.56426899
  0.8190  6.60227598
  0.8200  6.63762271
  0.8210  6.67032235
  0.8220  6.70038927
  0.8230  6.72783904
  0.8240  6.75268835
  0.8250  6.77495505
  0.8260  6.79465809
  0.8270  6.81181750
  0.8280  6.82645438
  0.8290  6.83859085
  0.8300  6.84825005
  0.8310  6.85545612
  0.8320  6.86023415
  0.8330  6.86261017
  0.8340  6.86261112
  0.8350  6.86026486
  0.8360  6.85560007
  0.8370  6.84864632
  0.8380  6.83943395
  0.8390  6.82799414
  0.8400  6.81435880
  0.8410  6.79856060
  0.8420  6.78063294
  0.8430  6.76060990
  0.8440  6.73852623
  0.8450  6.71441733
  0.8460  6.68831923
  0.8470  6.66026855
  0.8480  6.63030248
  0.8490  6.59845877
  0.8500  6.56477569
  0.8510  6.52929199
  0.8520  6.49204694
  0.8530  6.45308023
  0.8540  6.41243198
  0.8550  6.37014274
  0.8560  6.32625341
  0.8570  6.28080527
  0.8580  6.23383993
  0.8590  6.18539932
  0.8600  6.13552564
  0.8610  6.08426136
  0.8620  6.03164922
  0.8630  5.97773214
  0.8640  5.92255326
  0.8650  5.86615591
  0.8660  5.80858354
  0.8670  5.74987976
  0.8680  5.69008828
  0.8690  5.62925290
  0.8700  5.56741749
  0.8710  5.50462595
  0.8720  5.44092223
  0.8730  5.37635028
  0.8740  5.31095403
  0.8750  5.24477737
  0.8760  5.17786414
  0.8770  5.11025812
  0.8780  5.04200297
  0.8790  4.97314226
  0.8800  4.90371942
  0.8810  4.83377774
  0.8820  4.76336031
  0.8830  4.69251009
  0.8840  4.62126979
  0.8850  4.54968193
  0.8860  4.47778877
  0.8870  4.40563234
  0.8880  4.33325439
  0.8890  4.26069639
  0.8900  4.18799952
  0.8910  4.11520462
  0.8920  4.04235223
  0.8930  3.96948254
  0.8940  3.89663538
  0.8950  3.82385022
  0.8960  3.75116614
  0.8970  3.67862184
  0.8980  3.60625560
  0.8990  3.53410531
  0.9000  3.46220841
  0.9010  3.39060192
  0.9020  3.31932240
  0.9030  3.24840599
  0.9040  3.17788834
  0.9050  3.10780465
  0.9060  3.03818962
  0.9070  2.96907751
  0.9080  2.90050205
  0.9090  2.83249652
  0.9100  2.76509369
  0.9110  2.69832583
  0.9120  2.63222470
  0.9130  2.56682159
  0.9140  2.50214727
  0.9150  2.43823202
  0.9160  2.37510559
  0.9170  2.31279727
  0.9180  2.25133583
  0.9190  2.19074955
  0.9200  2.13106623
  0.9210  2.07231318
  0.9220  2.01451721
  0.9230  1.95770468
  0.9240  1.90190144
  0.9250  1.84713290
  0.9260  1.79342399
  0.9270  1.74079917
  0.9280  1.68928244
  0.9290  1.63889732
  0.9300  1.58966687
  0.9310  1.54161365
  0.9320  1.49475975
  0.9330  1.44912670
  0.9340  1.40473554
  0.9350  1.36160670
  0.9360  1.31976000
  0.9370  1.27921459
  0.9380  1.23998889
  0.9390  1.20210049
  0.9400  1.16556606
  0.9410  1.13040125
  0.9420  1.09662056
  0.9430  1.06423718
  0.9440  1.03326284
  0.9450  1.00370760
  0.9460  0.97557969
  0.9470  0.94888529
  0.9480  0.92362831
  0.9490  0.89981017
  0.9500  0.87742961
  0.9510  0.85648249
  0.9520  0.83696161
  0.9530  0.81885660
  0.9540  0.80215383
  0.9550  0.78683637
  0.9560  0.77288406
  0.9570  0.76027355
  0.9580  0.74897857
  0.9590  0.73897012
  0.9600  0.73021684
  0.9610  0.72268534
  0.9620  0.71634070
  0.9630  0.71114694
  0.9640  0.70706745
  0.9650  0.70406557
  0.9660  0.70210503
  0.9670  0.70115042
  0.9680  0.70116761
  0.9690  0.70212408
  0.9700  0.70398927
  0.9710  0.70673477
  0.9720  0.71033449
  0.9730  0.71476477
  0.9740  0.72000439
  0.9750  0.72603458
  0.9760  0.73283885
  0.9770  0.74040297
  0.9780  0.74871470
  0.9790  0.75776366
  0.9800  0.76754107
  0.9810  0.77803953
  0.9820  0.78925276
  0.9830  0.80117538
  0.9840  0.81380264
  0.9850  0.82713021
  0.9860  0.84115395
  0.9870  0.85586970
  0.9880  0.87127310
  0.9890  0.88735945
  0.9900  0.90412353
  0.9910  0.92155950
  0.9920  0.93966078
  0.9930  0.95842000
  0.9940  0.97782889
  0.9950  0.99787830
  0.9960  1.01855811
  0.9970  1.03985725
  0.9980  1.06176369
  0.9990  1.08426446
