  0.0000  79.33971607
  0.0010  79.29953879
  0.0020  79.17902638
  0.0030  78.97823709
  0.0040  78.69726801
  0.0050  78.33625499
  0.0060  77.89537261
  0.0070  77.37483409
  0.0080  76.77489123
  0.0090  76.09583428
  0.0100  75.33799185
  0.0110  74.50173075
  0.0120  73.58745585
  0.0130  72.59560994
  0.0140  71.52667350
  0.0150  70.38116456
  0.0160  69.15963845
  0.0170  67.86268759
  0.0180  66.49094122
  0.0190  65.04506519
  0.0200  63.52576166
  0.0210  61.93376878
  0.0220  60.26986046
  0.0230  58.53484596
  0.0240  56.72956966
  0.0250  54.85491061
  0.0260  52.91178223
  0.0270  50.90113193
  0.0280  48.82394071
  0.0290  46.68122277
  0.0300  44.47402509
  0.0310  42.20342708
  0.0320  39.87054010
  0.0330  37.47650713
  0.0340  35.02250239
  0.0350  32.50973103
  0.0360  29.93942894
  0.0370  27.31286275
  0.0380  24.63133018
  0.0390  21.89616118
  0.0400  19.10872055
  0.0410  16.27041418
  0.0420  13.38270447
  0.0430  10.44715372
  0.0440  7.46557577
  0.0450  4.44082084
  0.0460  1.38810882
  0.0470  1.77571988
  0.0480  4.91663037
  0.0490  8.10748654
  0.0500  11.33757965
  0.0510  14.60417104
  0.0520  17.90531853
  0.0530  21.23925597
  0.0540  24.60426553
  0.0550  27.99864000
  0.0560  31.42066924
  0.0570  34.86863486
  0.0580  38.34080802
  0.0590  41.83544876
  0.0600  45.35080598
  0.0610  48.88511782
  0.0620  52.43661217
  0.0630  56.00350743
  0.0640  59.58401324
  0.0650  63.17633132
  0.0660  66.77865628
  0.0670  70.38917657
  0.0680  74.00607532
  0.0690  77.62753129
  0.0700  81.25171979
  0.0710  84.87681360
  0.0720  88.50098398
  0.0730  92.12240152
  0.0740  95.73923720
  0.0750  99.34966330
  0.0760  102.95185438
  0.0770  106.54398826
  0.0780  110.12424699
  0.0790  113.69081782
  0.0800  117.24189420
  0.0810  120.77567672
  0.0820  124.29037413
  0.0830  127.78420429
  0.0840  131.25539515
  0.0850  134.70218573
  0.0860  138.12282707
  0.0870  141.51558322
  0.0880  144.87873220
  0.0890  148.21056692
  0.0900  151.50939619
  0.0910  154.77354560
  0.0920  158.00135851
  0.0930  161.19119694
  0.0940  164.34144251
  0.0950  167.45049734
  0.0960  170.51678496
  0.0970  173.53875121
  0.0980  176.51486506
  0.0990  179.44361958
  0.1000  182.32353268
  0.1010  185.15314803
  0.1020  187.93103586
  0.1030  190.65579377
  0.1040  193.32604752
  0.1050  195.94045182
  0.1060  198.49769110
  0.1070  200.99648024
  0.1080  203.43556532
  0.1090  205.81372431
  0.1100  208.12976776
  0.1110  210.38253950
  0.1120  212.57091727
  0.1130  214.69381335
  0.1140  216.75017519
  0.1150  218.73898596
  0.1160  220.65926518
  0.1170  222.51006919
  0.1180  224.29049176
  0.1190  225.99966449
  0.1200  227.63675736
  0.1210  229.20097916
  0.1220  230.69157791
  0.1230  232.10784125
  0.1240  233.44909684
  0.1250  234.71471271
  0.1260  235.90409758
  0.1270  237.01670116
  0.1280  238.05201440
  0.1290  239.00956980
  0.1300  239.88894156
  0.1310  240.68974583
  0.1320  241.41164085
  0.1330  242.05432709
  0.1340  242.61754739
  0.1350  243.10108702
  0.1360  243.50477374
  0.1370  243.82847787
  0.1380  244.07211224
  0.1390  244.23563223
  0.1400  244.31903569
  0.1410  244.32236285
  0.1420  244.24569627
  0.1430  244.08916067
  0.1440  243.85292278
  0.1450  243.53719119
  0.1460  243.14221613
  0.1470  242.66828921
  0.1480  242.11574323
  0.1490  241.48495183
  0.1500  240.77632922
  0.1510  239.99032985
  0.1520  239.12744804
  0.1530  238.18821761
  0.1540  237.17321148
  0.1550  236.08304125
  0.1560  234.91835674
  0.1570  233.67984550
  0.1580  232.36823238
  0.1590  230.98427896
  0.1600  229.52878303
  0.1610  228.00257806
  0.1620  226.40653258
  0.1630  224.74154965
  0.1640  223.00856617
  0.1650  221.20855231
  0.1660  219.34251084
  0.1670  217.41147648
  0.1680  215.41651517
  0.1690  213.35872343
  0.1700  211.23922763
  0.1710  209.05918323
  0.1720  206.81977407
  0.1730  204.52221162
  0.1740  202.16773418
  0.1750  199.75760611
  0.1760  197.29311707
  0.1770  194.77558115
  0.1780  192.20633611
  0.1790  189.58674256
  0.1800  186.91818306
  0.1810  184.20206137
  0.1820  181.43980150
  0.1830  178.63284694
  0.1840  175.78265976
  0.1850  172.89071971
  0.1860  169.95852340
  0.1870  166.98758339
  0.1880  163.97942728
  0.1890  160.93559687
  0.1900  157.85764725
  0.1910  154.74714590
  0.1920  151.60567177
  0.1930  148.43481444
  0.1940  145.23617317
  0.1950  142.01135604
  0.1960  138.76197902
  0.1970  135.48966508
  0.1980  132.19604332
  0.1990  128.88274805
  0.2000  125.55141791
  0.2010  122.20369497
  0.2020  118.84122388
  0.2030  115.46565093
  0.2040  112.07862325
  0.2050  108.68178788
  0.2060  105.27679092
  0.2070  101.86527669
  0.2080  98.44888686
  0.2090  95.02925962
  0.2100  91.60802882
  0.2110  88.18682317
  0.2120  84.76726539
  0.2130  81.35097142
  0.2140  77.93954960
  0.2150  74.53459992
  0.2160  71.13771318
  0.2170  67.75047027
  0.2180  64.37444142
  0.2190  61.01118541
  0.2200  57.66224893
  0.2210  54.32916582
  0.2220  51.01345643
  0.2230  47.71662699
  0.2240  44.44016901
  0.2250  41.18555873
  0.2260  37.95425677
  0.2270  34.74770772
  0.2280  31.56734020
  0.2290  28.41456711
  0.2300  25.29078666
  0.2310  22.19738478
  0.2320  19.13574015
  0.2330  16.10723559
  0.2340  13.11328504
  0.2350  10.15540764
  0.2360  7.23547789
  0.2370  4.35695314
  0.2380  1.53956415
  0.2390  1.35669813
  0.2400  4.08707957
  0.2410  6.80117389
  0.2420  9.47509107
  0.2430  12.10529077
  0.2440  14.69005399
  0.2450  17.22809786
  0.2460  19.71830236
  0.2470  22.15963081
  0.2480  24.55110097
  0.2490  26.89177288
  0.2500  29.18074325
  0.2510  31.41714267
  0.2520  33.60013428
  0.2530  35.72891300
  0.2540  37.80270525
  0.2550  39.82076882
  0.2560  41.78239290
  0.2570  43.68689810
  0.2580  45.53363662
  0.2590  47.32199236
  0.2600  49.05138103
  0.2610  50.72125033
  0.2620  52.33108008
  0.2630  53.88038235
  0.2640  55.36870153
  0.2650  56.79561455
  0.2660  58.16073084
  0.2670  59.46369254
  0.2680  60.70417448
  0.2690  61.88188428
  0.2700  62.99656238
  0.2710  64.04798208
  0.2720  65.03594952
  0.2730  65.96030371
  0.2740  66.82091650
  0.2750  67.61769256
  0.2760  68.35056931
  0.2770  69.01951685
  0.2780  69.62453792
  0.2790  70.16566779
  0.2800  70.64297412
  0.2810  71.05655687
  0.2820  71.40654817
  0.2830  71.69311212
  0.2840  71.91644465
  0.2850  72.07677335
  0.2860  72.17435722
  0.2870  72.20948649
  0.2880  72.18248240
  0.2890  72.09369692
  0.2900  71.94351251
  0.2910  71.73234182
  0.2920  71.46062746
  0.2930  71.12884161
  0.2940  70.73748576
  0.2950  70.28709037
  0.2960  69.77821451
  0.2970  69.21144547
  0.2980  68.58739844
  0.2990  67.90671607
  0.3000  67.17006812
  0.3010  66.37815098
  0.3020  65.53168726
  0.3030  64.63142539
  0.3040  63.67813910
  0.3050  62.67262699
  0.3060  61.61571203
  0.3070  60.50824109
  0.3080  59.35108441
  0.3090  58.14513511
  0.3100  56.89130863
  0.3110  55.59054224
  0.3120  54.24379448
  0.3130  52.85204460
  0.3140  51.41629200
  0.3150  49.93755569
  0.3160  48.41687373
  0.3170  46.85530262
  0.3180  45.25391680
  0.3190  43.61380806
  0.3200  41.93608500
  0.3210  40.22187253
  0.3220  38.47231135
  0.3230  36.68855757
  0.3240  34.87178231
  0.3250  33.02317143
  0.3260  31.14392549
  0.3270  29.23525990
  0.3280  27.29840545
  0.3290  25.33460947
  0.3300  23.34513808
  0.3310  21.33128001
  0.3320  19.29435364
  0.3330  17.23571961
  0.3340  15.15680491
  0.3350  13.05915144
  0.3360  10.94452289
  0.3370  8.81516998
  0.3380  6.67461326
  0.3390  4.53066843
  0.3400  2.41463342
  0.3410  0.79586568
  0.3420  2.25534710
  0.3430  4.39532245
  0.3440  6.59066402
  0.3450  8.80481827
  0.3460  11.02925680
  0.3470  13.26027945
  0.3480  15.49557393
  0.3490  17.73335136
  0.3500  19.97205839
  0.3510  22.21026263
  0.3520  24.44660093
  0.3530  26.67975399
  0.3540  28.90843296
  0.3550  31.13137212
  0.3560  33.34732472
  0.3570  35.55506069
  0.3580  37.75336534
  0.3590  39.94103872
  0.3600  42.11689539
  0.3610  44.27976445
  0.3620  46.42848971
  0.3630  48.56192998
  0.3640  50.67895947
  0.3650  52.77846819
  0.3660  54.85936238
  0.3670  56.92056502
  0.3680  58.96101626
  0.3690  60.97967397
  0.3700  62.97551413
  0.3710  64.94753138
  0.3720  66.89473949
  0.3730  68.81617177
  0.3740  70.71088159
  0.3750  72.57794277
  0.3760  74.41645007
  0.3770  76.22551952
  0.3780  78.00428893
  0.3790  79.75191820
  0.3800  81.46758971
  0.3810  83.15050871
  0.3820  84.79990364
  0.3830  86.41502646
  0.3840  87.99515296
  0.3850  89.53958306
  0.3860  91.04764108
  0.3870  92.51867601
  0.3880  93.95206175
  0.3890  95.34719731
  0.3900  96.70350708
  0.3910  98.02044094
  0.3920  99.29747451
  0.3930  100.53410925
  0.3940  101.72987263
  0.3950  102.88431822
  0.3960  103.99702583
  0.3970  105.06760156
  0.3980  106.09567789
  0.3990  107.08091372
  0.4000  108.02299438
  0.4010  108.92163169
  0.4020  109.77656394
  0.4030  110.58755584
  0.4040  111.35439851
  0.4050  112.07690943
  0.4060  112.75493235
  0.4070  113.38833724
  0.4080  113.97702013
  0.4090  114.52090303
  0.4100  115.01993380
  0.4110  115.47408595
  0.4120  115.88335855
  0.4130  116.24777597
  0.4140  116.56738775
  0.4150  116.84226834
  0.4160  117.07251690
  0.4170  117.25825704
  0.4180  117.39963661
  0.4190  117.49682738
  0.4200  117.55002480
  0.4210  117.55944770
  0.4220  117.52533796
  0.4230  117.44796023
  0.4240  117.32760157
  0.4250  117.16457116
  0.4260  116.95919989
  0.4270  116.71184004
  0.4280  116.42286487
  0.4290  116.09266831
  0.4300  115.72166449
  0.4310  115.31028740
  0.4320  114.85899044
  0.4330  114.36824604
  0.4340  113.83854521
  0.4350  113.27039713
  0.4360  112.66432869
  0.4370  112.02088406
  0.4380  111.34062424
  0.4390  110.62412659
  0.4400  109.87198438
  0.4410  109.08480632
  0.4420  108.26321608
  0.4430  107.40785180
  0.4440  106.51936567
  0.4450  105.59842335
  0.4460  104.64570357
  0.4470  103.66189759
  0.4480  102.64770871
  0.4490  101.60385179
  0.4500  100.53105275
  0.4510  99.43004804
  0.4520  98.30158421
  0.4530  97.14641730
  0.4540  95.96531246
  0.4550  94.75904335
  0.4560  93.52839168
  0.4570  92.27414672
  0.4580  90.99710476
  0.4590  89.69806865
  0.4600  88.37784728
  0.4610  87.03725505
  0.4620  85.67711147
  0.4630  84.29824054
  0.4640  82.90147038
  0.4650  81.48763263
  0.4660  80.05756205
  0.4670  78.61209601
  0.4680  77.15207397
  0.4690  75.67833706
  0.4700  74.19172758
  0.4710  72.69308854
  0.4720  71.18326318
  0.4730  69.66309452
  0.4740  68.13342489
  0.4750  66.59509553
  0.4760  65.04894605
  0.4770  63.49581409
  0.4780  61.93653480
  0.4790  60.37194047
  0.4800  58.80286005
  0.4810  57.23011879
  0.4820  55.65453775
  0.4830  54.07693348
  0.4840  52.49811755
  0.4850  50.91889616
  0.4860  49.34006980
  0.4870  47.76243281
  0.4880  46.18677304
  0.4890  44.61387146
  0.4900  43.04450182
  0.4910  41.47943027
  0.4920  39.91941505
  0.4930  38.36520611
  0.4940  36.81754481
  0.4950  35.27716361
  0.4960  33.74478575
  0.4970  32.22112493
  0.4980  30.70688508
  0.4990  29.20276006
  0.5000  27.70943343
  0.5010  26.22757819
  0.5020  24.75785665
  0.5030  23.30092019
  0.5040  21.85740924
  0.5050  20.42795317
  0.5060  19.01317036
  0.5070  17.61366841
  0.5080  16.23004456
  0.5090  14.86288639
  0.5100  13.51277316
  0.5110  12.18027797
  0.5120  10.86597160
  0.5130  9.57042946
  0.5140  8.29424457
  0.5150  7.03805398
  0.5160  5.80259738
  0.5170  4.58886476
  0.5180  3.39854316
  0.5190  2.23581778
  0.5200  1.11987983
  0.5210  0.40607007
  0.5220  1.25679034
  0.5230  2.31214748
  0.5240  3.36339227
  0.5250  4.39624821
  0.5260  5.40729015
  0.5270  6.39513389
  0.5280  7.35901506
  0.5290  8.29841699
  0.5300  9.21294350
  0.5310  10.10226730
  0.5320  10.96610614
  0.5330  11.80421099
  0.5340  12.61635945
  0.5350  13.40235216
  0.5360  14.16201044
  0.5370  14.89517500
  0.5380  15.60170496
  0.5390  16.28147721
  0.5400  16.93438602
  0.5410  17.56034271
  0.5420  18.15927537
  0.5430  18.73112866
  0.5440  19.27586370
  0.5450  19.79345785
  0.5460  20.28390463
  0.5470  20.74721354
  0.5480  21.18340998
  0.5490  21.59253510
  0.5500  21.97464565
  0.5510  22.32981389
  0.5520  22.65812742
  0.5530  22.95968905
  0.5540  23.23461664
  0.5550  23.48304296
  0.5560  23.70511551
  0.5570  23.90099636
  0.5580  24.07086197
  0.5590  24.21490303
  0.5600  24.33332421
  0.5610  24.42634403
  0.5620  24.49419460
  0.5630  24.53712146
  0.5640  24.55538330
  0.5650  24.54925178
  0.5660  24.51901128
  0.5670  24.46495866
  0.5680  24.38740301
  0.5690  24.28666539
  0.5700  24.16307860
  0.5710  24.01698687
  0.5720  23.84874563
  0.5730  23.65872119
  0.5740  23.44729051
  0.5750  23.21484087
  0.5760  22.96176957
  0.5770  22.68848368
  0.5780  22.39539970
  0.5790  22.08294327
  0.5800  21.75154886
  0.5810  21.40165947
  0.5820  21.03372631
  0.5830  20.64820847
  0.5840  20.24557267
  0.5850  19.82629289
  0.5860  19.39085010
  0.5870  18.93973194
  0.5880  18.47343245
  0.5890  17.99245177
  0.5900  17.49729591
  0.5910  16.98847643
  0.5920  16.46651031
  0.5930  15.93191968
  0.5940  15.38523173
  0.5950  14.82697860
  0.5960  14.25769737
  0.5970  13.67793016
  0.5980  13.08822434
  0.5990  12.48913298
  0.6000  11.88121553
  0.6010  11.26503886
  0.6020  10.64117890
  0.6030  10.01022300
  0.6040  9.37277348
  0.6050  8.72945304
  0.6060  8.08091291
  0.6070  7.42784571
  0.6080  6.77100604
  0.6090  6.11124480
  0.6100  5.44956879
  0.6110  4.78724988
  0.6120  4.12603860
  0.6130  3.46861677
  0.6140  2.81966132
  0.6150  2.18869104
  0.6160  1.59898940
  0.6170  1.11926479
  0.6180  0.93737018
  0.6190  1.19671714
  0.6200  1.70532815
  0.6210  2.30197287
  0.6220  2.93168388
  0.6230  3.57527187
  0.6240  4.22462000
  0.6250  4.87564452
  0.6260  5.52597545
  0.6270  6.17406536
  0.6280  6.81880150
  0.6290  7.45931962
  0.6300  8.09490736
  0.6310  8.72495080
  0.6320  9.34890347
  0.6330  9.96626739
  0.6340  10.57658127
  0.6350  11.17941273
  0.6360  11.77435324
  0.6370  12.36101463
  0.6380  12.93902663
  0.6390  13.50803527
  0.6400  14.06770161
  0.6410  14.61770093
  0.6420  15.15772209
  0.6430  15.68746710
  0.6440  16.20665076
  0.6450  16.71500047
  0.6460  17.21225603
  0.6470  17.69816952
  0.6480  18.17250521
  0.6490  18.63503949
  0.6500  19.08556080
  0.6510  19.52386961
  0.6520  19.94977840
  0.6530  20.36311158
  0.6540  20.76370550
  0.6550  21.15140841
  0.6560  21.52608039
  0.6570  21.88759339
  0.6580  22.23583111
  0.6590  22.57068899
  0.6600  22.89207414
  0.6610  23.19990531
  0.6620  23.49411279
  0.6630  23.77463834
  0.6640  24.04143513
  0.6650  24.29446765
  0.6660  24.53371157
  0.6670  24.75915372
  0.6680  24.97079189
  0.6690  25.16863478
  0.6700  25.35270184
  0.6710  25.52302315
  0.6720  25.67963931
  0.6730  25.82260122
  0.6740  25.95197002
  0.6750  26.06781686
  0.6760  26.17022277
  0.6770  26.25927848
  0.6780  26.33508427
  0.6790  26.39774972
  0.6800  26.44739360
  0.6810  26.48414363
  0.6820  26.50813630
  0.6830  26.51951663
  0.6840  26.51843804
  0.6850  26.50506204
  0.6860  26.47955810
  0.6870  26.44210336
  0.6880  26.39288246
  0.6890  26.33208725
  0.6900  26.25991664
  0.6910  26.17657628
  0.6920  26.08227838
  0.6930  25.97724145
  0.6940  25.86169004
  0.6950  25.73585454
  0.6960  25.59997088
  0.6970  25.45428032
  0.6980  25.29902917
  0.6990  25.13446858
  0.7000  24.96085423
  0.7010  24.77844614
  0.7020  24.58750837
  0.7030  24.38830877
  0.7040  24.18111876
  0.7050  23.96621304
  0.7060  23.74386935
  0.7070  23.51436823
  0.7080  23.27799273
  0.7090  23.03502821
  0.7100  22.78576205
  0.7110  22.53048342
  0.7120  22.26948303
  0.7130  22.00305288
  0.7140  21.73148602
  0.7150  21.45507632
  0.7160  21.17411821
  0.7170  20.88890646
  0.7180  20.59973595
  0.7190  20.30690143
  0.7200  20.01069727
  0.7210  19.71141730
  0.7220  19.40935452
  0.7230  19.10480092
  0.7240  18.79804726
  0.7250  18.48938285
  0.7260  18.17909537
  0.7270  17.86747061
  0.7280  17.55479235
  0.7290  17.24134210
  0.7300  16.92739894
  0.7310  16.61323934
  0.7320  16.29913696
  0.7330  15.98536248
  0.7340  15.67218342
  0.7350  15.35986401
  0.7360  15.04866498
  0.7370  14.73884341
  0.7380  14.43065261
  0.7390  14.12434196
  0.7400  13.82015673
  0.7410  13.51833799
  0.7420  13.21912245
  0.7430  12.92274235
  0.7440  12.62942533
  0.7450  12.33939431
  0.7460  12.05286737
  0.7470  11.77005768
  0.7480  11.49117336
  0.7490  11.21641740
  0.7500  10.94598757
  0.7510  10.68007635
  0.7520  10.41887083
  0.7530  10.16255262
  0.7540  9.91129784
  0.7550  9.66527702
  0.7560  9.42465501
  0.7570  9.18959102
  0.7580  8.96023848
  0.7590  8.73674503
  0.7600  8.51925253
  0.7610  8.30789697
  0.7620  8.10280844
  0.7630  7.90411118
  0.7640  7.71192349
  0.7650  7.52635774
  0.7660  7.34752038
  0.7670  7.17551192
  0.7680  7.01042694
  0.7690  6.85235406
  0.7700  6.70137601
  0.7710  6.55756956
  0.7720  6.42100558
  0.7730  6.29174905
  0.7740  6.16985906
  0.7750  6.05538880
  0.7760  5.94838564
  0.7770  5.84889105
  0.7780  5.75694072
  0.7790  5.67256449
  0.7800  5.59578640
  0.7810  5.52662471
  0.7820  5.46509193
  0.7830  5.41119480
  0.7840  5.36493434
  0.7850  5.32630589
  0.7860  5.29529911
  0.7870  5.27189805
  0.7880  5.25608117
  0.7890  5.24782140
  0.7900  5.24708623
  0.7910  5.25383771
  0.7920  5.26803258
  0.7930  5.28962234
  0.7940  5.31855333
  0.7950  5.35476686
  0.7960  5.39819926
  0.7970  5.44878202
  0.7980  5.50644191
  0.7990  5.57110108
  0.8000  5.64267718
  0.8010  5.72108348
  0.8020  5.80622898
  0.8030  5.89801854
  0.8040  5.99635298
  0.8050  6.10112922
  0.8060  6.21224037
  0.8070  6.32957583
  0.8080  6.45302144
  0.8090  6.58245955
  0.8100  6.71776915
  0.8110  6.85882595
  0.8120  7.00550248
  0.8130  7.15766823
  0.8140  7.31518970
  0.8150  7.47793055
  0.8160  7.64575162
  0.8170  7.81851113
  0.8180  7.99606468
  0.8190  8.17826542
  0.8200  8.36496411
  0.8210  8.55600922
  0.8220  8.75124703
  0.8230  8.95052173
  0.8240  9.15367553
  0.8250  9.36054873
  0.8260  9.57097985
  0.8270  9.78480568
  0.8280  10.00186144
  0.8290  10.22198082
  0.8300  10.44499613
  0.8310  10.67073836
  0.8320  10.89903730
  0.8330  11.12972161
  0.8340  11.36261896
  0.8350  11.59755610
  0.8360  11.83435896
  0.8370  12.07285276
  0.8380  12.31286210
  0.8390  12.55421104
  0.8400  12.79672323
  0.8410  13.04022200
  0.8420  13.28453043
  0.8430  13.52947147
  0.8440  13.77486805
  0.8450  14.02054311
  0.8460  14.26631979
  0.8470  14.51202145
  0.8480  14.75747180
  0.8490  15.00249497
  0.8500  15.24691563
  0.8510  15.49055907
  0.8520  15.73325130
  0.8530  15.97481911
  0.8540  16.21509022
  0.8550  16.45389332
  0.8560  16.69105818
  0.8570  16.92641574
  0.8580  17.15979820
  0.8590  17.39103911
  0.8600  17.61997346
  0.8610  17.84643775
  0.8620  18.07027012
  0.8630  18.29131037
  0.8640  18.50940011
  0.8650  18.72438283
  0.8660  18.93610394
  0.8670  19.14441093
  0.8680  19.34915338
  0.8690  19.55018309
  0.8700  19.74735415
  0.8710  19.94052301
  0.8720  20.12954858
  0.8730  20.31429229
  0.8740  20.49461818
  0.8750  20.67039297
  0.8760  20.84148614
  0.8770  21.00777002
  0.8780  21.16911985
  0.8790  21.32541384
  0.8800  21.47653326
  0.8810  21.62236253
  0.8820  21.76278925
  0.8830  21.89770429
  0.8840  22.02700185
  0.8850  22.15057955
  0.8860  22.26833847
  0.8870  22.38018320
  0.8880  22.48602193
  0.8890  22.58576653
  0.8900  22.67933253
  0.8910  22.76663926
  0.8920  22.84760986
  0.8930  22.92217135
  0.8940  22.99025466
  0.8950  23.05179472
  0.8960  23.10673044
  0.8970  23.15500485
  0.8980  23.19656505
  0.8990  23.23136231
  0.9000  23.25935207
  0.9010  23.28049402
  0.9020  23.29475211
  0.9030  23.30209455
  0.9040  23.30249390
  0.9050  23.29592706
  0.9060  23.28237531
  0.9070  23.26182429
  0.9080  23.23426410
  0.9090  23.19968922
  0.9100  23.15809860
  0.9110  23.10949563
  0.9120  23.05388817
  0.9130  22.99128852
  0.9140  22.92171346
  0.9150  22.84518423
  0.9160  22.76172653
  0.9170  22.67137049
  0.9180  22.57415072
  0.9190  22.47010620
  0.9200  22.35928038
  0.9210  22.24172105
  0.9220  22.11748038
  0.9230  21.98661488
  0.9240  21.84918537
  0.9250  21.70525694
  0.9260  21.55489892
  0.9270  21.39818483
  0.9280  21.23519236
  0.9290  21.06600330
  0.9300  20.89070350
  0.9310  20.70938281
  0.9320  20.52213504
  0.9330  20.32905790
  0.9340  20.13025291
  0.9350  19.92582537
  0.9360  19.71588426
  0.9370  19.50054219
  0.9380  19.27991533
  0.9390  19.05412331
  0.9400  18.82328915
  0.9410  18.58753918
  0.9420  18.34700295
  0.9430  18.10181315
  0.9440  17.85210550
  0.9450  17.59801866
  0.9460  17.33969416
  0.9470  17.07727627
  0.9480  16.81091189
  0.9490  16.54075048
  0.9500  16.26694394
  0.9510  15.98964650
  0.9520  15.70901458
  0.9530  15.42520674
  0.9540  15.13838350
  0.9550  14.84870729
  0.9560  14.55634227
  0.9570  14.26145423
  0.9580  13.96421051
  0.9590  13.66477981
  0.9600  13.36333213
  0.9610  13.06003861
  0.9620  12.75507139
  0.9630  12.44860355
  0.9640  12.14080890
  0.9650  11.83186193
  0.9660  11.52193763
  0.9670  11.21121137
  0.9680  10.89985883
  0.9690  10.58805578
  0.9700  10.27597804
  0.9710  9.96380129
  0.9720  9.65170101
  0.9730  9.33985229
  0.9740  9.02842978
  0.9750  8.71760750
  0.9760  8.40755878
  0.9770  8.09845614
  0.9780  7.79047115
  0.9790  7.48377437
  0.9800  7.17853520
  0.9810  6.87492186
  0.9820  6.57310123
  0.9830  6.27323887
  0.9840  5.97549887
  0.9850  5.68004390
  0.9860  5.38703511
  0.9870  5.09663225
  0.9880  4.80899364
  0.9890  4.52427634
  0.9900  4.24263636
  0.9910  3.96422891
  0.9920  3.68920898
  0.9930  3.41773198
  0.9940  3.14995488
  0.9950  2.88603790
  0.9960  2.62614712
  0.9970  2.37045871
  0.9980  2.11916587
  0.9990  1.87249083
