  0.0000  86.80463426
  0.0010  86.76475059
  0.0020  86.64512042
  0.0030  86.44580628
  0.0040  86.16691235
  0.0050  85.80858439
  0.0060  85.37100965
  0.0070  84.85441681
  0.0080  84.25907577
  0.0090  83.58529757
  0.0100  82.83343417
  0.0110  82.00387823
  0.0120  81.09706295
  0.0130  80.11346175
  0.0140  79.05358805
  0.0150  77.91799493
  0.0160  76.70727487
  0.0170  75.42205936
  0.0180  74.06301854
  0.0190  72.63086085
  0.0200  71.12633261
  0.0210  69.55021759
  0.0220  67.90333655
  0.0230  66.18654680
  0.0240  64.40074168
  0.0250  62.54685009
  0.0260  60.62583592
  0.0270  58.63869755
  0.0280  56.58646724
  0.0290  54.47021055
  0.0300  52.29102579
  0.0310  50.05004334
  0.0320  47.74842502
  0.0330  45.38736349
  0.0340  42.96808151
  0.0350  40.49183133
  0.0360  37.95989392
  0.0370  35.37357831
  0.0380  32.73422088
  0.0390  30.04318459
  0.0400  27.30185830
  0.0410  24.51165604
  0.0420  21.67401637
  0.0430  18.79040180
  0.0440  15.86229851
  0.0450  12.89121683
  0.0460  9.87869404
  0.0470  6.82630720
  0.0480  3.73575492
  0.0490  0.61149394
  0.0500  2.55625011
  0.0510  5.75204558
  0.0520  8.98013181
  0.0530  12.23856153
  0.0540  15.52562161
  0.0550  18.83962035
  0.0560  22.17886302
  0.0570  25.54164698
  0.0580  28.92626064
  0.0590  32.33098375
  0.0600  35.75408793
  0.0610  39.19383748
  0.0620  42.64849022
  0.0630  46.11629840
  0.0640  49.59550954
  0.0650  53.08436744
  0.0660  56.58111304
  0.0670  60.08398536
  0.0680  63.59122247
  0.0690  67.10106237
  0.0700  70.61174397
  0.0710  74.12150798
  0.0720  77.62859787
  0.0730  81.13126078
  0.0740  84.62774844
  0.0750  88.11631810
  0.0760  91.59523344
  0.0770  95.06276548
  0.0780  98.51719348
  0.0790  101.95680587
  0.0800  105.37990108
  0.0810  108.78478850
  0.0820  112.16978930
  0.0830  115.53323736
  0.0840  118.87348007
  0.0850  122.18887924
  0.0860  125.47781192
  0.0870  128.73867124
  0.0880  131.96986727
  0.0890  135.16982779
  0.0900  138.33699912
  0.0910  141.46984694
  0.0920  144.56685705
  0.0930  147.62653616
  0.0940  150.64741263
  0.0950  153.62803726
  0.0960  156.56698400
  0.0970  159.46285068
  0.0980  162.31425972
  0.0990  165.11985886
  0.1000  167.87832179
  0.1010  170.58834888
  0.1020  173.24866776
  0.1030  175.85803406
  0.1040  178.41523195
  0.1050  180.91907477
  0.1060  183.36840566
  0.1070  185.76209810
  0.1080  188.09905646
  0.1090  190.37821660
  0.1100  192.59854632
  0.1110  194.75904594
  0.1120  196.85874873
  0.1130  198.89672143
  0.1140  200.87206466
  0.1150  202.78391341
  0.1160  204.63143739
  0.1170  206.41384149
  0.1180  208.13036611
  0.1190  209.78028754
  0.1200  211.36291831
  0.1210  212.87760747
  0.1220  214.32374092
  0.1230  215.70074168
  0.1240  217.00807015
  0.1250  218.24522432
  0.1260  219.41174003
  0.1270  220.50719112
  0.1280  221.53118963
  0.1290  222.48338593
  0.1300  223.36346889
  0.1310  224.17116591
  0.1320  224.90624311
  0.1330  225.56850529
  0.1340  226.15779606
  0.1350  226.67399779
  0.1360  227.11703165
  0.1370  227.48685760
  0.1380  227.78347428
  0.1390  228.00691900
  0.1400  228.15726765
  0.1410  228.23463453
  0.1420  228.23917230
  0.1430  228.17107174
  0.1440  228.03056164
  0.1450  227.81790857
  0.1460  227.53341665
  0.1470  227.17742732
  0.1480  226.75031909
  0.1490  226.25250722
  0.1500  225.68444344
  0.1510  225.04661563
  0.1520  224.33954743
  0.1530  223.56379793
  0.1540  222.71996121
  0.1550  221.80866600
  0.1560  220.83057522
  0.1570  219.78638552
  0.1580  218.67682682
  0.1590  217.50266185
  0.1600  216.26468560
  0.1610  214.96372483
  0.1620  213.60063752
  0.1630  212.17631230
  0.1640  210.69166788
  0.1650  209.14765247
  0.1660  207.54524316
  0.1670  205.88544527
  0.1680  204.16929176
  0.1690  202.39784254
  0.1700  200.57218378
  0.1710  198.69342729
  0.1720  196.76270975
  0.1730  194.78119204
  0.1740  192.75005852
  0.1750  190.67051625
  0.1760  188.54379430
  0.1770  186.37114293
  0.1780  184.15383287
  0.1790  181.89315453
  0.1800  179.59041716
  0.1810  177.24694814
  0.1820  174.86409209
  0.1830  172.44321011
  0.1840  169.98567892
  0.1850  167.49289007
  0.1860  164.96624907
  0.1870  162.40717458
  0.1880  159.81709752
  0.1890  157.19746028
  0.1900  154.54971584
  0.1910  151.87532688
  0.1920  149.17576499
  0.1930  146.45250976
  0.1940  143.70704791
  0.1950  140.94087248
  0.1960  138.15548193
  0.1970  135.35237926
  0.1980  132.53307121
  0.1990  129.69906734
  0.2000  126.85187919
  0.2010  123.99301945
  0.2020  121.12400109
  0.2030  118.24633649
  0.2040  115.36153665
  0.2050  112.47111028
  0.2060  109.57656303
  0.2070  106.67939665
  0.2080  103.78110813
  0.2090  100.88318893
  0.2100  97.98712415
  0.2110  95.09439175
  0.2120  92.20646171
  0.2130  89.32479533
  0.2140  86.45084437
  0.2150  83.58605034
  0.2160  80.73184374
  0.2170  77.88964329
  0.2180  75.06085523
  0.2190  72.24687256
  0.2200  69.44907437
  0.2210  66.66882512
  0.2220  63.90747394
  0.2230  61.16635398
  0.2240  58.44678173
  0.2250  55.75005638
  0.2260  53.07745919
  0.2270  50.43025284
  0.2280  47.80968085
  0.2290  45.21696695
  0.2300  42.65331455
  0.2310  40.11990613
  0.2320  37.61790269
  0.2330  35.14844324
  0.2340  32.71264424
  0.2350  30.31159912
  0.2360  27.94637777
  0.2370  25.61802609
  0.2380  23.32756547
  0.2390  21.07599242
  0.2400  18.86427808
  0.2410  16.69336785
  0.2420  14.56418099
  0.2430  12.47761025
  0.2440  10.43452163
  0.2450  8.43575411
  0.2460  6.48211979
  0.2470  4.57440506
  0.2480  2.71337772
  0.2490  0.89988217
  0.2500  0.86622566
  0.2510  2.58286664
  0.2520  4.25025430
  0.2530  5.86765611
  0.2540  7.43447919
  0.2550  8.95017052
  0.2560  10.41420949
  0.2570  11.82610661
  0.2580  13.18540315
  0.2590  14.49167116
  0.2600  15.74451348
  0.2610  16.94356384
  0.2620  18.08848694
  0.2630  19.17897848
  0.2640  20.21476523
  0.2650  21.19560508
  0.2660  22.12128704
  0.2670  22.99163128
  0.2680  23.80648912
  0.2690  24.56574300
  0.2700  25.26930645
  0.2710  25.91712405
  0.2720  26.50917137
  0.2730  27.04545490
  0.2740  27.52601192
  0.2750  27.95091046
  0.2760  28.32024911
  0.2770  28.63415695
  0.2780  28.89279335
  0.2790  29.09634785
  0.2800  29.24503994
  0.2810  29.33911893
  0.2820  29.37886367
  0.2830  29.36458241
  0.2840  29.29661250
  0.2850  29.17532022
  0.2860  29.00110046
  0.2870  28.77437648
  0.2880  28.49559963
  0.2890  28.16524909
  0.2900  27.78383149
  0.2910  27.35188068
  0.2920  26.86995739
  0.2930  26.33864889
  0.2940  25.75856868
  0.2950  25.13035614
  0.2960  24.45467625
  0.2970  23.73221925
  0.2980  22.96370035
  0.2990  22.14985943
  0.3000  21.29146092
  0.3010  20.38929353
  0.3020  19.44417033
  0.3030  18.45692883
  0.3040  17.42843140
  0.3050  16.35956614
  0.3060  15.25124837
  0.3070  14.10442337
  0.3080  12.92007110
  0.3090  11.69921467
  0.3100  10.44293604
  0.3110  9.15240667
  0.3120  7.82895229
  0.3130  6.47420461
  0.3140  5.09051295
  0.3150  3.68233395
  0.3160  2.26299756
  0.3170  0.92638818
  0.3180  1.01149152
  0.3190  2.42070348
  0.3200  3.95004310
  0.3210  5.52057338
  0.3220  7.12005604
  0.3230  8.74416868
  0.3240  10.39051004
  0.3250  12.05732875
  0.3260  13.74314030
  0.3270  15.44658424
  0.3280  17.16636283
  0.3290  18.90121191
  0.3300  20.64988603
  0.3310  22.41115046
  0.3320  24.18377681
  0.3330  25.96654066
  0.3340  27.75822026
  0.3350  29.55759597
  0.3360  31.36345014
  0.3370  33.17456718
  0.3380  34.98973392
  0.3390  36.80774003
  0.3400  38.62737849
  0.3410  40.44744624
  0.3420  42.26674472
  0.3430  44.08408055
  0.3440  45.89826616
  0.3450  47.70812049
  0.3460  49.51246965
  0.3470  51.31014764
  0.3480  53.09999696
  0.3490  54.88086941
  0.3500  56.65162667
  0.3510  58.41114104
  0.3520  60.15829610
  0.3530  61.89198740
  0.3540  63.61112308
  0.3550  65.31462458
  0.3560  67.00142724
  0.3570  68.67048097
  0.3580  70.32075087
  0.3590  71.95121784
  0.3600  73.56087918
  0.3610  75.14874919
  0.3620  76.71385977
  0.3630  78.25526094
  0.3640  79.77202144
  0.3650  81.26322925
  0.3660  82.72799208
  0.3670  84.16543794
  0.3680  85.57471559
  0.3690  86.95499503
  0.3700  88.30546794
  0.3710  89.62534816
  0.3720  90.91387207
  0.3730  92.17029902
  0.3740  93.39391174
  0.3750  94.58401665
  0.3760  95.73994426
  0.3770  96.86104950
  0.3780  97.94671200
  0.3790  98.99633641
  0.3800  100.00935267
  0.3810  100.98521626
  0.3820  101.92340842
  0.3830  102.82343638
  0.3840  103.68483356
  0.3850  104.50715971
  0.3860  105.29000109
  0.3870  106.03297059
  0.3880  106.73570783
  0.3890  107.39787930
  0.3900  108.01917834
  0.3910  108.59932528
  0.3920  109.13806741
  0.3930  109.63517901
  0.3940  110.09046133
  0.3950  110.50374258
  0.3960  110.87487785
  0.3970  111.20374906
  0.3980  111.49026485
  0.3990  111.73436048
  0.4000  111.93599771
  0.4010  112.09516465
  0.4020  112.21187558
  0.4030  112.28617078
  0.4040  112.31811632
  0.4050  112.30780386
  0.4060  112.25535038
  0.4070  112.16089797
  0.4080  112.02461353
  0.4090  111.84668851
  0.4100  111.62733858
  0.4110  111.36680334
  0.4120  111.06534601
  0.4130  110.72325303
  0.4140  110.34083376
  0.4150  109.91842009
  0.4160  109.45636603
  0.4170  108.95504738
  0.4180  108.41486129
  0.4190  107.83622581
  0.4200  107.21957954
  0.4210  106.56538112
  0.4220  105.87410885
  0.4230  105.14626018
  0.4240  104.38235127
  0.4250  103.58291655
  0.4260  102.74850817
  0.4270  101.87969560
  0.4280  100.97706506
  0.4290  100.04121910
  0.4300  99.07277603
  0.4310  98.07236946
  0.4320  97.04064777
  0.4330  95.97827359
  0.4340  94.88592330
  0.4350  93.76428651
  0.4360  92.61406550
  0.4370  91.43597475
  0.4380  90.23074039
  0.4390  88.99909964
  0.4400  87.74180036
  0.4410  86.45960044
  0.4420  85.15326732
  0.4430  83.82357747
  0.4440  82.47131583
  0.4450  81.09727531
  0.4460  79.70225626
  0.4470  78.28706597
  0.4480  76.85251812
  0.4490  75.39943227
  0.4500  73.92863341
  0.4510  72.44095135
  0.4520  70.93722029
  0.4530  69.41827832
  0.4540  67.88496689
  0.4550  66.33813032
  0.4560  64.77861535
  0.4570  63.20727065
  0.4580  61.62494631
  0.4590  60.03249343
  0.4600  58.43076359
  0.4610  56.82060846
  0.4620  55.20287931
  0.4630  53.57842660
  0.4640  51.94809953
  0.4650  50.31274562
  0.4660  48.67321029
  0.4670  47.03033648
  0.4680  45.38496426
  0.4690  43.73793045
  0.4700  42.09006824
  0.4710  40.44220691
  0.4720  38.79517145
  0.4730  37.14978234
  0.4740  35.50685523
  0.4750  33.86720082
  0.4760  32.23162464
  0.4770  30.60092702
  0.4780  28.97590311
  0.4790  27.35734304
  0.4800  25.74603233
  0.4810  24.14275245
  0.4820  22.54828194
  0.4830  20.96339797
  0.4840  19.38887893
  0.4850  17.82550834
  0.4860  16.27408116
  0.4870  14.73541395
  0.4880  13.21036195
  0.4890  11.69984892
  0.4900  10.20492227
  0.4910  8.72686198
  0.4920  7.26741582
  0.4930  5.82937014
  0.4940  4.41817860
  0.4950  3.04786773
  0.4960  1.77253331
  0.4970  0.96195742
  0.4980  1.57590865
  0.4990  2.76690774
  0.5000  4.03462054
  0.5010  5.30880222
  0.5020  6.57277635
  0.5030  7.82047106
  0.5040  9.04898491
  0.5050  10.25663280
  0.5060  11.44228201
  0.5070  12.60508441
  0.5080  13.74435433
  0.5090  14.85950749
  0.5100  15.95002812
  0.5110  17.01545029
  0.5120  18.05534670
  0.5130  19.06932178
  0.5140  20.05700725
  0.5150  21.01805920
  0.5160  21.95215613
  0.5170  22.85899761
  0.5180  23.73830335
  0.5190  24.58981252
  0.5200  25.41328329
  0.5210  26.20849251
  0.5220  26.97523543
  0.5230  27.71332555
  0.5240  28.42259446
  0.5250  29.10289172
  0.5260  29.75408482
  0.5270  30.37605907
  0.5280  30.96871754
  0.5290  31.53198103
  0.5300  32.06578799
  0.5310  32.57009443
  0.5320  33.04487393
  0.5330  33.49011752
  0.5340  33.90583362
  0.5350  34.29204796
  0.5360  34.64880348
  0.5370  34.97616026
  0.5380  35.27419539
  0.5390  35.54300289
  0.5400  35.78269352
  0.5410  35.99339471
  0.5420  36.17525040
  0.5430  36.32842085
  0.5440  36.45308253
  0.5450  36.54942789
  0.5460  36.61766521
  0.5470  36.65801839
  0.5480  36.67072675
  0.5490  36.65604479
  0.5500  36.61424199
  0.5510  36.54560253
  0.5520  36.45042510
  0.5530  36.32902257
  0.5540  36.18172176
  0.5550  36.00886317
  0.5560  35.81080064
  0.5570  35.58790109
  0.5580  35.34054420
  0.5590  35.06912209
  0.5600  34.77403896
  0.5610  34.45571081
  0.5620  34.11456505
  0.5630  33.75104015
  0.5640  33.36558528
  0.5650  32.95865995
  0.5660  32.53073363
  0.5670  32.08228533
  0.5680  31.61380325
  0.5690  31.12578439
  0.5700  30.61873407
  0.5710  30.09316563
  0.5720  29.54959990
  0.5730  28.98856489
  0.5740  28.41059528
  0.5750  27.81623205
  0.5760  27.20602201
  0.5770  26.58051741
  0.5780  25.94027546
  0.5790  25.28585795
  0.5800  24.61783075
  0.5810  23.93676345
  0.5820  23.24322885
  0.5830  22.53780260
  0.5840  21.82106273
  0.5850  21.09358925
  0.5860  20.35596374
  0.5870  19.60876892
  0.5880  18.85258829
  0.5890  18.08800575
  0.5900  17.31560523
  0.5910  16.53597039
  0.5920  15.74968431
  0.5930  14.95732927
  0.5940  14.15948659
  0.5950  13.35673654
  0.5960  12.54965843
  0.5970  11.73883091
  0.5980  10.92483252
  0.5990  10.10824286
  0.6000  9.28964437
  0.6010  8.46962559
  0.6020  7.64878661
  0.6030  6.82774874
  0.6040  6.00717229
  0.6050  5.18779142
  0.6060  4.37048791
  0.6070  3.55646550
  0.6080  2.74772894
  0.6090  1.94872909
  0.6100  1.17451795
  0.6110  0.53026066
  0.6120  0.69633465
  0.6130  1.40355394
  0.6140  2.17093437
  0.6150  2.94748862
  0.6160  3.72362853
  0.6170  4.49609882
  0.6180  5.26332904
  0.6190  6.02435508
  0.6200  6.77847832
  0.6210  7.52513459
  0.6220  8.26383644
  0.6230  8.99414503
  0.6240  9.71565530
  0.6250  10.42798774
  0.6260  11.13078346
  0.6270  11.82370129
  0.6280  12.50641583
  0.6290  13.17861626
  0.6300  13.84000550
  0.6310  14.49029967
  0.6320  15.12922767
  0.6330  15.75653091
  0.6340  16.37196308
  0.6350  16.97529003
  0.6360  17.56628956
  0.6370  18.14475138
  0.6380  18.71047699
  0.6390  19.26327957
  0.6400  19.80298390
  0.6410  20.32942631
  0.6420  20.84245451
  0.6430  21.34192760
  0.6440  21.82771590
  0.6450  22.29970088
  0.6460  22.75777507
  0.6470  23.20184192
  0.6480  23.63181574
  0.6490  24.04762150
  0.6500  24.44919482
  0.6510  24.83648174
  0.6520  25.20943865
  0.6530  25.56803214
  0.6540  25.91223885
  0.6550  26.24204534
  0.6560  26.55744793
  0.6570  26.85845259
  0.6580  27.14507470
  0.6590  27.41733901
  0.6600  27.67527936
  0.6610  27.91893862
  0.6620  28.14836847
  0.6630  28.36362923
  0.6640  28.56478974
  0.6650  28.75192714
  0.6660  28.92512672
  0.6670  29.08448176
  0.6680  29.23009335
  0.6690  29.36207021
  0.6700  29.48052851
  0.6710  29.58559175
  0.6720  29.67739050
  0.6730  29.75606231
  0.6740  29.82175147
  0.6750  29.87460891
  0.6760  29.91479196
  0.6770  29.94246421
  0.6780  29.95779535
  0.6790  29.96096097
  0.6800  29.95214243
  0.6810  29.93152665
  0.6820  29.89930600
  0.6830  29.85567807
  0.6840  29.80084553
  0.6850  29.73501601
  0.6860  29.65840187
  0.6870  29.57122008
  0.6880  29.47369204
  0.6890  29.36604344
  0.6900  29.24850408
  0.6910  29.12130773
  0.6920  28.98469197
  0.6930  28.83889802
  0.6940  28.68417060
  0.6950  28.52075778
  0.6960  28.34891080
  0.6970  28.16888393
  0.6980  27.98093434
  0.6990  27.78532190
  0.7000  27.58230906
  0.7010  27.37216070
  0.7020  27.15514394
  0.7030  26.93152804
  0.7040  26.70158420
  0.7050  26.46558541
  0.7060  26.22380633
  0.7070  25.97652310
  0.7080  25.72401320
  0.7090  25.46655529
  0.7100  25.20442904
  0.7110  24.93791499
  0.7120  24.66729438
  0.7130  24.39284899
  0.7140  24.11486098
  0.7150  23.83361272
  0.7160  23.54938663
  0.7170  23.26246503
  0.7180  22.97312993
  0.7190  22.68166290
  0.7200  22.38834490
  0.7210  22.09345608
  0.7220  21.79727563
  0.7230  21.50008161
  0.7240  21.20215076
  0.7250  20.90375832
  0.7260  20.60517788
  0.7270  20.30668118
  0.7280  20.00853793
  0.7290  19.71101563
  0.7300  19.41437943
  0.7310  19.11889188
  0.7320  18.82481280
  0.7330  18.53239908
  0.7340  18.24190450
  0.7350  17.95357957
  0.7360  17.66767130
  0.7370  17.38442308
  0.7380  17.10407443
  0.7390  16.82686092
  0.7400  16.55301389
  0.7410  16.28276033
  0.7420  16.01632271
  0.7430  15.75391879
  0.7440  15.49576145
  0.7450  15.24205854
  0.7460  14.99301271
  0.7470  14.74882122
  0.7480  14.50967584
  0.7490  14.27576266
  0.7500  14.04726196
  0.7510  13.82434803
  0.7520  13.60718909
  0.7530  13.39594710
  0.7540  13.19077768
  0.7550  12.99182993
  0.7560  12.79924638
  0.7570  12.61316284
  0.7580  12.43370829
  0.7590  12.26100480
  0.7600  12.09516745
  0.7610  11.93630422
  0.7620  11.78451593
  0.7630  11.63989616
  0.7640  11.50253119
  0.7650  11.37249997
  0.7660  11.24987402
  0.7670  11.13471744
  0.7680  11.02708685
  0.7690  10.92703136
  0.7700  10.83459258
  0.7710  10.74980456
  0.7720  10.67269382
  0.7730  10.60327934
  0.7740  10.54157257
  0.7750  10.48757742
  0.7760  10.44129034
  0.7770  10.40270026
  0.7780  10.37178870
  0.7790  10.34852978
  0.7800  10.33289028
  0.7810  10.32482965
  0.7820  10.32430015
  0.7830  10.33124687
  0.7840  10.34560778
  0.7850  10.36731392
  0.7860  10.39628936
  0.7870  10.43245142
  0.7880  10.47571072
  0.7890  10.52597129
  0.7900  10.58313075
  0.7910  10.64708041
  0.7920  10.71770542
  0.7930  10.79488493
  0.7940  10.87849224
  0.7950  10.96839501
  0.7960  11.06445538
  0.7970  11.16653020
  0.7980  11.27447120
  0.7990  11.38812521
  0.8000  11.50733433
  0.8010  11.63193620
  0.8020  11.76176413
  0.8030  11.89664742
  0.8040  12.03641151
  0.8050  12.18087824
  0.8060  12.32986607
  0.8070  12.48319034
  0.8080  12.64066348
  0.8090  12.80209526
  0.8100  12.96729303
  0.8110  13.13606196
  0.8120  13.30820529
  0.8130  13.48352454
  0.8140  13.66181981
  0.8150  13.84288996
  0.8160  14.02653287
  0.8170  14.21254570
  0.8180  14.40072507
  0.8190  14.59086737
  0.8200  14.78276891
  0.8210  14.97622620
  0.8220  15.17103614
  0.8230  15.36699626
  0.8240  15.56390493
  0.8250  15.76156156
  0.8260  15.95976682
  0.8270  16.15832281
  0.8280  16.35703330
  0.8290  16.55570388
  0.8300  16.75414217
  0.8310  16.95215797
  0.8320  17.14956346
  0.8330  17.34617334
  0.8340  17.54180500
  0.8350  17.73627868
  0.8360  17.92941760
  0.8370  18.12104808
  0.8380  18.31099972
  0.8390  18.49910548
  0.8400  18.68520180
  0.8410  18.86912873
  0.8420  19.05073001
  0.8430  19.22985318
  0.8440  19.40634963
  0.8450  19.58007473
  0.8460  19.75088787
  0.8470  19.91865251
  0.8480  20.08323626
  0.8490  20.24451094
  0.8500  20.40235258
  0.8510  20.55664148
  0.8520  20.70726225
  0.8530  20.85410379
  0.8540  20.99705936
  0.8550  21.13602651
  0.8560  21.27090718
  0.8570  21.40160761
  0.8580  21.52803837
  0.8590  21.65011432
  0.8600  21.76775463
  0.8610  21.88088269
  0.8620  21.98942615
  0.8630  22.09331681
  0.8640  22.19249064
  0.8650  22.28688770
  0.8660  22.37645208
  0.8670  22.46113190
  0.8680  22.54087919
  0.8690  22.61564988
  0.8700  22.68540369
  0.8710  22.75010411
  0.8720  22.80971833
  0.8730  22.86421713
  0.8740  22.91357484
  0.8750  22.95776928
  0.8760  22.99678165
  0.8770  23.03059651
  0.8780  23.05920164
  0.8790  23.08258802
  0.8800  23.10074975
  0.8810  23.11368393
  0.8820  23.12139066
  0.8830  23.12387291
  0.8840  23.12113647
  0.8850  23.11318988
  0.8860  23.10004438
  0.8870  23.08171381
  0.8880  23.05821457
  0.8890  23.02956556
  0.8900  22.99578810
  0.8910  22.95690591
  0.8920  22.91294500
  0.8930  22.86393367
  0.8940  22.80990245
  0.8950  22.75088405
  0.8960  22.68691329
  0.8970  22.61802711
  0.8980  22.54426449
  0.8990  22.46566647
  0.9000  22.38227605
  0.9010  22.29413822
  0.9020  22.20129992
  0.9030  22.10381000
  0.9040  22.00171924
  0.9050  21.89508030
  0.9060  21.78394774
  0.9070  21.66837797
  0.9080  21.54842929
  0.9090  21.42416188
  0.9100  21.29563775
  0.9110  21.16292081
  0.9120  21.02607684
  0.9130  20.88517349
  0.9140  20.74028031
  0.9150  20.59146872
  0.9160  20.43881209
  0.9170  20.28238567
  0.9180  20.12226668
  0.9190  19.95853427
  0.9200  19.79126956
  0.9210  19.62055565
  0.9220  19.44647763
  0.9230  19.26912260
  0.9240  19.08857970
  0.9250  18.90494008
  0.9260  18.71829698
  0.9270  18.52874567
  0.9280  18.33638352
  0.9290  18.14130997
  0.9300  17.94362657
  0.9310  17.74343693
  0.9320  17.54084681
  0.9330  17.33596402
  0.9340  17.12889851
  0.9350  16.91976230
  0.9360  16.70866949
  0.9370  16.49573626
  0.9380  16.28108083
  0.9390  16.06482348
  0.9400  15.84708647
  0.9410  15.62799406
  0.9420  15.40767245
  0.9430  15.18624977
  0.9440  14.96385602
  0.9450  14.74062299
  0.9460  14.51668430
  0.9470  14.29217525
  0.9480  14.06723283
  0.9490  13.84199559
  0.9500  13.61660364
  0.9510  13.39119852
  0.9520  13.16592316
  0.9530  12.94092175
  0.9540  12.71633971
  0.9550  12.49232353
  0.9560  12.26902075
  0.9570  12.04657977
  0.9580  11.82514980
  0.9590  11.60488075
  0.9600  11.38592308
  0.9610  11.16842769
  0.9620  10.95254584
  0.9630  10.73842895
  0.9640  10.52622851
  0.9650  10.31609597
  0.9660  10.10818254
  0.9670  9.90263909
  0.9680  9.69961601
  0.9690  9.49926304
  0.9700  9.30172914
  0.9710  9.10716232
  0.9720  8.91570949
  0.9730  8.72751634
  0.9740  8.54272710
  0.9750  8.36148446
  0.9760  8.18392935
  0.9770  8.01020082
  0.9780  7.84043583
  0.9790  7.67476907
  0.9800  7.51333284
  0.9810  7.35625682
  0.9820  7.20366790
  0.9830  7.05569003
  0.9840  6.91244397
  0.9850  6.77404714
  0.9860  6.64061343
  0.9870  6.51225299
  0.9880  6.38907200
  0.9890  6.27117253
  0.9900  6.15865230
  0.9910  6.05160447
  0.9920  5.95011746
  0.9930  5.85427473
  0.9940  5.76415463
  0.9950  5.67983015
  0.9960  5.60136881
  0.9970  5.52883246
  0.9980  5.46227714
  0.9990  5.40175297
