  0.0000  88.49279247
  0.0010  88.45067555
  0.0020  88.32434655
  0.0030  88.11387072
  0.0040  87.81935675
  0.0050  87.44095675
  0.0060  86.97886615
  0.0070  86.43332361
  0.0080  85.80461090
  0.0090  85.09305274
  0.0100  84.29901664
  0.0110  83.42291273
  0.0120  82.46519353
  0.0130  81.42635372
  0.0140  80.30692991
  0.0150  79.10750032
  0.0160  77.82868455
  0.0170  76.47114319
  0.0180  75.03557753
  0.0190  73.52272919
  0.0200  71.93337973
  0.0210  70.26835025
  0.0220  68.52850098
  0.0230  66.71473084
  0.0240  64.82797693
  0.0250  62.86921413
  0.0260  60.83945453
  0.0270  58.73974694
  0.0280  56.57117633
  0.0290  54.33486327
  0.0300  52.03196340
  0.0310  49.66366674
  0.0320  47.23119716
  0.0330  44.73581171
  0.0340  42.17879995
  0.0350  39.56148330
  0.0360  36.88521438
  0.0370  34.15137624
  0.0380  31.36138169
  0.0390  28.51667257
  0.0400  25.61871895
  0.0410  22.66901839
  0.0420  19.66909518
  0.0430  16.62049949
  0.0440  13.52480661
  0.0450  10.38361610
  0.0460  7.19855102
  0.0470  3.97125729
  0.0480  0.70341020
  0.0490  2.60333512
  0.0500  5.94722990
  0.0510  9.32656490
  0.0520  12.73959399
  0.0530  16.18455470
  0.0540  19.65966842
  0.0550  23.16314126
  0.0560  26.69316499
  0.0570  30.24791800
  0.0580  33.82556625
  0.0590  37.42426427
  0.0600  41.04215615
  0.0610  44.67737650
  0.0620  48.32805149
  0.0630  51.99229983
  0.0640  55.66823377
  0.0650  59.35396014
  0.0660  63.04758138
  0.0670  66.74719651
  0.0680  70.45090220
  0.0690  74.15679379
  0.0700  77.86296631
  0.0710  81.56751549
  0.0720  85.26853886
  0.0730  88.96413668
  0.0740  92.65241308
  0.0750  96.33147699
  0.0760  99.99944324
  0.0770  103.65443354
  0.0780  107.29457753
  0.0790  110.91801377
  0.0800  114.52289078
  0.0810  118.10736805
  0.0820  121.66961702
  0.0830  125.20782208
  0.0840  128.72018159
  0.0850  132.20490885
  0.0860  135.66023305
  0.0870  139.08440026
  0.0880  142.47567441
  0.0890  145.83233820
  0.0900  149.15269404
  0.0910  152.43506502
  0.0920  155.67779578
  0.0930  158.87925343
  0.0940  162.03782846
  0.0950  165.15193557
  0.0960  168.22001461
  0.0970  171.24053134
  0.0980  174.21197835
  0.0990  177.13287582
  0.1000  180.00177236
  0.1010  182.81724577
  0.1020  185.57790385
  0.1030  188.28238510
  0.1040  190.92935950
  0.1050  193.51752922
  0.1060  196.04562929
  0.1070  198.51242832
  0.1080  200.91672912
  0.1090  203.25736938
  0.1100  205.53322224
  0.1110  207.74319692
  0.1120  209.88623931
  0.1130  211.96133247
  0.1140  213.96749721
  0.1150  215.90379260
  0.1160  217.76931641
  0.1170  219.56320561
  0.1180  221.28463680
  0.1190  222.93282666
  0.1200  224.50703225
  0.1210  226.00655148
  0.1220  227.43072339
  0.1230  228.77892850
  0.1240  230.05058907
  0.1250  231.24516939
  0.1260  232.36217602
  0.1270  233.40115802
  0.1280  234.36170709
  0.1290  235.24345781
  0.1300  236.04608770
  0.1310  236.76931741
  0.1320  237.41291073
  0.1330  237.97667473
  0.1340  238.46045972
  0.1350  238.86415933
  0.1360  239.18771042
  0.1370  239.43109311
  0.1380  239.59433065
  0.1390  239.67748936
  0.1400  239.68067850
  0.1410  239.60405014
  0.1420  239.44779893
  0.1430  239.21216200
  0.1440  238.89741863
  0.1450  238.50389010
  0.1460  238.03193934
  0.1470  237.48197069
  0.1480  236.85442954
  0.1490  236.14980201
  0.1500  235.36861457
  0.1510  234.51143365
  0.1520  233.57886522
  0.1530  232.57155436
  0.1540  231.49018480
  0.1550  230.33547842
  0.1560  229.10819476
  0.1570  227.80913051
  0.1580  226.43911892
  0.1590  224.99902928
  0.1600  223.48976628
  0.1610  221.91226946
  0.1620  220.26751255
  0.1630  218.55650282
  0.1640  216.78028044
  0.1650  214.93991778
  0.1660  213.03651872
  0.1670  211.07121794
  0.1680  209.04518017
  0.1690  206.95959946
  0.1700  204.81569843
  0.1710  202.61472746
  0.1720  200.35796392
  0.1730  198.04671137
  0.1740  195.68229872
  0.1750  193.26607946
  0.1760  190.79943073
  0.1770  188.28375255
  0.1780  185.72046692
  0.1790  183.11101694
  0.1800  180.45686596
  0.1810  177.75949667
  0.1820  175.02041020
  0.1830  172.24112524
  0.1840  169.42317709
  0.1850  166.56811678
  0.1860  163.67751013
  0.1870  160.75293680
  0.1880  157.79598941
  0.1890  154.80827256
  0.1900  151.79140192
  0.1910  148.74700325
  0.1920  145.67671150
  0.1930  142.58216986
  0.1940  139.46502878
  0.1950  136.32694505
  0.1960  133.16958088
  0.1970  129.99460292
  0.1980  126.80368132
  0.1990  123.59848882
  0.2000  120.38069980
  0.2010  117.15198935
  0.2020  113.91403235
  0.2030  110.66850252
  0.2040  107.41707155
  0.2050  104.16140818
  0.2060  100.90317725
  0.2070  97.64403889
  0.2080  94.38564757
  0.2090  91.12965123
  0.2100  87.87769048
  0.2110  84.63139768
  0.2120  81.39239611
  0.2130  78.16229921
  0.2140  74.94270968
  0.2150  71.73521879
  0.2160  68.54140556
  0.2170  65.36283603
  0.2180  62.20106258
  0.2190  59.05762327
  0.2200  55.93404120
  0.2210  52.83182400
  0.2220  49.75246335
  0.2230  46.69743466
  0.2240  43.66819687
  0.2250  40.66619254
  0.2260  37.69284823
  0.2270  34.74957546
  0.2280  31.83777244
  0.2290  28.95882722
  0.2300  26.11412305
  0.2310  23.30504790
  0.2320  20.53301155
  0.2330  17.79947815
  0.2340  15.10603214
  0.2350  12.45452507
  0.2360  9.84744641
  0.2370  7.28904836
  0.2380  4.78989686
  0.2390  2.39858410
  0.2400  0.94500043
  0.2410  2.77253103
  0.2420  5.04507364
  0.2430  7.31461225
  0.2440  9.54720293
  0.2450  11.73446153
  0.2460  13.87289876
  0.2470  15.96051878
  0.2480  17.99592085
  0.2490  19.97799098
  0.2500  21.90577629
  0.2510  23.77842724
  0.2520  25.59516864
  0.2530  27.35528393
  0.2540  29.05810634
  0.2550  30.70301352
  0.2560  32.28942428
  0.2570  33.81679654
  0.2580  35.28462595
  0.2590  36.69244500
  0.2600  38.03982244
  0.2610  39.32636281
  0.2620  40.55170619
  0.2630  41.71552796
  0.2640  42.81753863
  0.2650  43.85748373
  0.2660  44.83514366
  0.2670  45.75033364
  0.2680  46.60290354
  0.2690  47.39273783
  0.2700  48.11975545
  0.2710  48.78390971
  0.2720  49.38518812
  0.2730  49.92361230
  0.2740  50.39923780
  0.2750  50.81215395
  0.2760  51.16248369
  0.2770  51.45038333
  0.2780  51.67604243
  0.2790  51.83968347
  0.2800  51.94156172
  0.2810  51.98196492
  0.2820  51.96121303
  0.2830  51.87965797
  0.2840  51.73768328
  0.2850  51.53570387
  0.2860  51.27416565
  0.2870  50.95354519
  0.2880  50.57434940
  0.2890  50.13711512
  0.2900  49.64240876
  0.2910  49.09082592
  0.2920  48.48299094
  0.2930  47.81955649
  0.2940  47.10120316
  0.2950  46.32863897
  0.2960  45.50259893
  0.2970  44.62384456
  0.2980  43.69316339
  0.2990  42.71136849
  0.3000  41.67929790
  0.3010  40.59781417
  0.3020  39.46780380
  0.3030  38.29017668
  0.3040  37.06586556
  0.3050  35.79582547
  0.3060  34.48103315
  0.3070  33.12248649
  0.3080  31.72120391
  0.3090  30.27822380
  0.3100  28.79460396
  0.3110  27.27142094
  0.3120  25.70976954
  0.3130  24.11076226
  0.3140  22.47552876
  0.3150  20.80521546
  0.3160  19.10098527
  0.3170  17.36401749
  0.3180  15.59550826
  0.3190  13.79667184
  0.3200  11.96874385
  0.3210  10.11298894
  0.3220  8.23072052
  0.3230  6.32335812
  0.3240  4.39264113
  0.3250  2.44188347
  0.3260  0.50751006
  0.3270  1.55967613
  0.3280  3.56692141
  0.3290  5.59866925
  0.3300  7.64829887
  0.3310  9.71363825
  0.3320  11.79311315
  0.3330  13.88530407
  0.3340  15.98884553
  0.3350  18.10239478
  0.3360  20.22462012
  0.3370  22.35419618
  0.3380  24.48980196
  0.3390  26.63012015
  0.3400  28.77383709
  0.3410  30.91964301
  0.3420  33.06623249
  0.3430  35.21230499
  0.3440  37.35656550
  0.3450  39.49772511
  0.3460  41.63450176
  0.3470  43.76562086
  0.3480  45.88981598
  0.3490  48.00582959
  0.3500  50.11241367
  0.3510  52.20833046
  0.3520  54.29235310
  0.3530  56.36326633
  0.3540  58.41986712
  0.3550  60.46096541
  0.3560  62.48538466
  0.3570  64.49196259
  0.3580  66.47955176
  0.3590  68.44702022
  0.3600  70.39325212
  0.3610  72.31714831
  0.3620  74.21762696
  0.3630  76.09362412
  0.3640  77.94409430
  0.3650  79.76801103
  0.3660  81.56436742
  0.3670  83.33217667
  0.3680  85.07047261
  0.3690  86.77831020
  0.3700  88.45476603
  0.3710  90.09893879
  0.3720  91.70994974
  0.3730  93.28694316
  0.3740  94.82908678
  0.3750  96.33557220
  0.3760  97.80561530
  0.3770  99.23845660
  0.3780  100.63336167
  0.3790  101.98962145
  0.3800  103.30655260
  0.3810  104.58349780
  0.3820  105.81982610
  0.3830  107.01493314
  0.3840  108.16824147
  0.3850  109.27920078
  0.3860  110.34728810
  0.3870  111.37200807
  0.3880  112.35289308
  0.3890  113.28950350
  0.3900  114.18142778
  0.3910  115.02828262
  0.3920  115.82971310
  0.3930  116.58539276
  0.3940  117.29502369
  0.3950  117.95833661
  0.3960  118.57509087
  0.3970  119.14507454
  0.3980  119.66810438
  0.3990  120.14402581
  0.4000  120.57271295
  0.4010  120.95406849
  0.4020  121.28802369
  0.4030  121.57453826
  0.4040  121.81360027
  0.4050  122.00522603
  0.4060  122.14945995
  0.4070  122.24637437
  0.4080  122.29606942
  0.4090  122.29867280
  0.4100  122.25433959
  0.4110  122.16325200
  0.4120  122.02561915
  0.4130  121.84167683
  0.4140  121.61168717
  0.4150  121.33593840
  0.4160  121.01474453
  0.4170  120.64844500
  0.4180  120.23740439
  0.4190  119.78201203
  0.4200  119.28268168
  0.4210  118.73985107
  0.4220  118.15398161
  0.4230  117.52555788
  0.4240  116.85508728
  0.4250  116.14309958
  0.4260  115.39014645
  0.4270  114.59680103
  0.4280  113.76365745
  0.4290  112.89133035
  0.4300  111.98045437
  0.4310  111.03168370
  0.4320  110.04569150
  0.4330  109.02316943
  0.4340  107.96482709
  0.4350  106.87139152
  0.4360  105.74360659
  0.4370  104.58223249
  0.4380  103.38804516
  0.4390  102.16183572
  0.4400  100.90440988
  0.4410  99.61658737
  0.4420  98.29920135
  0.4430  96.95309781
  0.4440  95.57913499
  0.4450  94.17818275
  0.4460  92.75112198
  0.4470  91.29884401
  0.4480  89.82224996
  0.4490  88.32225015
  0.4500  86.79976345
  0.4510  85.25571673
  0.4520  83.69104417
  0.4530  82.10668667
  0.4540  80.50359123
  0.4550  78.88271034
  0.4560  77.24500132
  0.4570  75.59142575
  0.4580  73.92294882
  0.4590  72.24053873
  0.4600  70.54516607
  0.4610  68.83780322
  0.4620  67.11942372
  0.4630  65.39100170
  0.4640  63.65351125
  0.4650  61.90792582
  0.4660  60.15521768
  0.4670  58.39635725
  0.4680  56.63231261
  0.4690  54.86404887
  0.4700  53.09252759
  0.4710  51.31870626
  0.4720  49.54353773
  0.4730  47.76796965
  0.4740  45.99294392
  0.4750  44.21939618
  0.4760  42.44825530
  0.4770  40.68044282
  0.4780  38.91687247
  0.4790  37.15844967
  0.4800  35.40607106
  0.4810  33.66062398
  0.4820  31.92298609
  0.4830  30.19402483
  0.4840  28.47459707
  0.4850  26.76554864
  0.4860  25.06771398
  0.4870  23.38191577
  0.4880  21.70896463
  0.4890  20.04965884
  0.4900  18.40478415
  0.4910  16.77511381
  0.4920  15.16140863
  0.4930  13.56441761
  0.4940  11.98487911
  0.4950  10.42352345
  0.4960  8.88107834
  0.4970  7.35828131
  0.4980  5.85591088
  0.4990  4.37487992
  0.5000  2.91660325
  0.5010  1.48546180
  0.5020  0.22211975
  0.5030  1.35676001
  0.5040  2.71731464
  0.5050  4.05937070
  0.5060  5.37799771
  0.5070  6.67182382
  0.5080  7.94007417
  0.5090  9.18215611
  0.5100  10.39755665
  0.5110  11.58580863
  0.5120  12.74647733
  0.5130  13.87915444
  0.5140  14.98345516
  0.5150  16.05901657
  0.5160  17.10549688
  0.5170  18.12257486
  0.5180  19.10994959
  0.5190  20.06734029
  0.5200  20.99448616
  0.5210  21.89114636
  0.5220  22.75709991
  0.5230  23.59214567
  0.5240  24.39610226
  0.5250  25.16880804
  0.5260  25.91012102
  0.5270  26.61991886
  0.5280  27.29809873
  0.5290  27.94457728
  0.5300  28.55929055
  0.5310  29.14219386
  0.5320  29.69326170
  0.5330  30.21248763
  0.5340  30.69988417
  0.5350  31.15548263
  0.5360  31.57933297
  0.5370  31.97150366
  0.5380  32.33208154
  0.5390  32.66117157
  0.5400  32.95889671
  0.5410  33.22539771
  0.5420  33.46083290
  0.5430  33.66537797
  0.5440  33.83922577
  0.5450  33.98258605
  0.5460  34.09568525
  0.5470  34.17876621
  0.5480  34.23208796
  0.5490  34.25592544
  0.5500  34.25056918
  0.5510  34.21632508
  0.5520  34.15351410
  0.5530  34.06247193
  0.5540  33.94354874
  0.5550  33.79710882
  0.5560  33.62353028
  0.5570  33.42320473
  0.5580  33.19653693
  0.5590  32.94394448
  0.5600  32.66585744
  0.5610  32.36271800
  0.5620  32.03498011
  0.5630  31.68310916
  0.5640  31.30758155
  0.5650  30.90888438
  0.5660  30.48751503
  0.5670  30.04398082
  0.5680  29.57879861
  0.5690  29.09249441
  0.5700  28.58560301
  0.5710  28.05866760
  0.5720  27.51223936
  0.5730  26.94687710
  0.5740  26.36314684
  0.5750  25.76162146
  0.5760  25.14288031
  0.5770  24.50750883
  0.5780  23.85609820
  0.5790  23.18924494
  0.5800  22.50755063
  0.5810  21.81162153
  0.5820  21.10206831
  0.5830  20.37950573
  0.5840  19.64455246
  0.5850  18.89783084
  0.5860  18.13996679
  0.5870  17.37158974
  0.5880  16.59333274
  0.5890  15.80583268
  0.5900  15.00973077
  0.5910  14.20567330
  0.5920  13.39431292
  0.5930  12.57631049
  0.5940  11.75233799
  0.5950  10.92308301
  0.5960  10.08925558
  0.5970  9.25159907
  0.5980  8.41090787
  0.5990  7.56805714
  0.6000  6.72405520
  0.6010  5.88014104
  0.6020  5.03797890
  0.6030  4.20008281
  0.6040  3.37085651
  0.6050  2.55956785
  0.6060  1.79083950
  0.6070  1.15160822
  0.6080  0.94932415
  0.6090  1.38597978
  0.6100  2.09057249
  0.6110  2.86904572
  0.6120  3.67175770
  0.6130  4.48289525
  0.6140  5.29589716
  0.6150  6.10742849
  0.6160  6.91550256
  0.6170  7.71877646
  0.6180  8.51624802
  0.6190  9.30711110
  0.6200  10.09068081
  0.6210  10.86635220
  0.6220  11.63357625
  0.6230  12.39184532
  0.6240  13.14068397
  0.6250  13.87964303
  0.6260  14.60829569
  0.6270  15.32623478
  0.6280  16.03307096
  0.6290  16.72843143
  0.6300  17.41195901
  0.6310  18.08331150
  0.6320  18.74216123
  0.6330  19.38819468
  0.6340  20.02111227
  0.6350  20.64062819
  0.6360  21.24647024
  0.6370  21.83837973
  0.6380  22.41611147
  0.6390  22.97943361
  0.6400  23.52812770
  0.6410  24.06198856
  0.6420  24.58082430
  0.6430  25.08445623
  0.6440  25.57271890
  0.6450  26.04545996
  0.6460  26.50254020
  0.6470  26.94383342
  0.6480  27.36922644
  0.6490  27.77861900
  0.6500  28.17192370
  0.6510  28.54906591
  0.6520  28.90998371
  0.6530  29.25462777
  0.6540  29.58296127
  0.6550  29.89495979
  0.6560  30.19061119
  0.6570  30.46991551
  0.6580  30.73288479
  0.6590  30.97954299
  0.6600  31.20992584
  0.6610  31.42408066
  0.6620  31.62206622
  0.6630  31.80395258
  0.6640  31.96982092
  0.6650  32.11976337
  0.6660  32.25388279
  0.6670  32.37229267
  0.6680  32.47511681
  0.6690  32.56248925
  0.6700  32.63455397
  0.6710  32.69146473
  0.6720  32.73338485
  0.6730  32.76048695
  0.6740  32.77295280
  0.6750  32.77097303
  0.6760  32.75474693
  0.6770  32.72448219
  0.6780  32.68039470
  0.6790  32.62270825
  0.6800  32.55165435
  0.6810  32.46747194
  0.6820  32.37040714
  0.6830  32.26071301
  0.6840  32.13864929
  0.6850  32.00448216
  0.6860  31.85848393
  0.6870  31.70093284
  0.6880  31.53211276
  0.6890  31.35231293
  0.6900  31.16182773
  0.6910  30.96095635
  0.6920  30.75000260
  0.6930  30.52927459
  0.6940  30.29908448
  0.6950  30.05974823
  0.6960  29.81158531
  0.6970  29.55491846
  0.6980  29.29007340
  0.6990  29.01737859
  0.7000  28.73716496
  0.7010  28.44976566
  0.7020  28.15551575
  0.7030  27.85475203
  0.7040  27.54781270
  0.7050  27.23503717
  0.7060  26.91676574
  0.7070  26.59333944
  0.7080  26.26509968
  0.7090  25.93238810
  0.7100  25.59554625
  0.7110  25.25491539
  0.7120  24.91083627
  0.7130  24.56364884
  0.7140  24.21369206
  0.7150  23.86130366
  0.7160  23.50681992
  0.7170  23.15057544
  0.7180  22.79290292
  0.7190  22.43413296
  0.7200  22.07459381
  0.7210  21.71461123
  0.7220  21.35450821
  0.7230  20.99460482
  0.7240  20.63521799
  0.7250  20.27666133
  0.7260  19.91924493
  0.7270  19.56327517
  0.7280  19.20905457
  0.7290  18.85688157
  0.7300  18.50705038
  0.7310  18.15985081
  0.7320  17.81556810
  0.7330  17.47448277
  0.7340  17.13687044
  0.7350  16.80300170
  0.7360  16.47314197
  0.7370  16.14755130
  0.7380  15.82648432
  0.7390  15.51019002
  0.7400  15.19891167
  0.7410  14.89288667
  0.7420  14.59234645
  0.7430  14.29751633
  0.7440  14.00861542
  0.7450  13.72585651
  0.7460  13.44944595
  0.7470  13.17958360
  0.7480  12.91646265
  0.7490  12.66026963
  0.7500  12.41118426
  0.7510  12.16937936
  0.7520  11.93502084
  0.7530  11.70826757
  0.7540  11.48927132
  0.7550  11.27817674
  0.7560  11.07512126
  0.7570  10.88023506
  0.7580  10.69364100
  0.7590  10.51545461
  0.7600  10.34578405
  0.7610  10.18473003
  0.7620  10.03238585
  0.7630  9.88883732
  0.7640  9.75416277
  0.7650  9.62843304
  0.7660  9.51171143
  0.7670  9.40405374
  0.7680  9.30550823
  0.7690  9.21611565
  0.7700  9.13590922
  0.7710  9.06491465
  0.7720  9.00315013
  0.7730  8.95062639
  0.7740  8.90734667
  0.7750  8.87330676
  0.7760  8.84849503
  0.7770  8.83289244
  0.7780  8.82647260
  0.7790  8.82920177
  0.7800  8.84103895
  0.7810  8.86193588
  0.7820  8.89183708
  0.7830  8.93067998
  0.7840  8.97839490
  0.7850  9.03490514
  0.7860  9.10012706
  0.7870  9.17397015
  0.7880  9.25633713
  0.7890  9.34712400
  0.7900  9.44622014
  0.7910  9.55350845
  0.7920  9.66886541
  0.7930  9.79216121
  0.7940  9.92325985
  0.7950  10.06201928
  0.7960  10.20829150
  0.7970  10.36192273
  0.7980  10.52275351
  0.7990  10.69061884
  0.8000  10.86534834
  0.8010  11.04676641
  0.8020  11.23469234
  0.8030  11.42894050
  0.8040  11.62932051
  0.8050  11.83563735
  0.8060  12.04769161
  0.8070  12.26527958
  0.8080  12.48819348
  0.8090  12.71622159
  0.8100  12.94914849
  0.8110  13.18675519
  0.8120  13.42881935
  0.8130  13.67511546
  0.8140  13.92541500
  0.8150  14.17948671
  0.8160  14.43709669
  0.8170  14.69800869
  0.8180  14.96198424
  0.8190  15.22878291
  0.8200  15.49816245
  0.8210  15.76987906
  0.8220  16.04368756
  0.8230  16.31934161
  0.8240  16.59659392
  0.8250  16.87519644
  0.8260  17.15490062
  0.8270  17.43545756
  0.8280  17.71661828
  0.8290  17.99813388
  0.8300  18.27975578
  0.8310  18.56123596
  0.8320  18.84232708
  0.8330  19.12278281
  0.8340  19.40235795
  0.8350  19.68080865
  0.8360  19.95789266
  0.8370  20.23336951
  0.8380  20.50700069
  0.8390  20.77854988
  0.8400  21.04778316
  0.8410  21.31446917
  0.8420  21.57837933
  0.8430  21.83928801
  0.8440  22.09697275
  0.8450  22.35121442
  0.8460  22.60179740
  0.8470  22.84850976
  0.8480  23.09114346
  0.8490  23.32949446
  0.8500  23.56336296
  0.8510  23.79255349
  0.8520  24.01687510
  0.8530  24.23614153
  0.8540  24.45017131
  0.8550  24.65878793
  0.8560  24.86181996
  0.8570  25.05910119
  0.8580  25.25047078
  0.8590  25.43577329
  0.8600  25.61485891
  0.8610  25.78758347
  0.8620  25.95380858
  0.8630  26.11340174
  0.8640  26.26623639
  0.8650  26.41219200
  0.8660  26.55115417
  0.8670  26.68301468
  0.8680  26.80767153
  0.8690  26.92502902
  0.8700  27.03499780
  0.8710  27.13749490
  0.8720  27.23244375
  0.8730  27.31977424
  0.8740  27.39942271
  0.8750  27.47133198
  0.8760  27.53545133
  0.8770  27.59173656
  0.8780  27.64014990
  0.8790  27.68066007
  0.8800  27.71324222
  0.8810  27.73787789
  0.8820  27.75455502
  0.8830  27.76326789
  0.8840  27.76401704
  0.8850  27.75680929
  0.8860  27.74165760
  0.8870  27.71858107
  0.8880  27.68760484
  0.8890  27.64876000
  0.8900  27.60208354
  0.8910  27.54761826
  0.8920  27.48541264
  0.8930  27.41552079
  0.8940  27.33800233
  0.8950  27.25292225
  0.8960  27.16035086
  0.8970  27.06036363
  0.8980  26.95304109
  0.8990  26.83846869
  0.9000  26.71673670
  0.9010  26.58794004
  0.9020  26.45217818
  0.9030  26.30955501
  0.9040  26.16017865
  0.9050  26.00416136
  0.9060  25.84161936
  0.9070  25.67267274
  0.9080  25.49744522
  0.9090  25.31606409
  0.9100  25.12866000
  0.9110  24.93536685
  0.9120  24.73632160
  0.9130  24.53166414
  0.9140  24.32153713
  0.9150  24.10608585
  0.9160  23.88545804
  0.9170  23.65980375
  0.9180  23.42927518
  0.9190  23.19402653
  0.9200  22.95421389
  0.9210  22.70999500
  0.9220  22.46152919
  0.9230  22.20897720
  0.9240  21.95250101
  0.9250  21.69226375
  0.9260  21.42842950
  0.9270  21.16116320
  0.9280  20.89063051
  0.9290  20.61699762
  0.9300  20.34043121
  0.9310  20.06109824
  0.9320  19.77916588
  0.9330  19.49480137
  0.9340  19.20817189
  0.9350  18.91944447
  0.9360  18.62878587
  0.9370  18.33636246
  0.9380  18.04234015
  0.9390  17.74688424
  0.9400  17.45015938
  0.9410  17.15232943
  0.9420  16.85355743
  0.9430  16.55400545
  0.9440  16.25383454
  0.9450  15.95320469
  0.9460  15.65227470
  0.9470  15.35120214
  0.9480  15.05014330
  0.9490  14.74925310
  0.9500  14.44868506
  0.9510  14.14859124
  0.9520  13.84912219
  0.9530  13.55042690
  0.9540  13.25265279
  0.9550  12.95594562
  0.9560  12.66044952
  0.9570  12.36630692
  0.9580  12.07365851
  0.9590  11.78264327
  0.9600  11.49339840
  0.9610  11.20605933
  0.9620  10.92075971
  0.9630  10.63763136
  0.9640  10.35680431
  0.9650  10.07840675
  0.9660  9.80256506
  0.9670  9.52940379
  0.9680  9.25904564
  0.9690  8.99161149
  0.9700  8.72722040
  0.9710  8.46598956
  0.9720  8.20803437
  0.9730  7.95346838
  0.9740  7.70240330
  0.9750  7.45494902
  0.9760  7.21121358
  0.9770  6.97130318
  0.9780  6.73532219
  0.9790  6.50337309
  0.9800  6.27555647
  0.9810  6.05197105
  0.9820  5.83271356
  0.9830  5.61787879
  0.9840  5.40755948
  0.9850  5.20184628
  0.9860  5.00082766
  0.9870  4.80458982
  0.9880  4.61321659
  0.9890  4.42678927
  0.9900  4.24538647
  0.9910  4.06908395
  0.9920  3.89795437
  0.9930  3.73206701
  0.9940  3.57148755
  0.9950  3.41627766
  0.9960  3.26649466
  0.9970  3.12219109
  0.9980  2.98341429
  0.9990  2.85020588
