  0.0000  42.46633836
  0.0010  42.42583807
  0.0020  42.30436065
  0.0030  42.10197651
  0.0040  41.81880296
  0.0050  41.45500409
  0.0060  41.01079071
  0.0070  40.48642023
  0.0080  39.88219643
  0.0090  39.19846935
  0.0100  38.43563499
  0.0110  37.59413513
  0.0120  36.67445700
  0.0130  35.67713299
  0.0140  34.60274032
  0.0150  33.45190065
  0.0160  32.22527974
  0.0170  30.92358696
  0.0180  29.54757493
  0.0190  28.09803897
  0.0200  26.57581665
  0.0210  24.98178727
  0.0220  23.31687133
  0.0230  21.58202996
  0.0240  19.77826441
  0.0250  17.90661545
  0.0260  15.96816297
  0.0270  13.96402554
  0.0280  11.89536054
  0.0290  9.76336505
  0.0300  7.56928012
  0.0310  5.31440784
  0.0320  3.00021401
  0.0330  0.63080223
  0.0340  1.80470967
  0.0350  4.28901222
  0.0360  6.82800548
  0.0370  9.41972517
  0.0380  12.06260817
  0.0390  14.75511871
  0.0400  17.49570809
  0.0410  20.28280638
  0.0420  23.11482047
  0.0430  25.99013395
  0.0440  28.90710762
  0.0450  31.86408021
  0.0460  34.85936933
  0.0470  37.89127238
  0.0480  40.95806756
  0.0490  44.05801492
  0.0500  47.18935734
  0.0510  50.35032166
  0.0520  53.53911966
  0.0530  56.75394924
  0.0540  59.99299539
  0.0550  63.25443137
  0.0560  66.53641975
  0.0570  69.83711353
  0.0580  73.15465725
  0.0590  76.48718807
  0.0600  79.83283689
  0.0610  83.18972947
  0.0620  86.55598750
  0.0630  89.92972976
  0.0640  93.30907317
  0.0650  96.69213395
  0.0660  100.07702867
  0.0670  103.46187537
  0.0680  106.84479466
  0.0690  110.22391081
  0.0700  113.59735281
  0.0710  116.96325546
  0.0720  120.31976044
  0.0730  123.66501738
  0.0740  126.99718490
  0.0750  130.31443166
  0.0760  133.61493739
  0.0770  136.89689392
  0.0780  140.15850620
  0.0790  143.39799330
  0.0800  146.61358939
  0.0810  149.80354472
  0.0820  152.96612659
  0.0830  156.09962031
  0.0840  159.20233012
  0.0850  162.27258012
  0.0860  165.30871518
  0.0870  168.30910184
  0.0880  171.27212914
  0.0890  174.19620954
  0.0900  177.07977972
  0.0910  179.92130142
  0.0920  182.71926223
  0.0930  185.47217640
  0.0940  188.17858559
  0.0950  190.83705964
  0.0960  193.44619726
  0.0970  196.00462678
  0.0980  198.51100682
  0.0990  200.96402696
  0.1000  203.36240841
  0.1010  205.70490459
  0.1020  207.99030179
  0.1030  210.21741973
  0.1040  212.38511209
  0.1050  214.49226713
  0.1060  216.53780812
  0.1070  218.52069392
  0.1080  220.43991937
  0.1090  222.29451582
  0.1100  224.08355150
  0.1110  225.80613197
  0.1120  227.46140045
  0.1130  229.04853825
  0.1140  230.56676504
  0.1150  232.01533920
  0.1160  233.39355811
  0.1170  234.70075840
  0.1180  235.93631622
  0.1190  237.09964742
  0.1200  238.19020781
  0.1210  239.20749325
  0.1220  240.15103990
  0.1230  241.02042427
  0.1240  241.81526336
  0.1250  242.53521475
  0.1260  243.17997663
  0.1270  243.74928787
  0.1280  244.24292801
  0.1290  244.66071729
  0.1300  245.00251656
  0.1310  245.26822730
  0.1320  245.45779148
  0.1330  245.57119152
  0.1340  245.60845013
  0.1350  245.56963022
  0.1360  245.45483470
  0.1370  245.26420629
  0.1380  244.99792739
  0.1390  244.65621979
  0.1400  244.23934444
  0.1410  243.74760124
  0.1420  243.18132869
  0.1430  242.54090363
  0.1440  241.82674093
  0.1450  241.03929311
  0.1460  240.17905003
  0.1470  239.24653850
  0.1480  238.24232186
  0.1490  237.16699961
  0.1500  236.02120696
  0.1510  234.80561440
  0.1520  233.52092722
  0.1530  232.16788504
  0.1540  230.74726133
  0.1550  229.25986288
  0.1560  227.70652929
  0.1570  226.08813240
  0.1580  224.40557580
  0.1590  222.65979418
  0.1600  220.85175281
  0.1610  218.98244692
  0.1620  217.05290106
  0.1630  215.06416854
  0.1640  213.01733074
  0.1650  210.91349648
  0.1660  208.75380137
  0.1670  206.53940711
  0.1680  204.27150086
  0.1690  201.95129447
  0.1700  199.58002384
  0.1710  197.15894817
  0.1720  194.68934926
  0.1730  192.17253077
  0.1740  189.60981744
  0.1750  187.00255440
  0.1760  184.35210636
  0.1770  181.65985689
  0.1780  178.92720759
  0.1790  176.15557734
  0.1800  173.34640153
  0.1810  170.50113123
  0.1820  167.62123239
  0.1830  164.70818506
  0.1840  161.76348256
  0.1850  158.78863066
  0.1860  155.78514677
  0.1870  152.75455913
  0.1880  149.69840593
  0.1890  146.61823453
  0.1900  143.51560060
  0.1910  140.39206731
  0.1920  137.24920443
  0.1930  134.08858756
  0.1940  130.91179725
  0.1950  127.72041815
  0.1960  124.51603822
  0.1970  121.30024779
  0.1980  118.07463883
  0.1990  114.84080401
  0.2000  111.60033594
  0.2010  108.35482624
  0.2020  105.10586481
  0.2030  101.85503891
  0.2040  98.60393237
  0.2050  95.35412473
  0.2060  92.10719046
  0.2070  88.86469811
  0.2080  85.62820950
  0.2090  82.39927891
  0.2100  79.17945229
  0.2110  75.97026646
  0.2120  72.77324831
  0.2130  69.58991405
  0.2140  66.42176839
  0.2150  63.27030387
  0.2160  60.13700005
  0.2170  57.02332281
  0.2180  53.93072365
  0.2190  50.86063903
  0.2200  47.81448968
  0.2210  44.79368007
  0.2220  41.79959783
  0.2230  38.83361334
  0.2240  35.89707936
  0.2250  32.99133096
  0.2260  30.11768569
  0.2270  27.27744426
  0.2280  24.47189216
  0.2290  21.70230281
  0.2300  18.96994387
  0.2310  16.27609003
  0.2320  13.62205074
  0.2330  11.00923632
  0.2340  8.43934155
  0.2350  5.91498633
  0.2360  3.44306022
  0.2370  1.08304296
  0.2380  1.51041621
  0.2390  3.80951006
  0.2400  6.09864079
  0.2410  8.34555788
  0.2420  10.54509007
  0.2430  12.69513823
  0.2440  14.79437733
  0.2450  16.84176827
  0.2460  18.83641001
  0.2470  20.77748420
  0.2480  22.66423134
  0.2490  24.49593940
  0.2500  26.27193799
  0.2510  27.99159523
  0.2520  29.65431600
  0.2530  31.25954094
  0.2540  32.80674588
  0.2550  34.29544154
  0.2560  35.72517335
  0.2570  37.09552136
  0.2580  38.40610025
  0.2590  39.65655931
  0.2600  40.84658244
  0.2610  41.97588819
  0.2620  43.04422978
  0.2630  44.05139507
  0.2640  44.99720658
  0.2650  45.88152148
  0.2660  46.70423151
  0.2670  47.46526298
  0.2680  48.16457666
  0.2690  48.80216770
  0.2700  49.37806553
  0.2710  49.89233373
  0.2720  50.34506986
  0.2730  50.73640534
  0.2740  51.06650521
  0.2750  51.33556797
  0.2760  51.54382532
  0.2770  51.69154194
  0.2780  51.77901518
  0.2790  51.80657486
  0.2800  51.77458287
  0.2810  51.68343292
  0.2820  51.53355015
  0.2830  51.32539080
  0.2840  51.05944182
  0.2850  50.73622048
  0.2860  50.35627395
  0.2870  49.92017885
  0.2880  49.42854084
  0.2890  48.88199413
  0.2900  48.28120099
  0.2910  47.62685126
  0.2920  46.91966186
  0.2930  46.16037621
  0.2940  45.34976371
  0.2950  44.48861920
  0.2960  43.57776236
  0.2970  42.61803712
  0.2980  41.61031106
  0.2990  40.55547484
  0.3000  39.45444150
  0.3010  38.30814587
  0.3020  37.11754392
  0.3030  35.88361207
  0.3040  34.60734654
  0.3050  33.28976269
  0.3060  31.93189428
  0.3070  30.53479280
  0.3080  29.09952677
  0.3090  27.62718100
  0.3100  26.11885590
  0.3110  24.57566671
  0.3120  22.99874279
  0.3130  21.38922690
  0.3140  19.74827441
  0.3150  18.07705257
  0.3160  16.37673975
  0.3170  14.64852472
  0.3180  12.89360582
  0.3190  11.11319027
  0.3200  9.30849337
  0.3210  7.48073777
  0.3220  5.63115272
  0.3230  3.76097356
  0.3240  1.87144220
  0.3250  0.03661401
  0.3260  1.96072795
  0.3270  3.90084568
  0.3280  5.85532603
  0.3290  7.82291356
  0.3300  9.80235383
  0.3310  11.79239291
  0.3320  13.79177798
  0.3330  15.79925800
  0.3340  17.81358441
  0.3350  19.83351190
  0.3360  21.85779907
  0.3370  23.88520918
  0.3380  25.91451081
  0.3390  27.94447861
  0.3400  29.97389393
  0.3410  32.00154554
  0.3420  34.02623027
  0.3430  36.04675369
  0.3440  38.06193075
  0.3450  40.07058641
  0.3460  42.07155629
  0.3470  44.06368726
  0.3480  46.04583806
  0.3490  48.01687989
  0.3500  49.97569701
  0.3510  51.92118728
  0.3520  53.85226272
  0.3530  55.76785007
  0.3540  57.66689133
  0.3550  59.54834424
  0.3560  61.41118282
  0.3570  63.25439783
  0.3580  65.07699728
  0.3590  66.87800687
  0.3600  68.65647043
  0.3610  70.41145038
  0.3620  72.14202814
  0.3630  73.84730450
  0.3640  75.52640007
  0.3650  77.17845561
  0.3660  78.80263240
  0.3670  80.39811260
  0.3680  81.96409956
  0.3690  83.49981813
  0.3700  85.00451499
  0.3710  86.47745891
  0.3720  87.91794101
  0.3730  89.32527504
  0.3740  90.69879761
  0.3750  92.03786839
  0.3760  93.34187034
  0.3770  94.61020992
  0.3780  95.84231722
  0.3790  97.03764616
  0.3800  98.19567462
  0.3810  99.31590459
  0.3820  100.39786228
  0.3830  101.44109819
  0.3840  102.44518728
  0.3850  103.40972893
  0.3860  104.33434713
  0.3870  105.21869041
  0.3880  106.06243193
  0.3890  106.86526951
  0.3900  107.62692558
  0.3910  108.34714723
  0.3920  109.02570614
  0.3930  109.66239856
  0.3940  110.25704527
  0.3950  110.80949151
  0.3960  111.31960688
  0.3970  111.78728531
  0.3980  112.21244489
  0.3990  112.59502779
  0.4000  112.93500016
  0.4010  113.23235193
  0.4020  113.48709673
  0.4030  113.69927168
  0.4040  113.86893722
  0.4050  113.99617696
  0.4060  114.08109746
  0.4070  114.12382804
  0.4080  114.12452053
  0.4090  114.08334910
  0.4100  114.00050997
  0.4110  113.87622121
  0.4120  113.71072244
  0.4130  113.50427462
  0.4140  113.25715970
  0.4150  112.96968041
  0.4160  112.64215995
  0.4170  112.27494164
  0.4180  111.86838868
  0.4190  111.42288378
  0.4200  110.93882886
  0.4210  110.41664474
  0.4220  109.85677072
  0.4230  109.25966432
  0.4240  108.62580088
  0.4250  107.95567320
  0.4260  107.24979117
  0.4270  106.50868141
  0.4280  105.73288688
  0.4290  104.92296647
  0.4300  104.07949465
  0.4310  103.20306102
  0.4320  102.29426995
  0.4330  101.35374013
  0.4340  100.38210419
  0.4350  99.38000826
  0.4360  98.34811153
  0.4370  97.28708584
  0.4380  96.19761525
  0.4390  95.08039560
  0.4400  93.93613403
  0.4410  92.76554861
  0.4420  91.56936779
  0.4430  90.34833005
  0.4440  89.10318337
  0.4450  87.83468480
  0.4460  86.54360001
  0.4470  85.23070280
  0.4480  83.89677464
  0.4490  82.54260422
  0.4500  81.16898697
  0.4510  79.77672457
  0.4520  78.36662452
  0.4530  76.93949962
  0.4540  75.49616752
  0.4550  74.03745024
  0.4560  72.56417369
  0.4570  71.07716722
  0.4580  69.57726308
  0.4590  68.06529603
  0.4600  66.54210278
  0.4610  65.00852159
  0.4620  63.46539172
  0.4630  61.91355303
  0.4640  60.35384546
  0.4650  58.78710857
  0.4660  57.21418108
  0.4670  55.63590042
  0.4680  54.05310220
  0.4690  52.46661984
  0.4700  50.87728403
  0.4710  49.28592232
  0.4720  47.69335866
  0.4730  46.10041295
  0.4740  44.50790057
  0.4750  42.91663197
  0.4760  41.32741223
  0.4770  39.74104060
  0.4780  38.15831010
  0.4790  36.58000709
  0.4800  35.00691084
  0.4810  33.43979312
  0.4820  31.87941781
  0.4830  30.32654048
  0.4840  28.78190799
  0.4850  27.24625815
  0.4860  25.72031924
  0.4870  24.20480976
  0.4880  22.70043795
  0.4890  21.20790150
  0.4900  19.72788718
  0.4910  18.26107048
  0.4920  16.80811531
  0.4930  15.36967366
  0.4940  13.94638529
  0.4950  12.53887743
  0.4960  11.14776457
  0.4970  9.77364817
  0.4980  8.41711656
  0.4990  7.07874495
  0.5000  5.75909585
  0.5010  4.45872067
  0.5020  3.17816570
  0.5030  1.91800210
  0.5040  0.67918255
  0.5050  0.54141156
  0.5060  1.73694019
  0.5070  2.91099625
  0.5080  4.06248990
  0.5090  5.19093270
  0.5100  6.29590038
  0.5110  7.37699569
  0.5120  8.43384140
  0.5130  9.46607829
  0.5140  10.47336449
  0.5150  11.45537532
  0.5160  12.41180319
  0.5170  13.34235761
  0.5180  14.24676524
  0.5190  15.12476991
  0.5200  15.97613268
  0.5210  16.80063184
  0.5220  17.59806295
  0.5230  18.36823886
  0.5240  19.11098968
  0.5250  19.82616284
  0.5260  20.51362298
  0.5270  21.17325200
  0.5280  21.80494900
  0.5290  22.40863019
  0.5300  22.98422887
  0.5310  23.53169537
  0.5320  24.05099690
  0.5330  24.54211753
  0.5340  25.00505804
  0.5350  25.43983582
  0.5360  25.84648476
  0.5370  26.22505507
  0.5380  26.57561317
  0.5390  26.89824154
  0.5400  27.19303852
  0.5410  27.46011816
  0.5420  27.69961005
  0.5430  27.91165908
  0.5440  28.09642527
  0.5450  28.25408358
  0.5460  28.38482363
  0.5470  28.48884952
  0.5480  28.56637959
  0.5490  28.61764615
  0.5500  28.64289526
  0.5510  28.64238646
  0.5520  28.61639249
  0.5530  28.56519905
  0.5540  28.48910448
  0.5550  28.38841954
  0.5560  28.26346705
  0.5570  28.11458164
  0.5580  27.94210945
  0.5590  27.74640778
  0.5600  27.52784487
  0.5610  27.28679949
  0.5620  27.02366071
  0.5630  26.73882753
  0.5640  26.43270858
  0.5650  26.10572179
  0.5660  25.75829409
  0.5670  25.39086108
  0.5680  25.00386669
  0.5690  24.59776288
  0.5700  24.17300934
  0.5710  23.73007315
  0.5720  23.26942847
  0.5730  22.79155629
  0.5740  22.29694408
  0.5750  21.78608557
  0.5760  21.25948042
  0.5770  20.71763406
  0.5780  20.16105743
  0.5790  19.59026676
  0.5800  19.00578349
  0.5810  18.40813414
  0.5820  17.79785027
  0.5830  17.17546853
  0.5840  16.54153082
  0.5850  15.89658460
  0.5860  15.24118333
  0.5870  14.57588724
  0.5880  13.90126440
  0.5890  13.21789226
  0.5900  12.52635988
  0.5910  11.82727112
  0.5920  11.12124921
  0.5930  10.40894345
  0.5940  9.69103905
  0.5950  8.96827216
  0.5960  8.24145292
  0.5970  7.51150243
  0.5980  6.77951379
  0.5990  6.04685766
  0.6000  5.31537390
  0.6010  4.58774247
  0.6020  3.86825620
  0.6030  3.16458300
  0.6040  2.49222249
  0.6050  1.88689660
  0.6060  1.43749540
  0.6070  1.31545223
  0.6080  1.59708736
  0.6090  2.12662828
  0.6100  2.76377796
  0.6110  3.44791567
  0.6120  4.15432816
  0.6130  4.87172371
  0.6140  5.59424162
  0.6150  6.31847603
  0.6160  7.04224521
  0.6170  7.76403000
  0.6180  8.48269509
  0.6190  9.19734092
  0.6200  9.90722017
  0.6210  10.61168852
  0.6220  11.31017426
  0.6230  12.00215896
  0.6240  12.68716482
  0.6250  13.36474609
  0.6260  14.03448320
  0.6270  14.69597867
  0.6280  15.34885415
  0.6290  15.99274826
  0.6300  16.62731512
  0.6310  17.25222311
  0.6320  17.86715406
  0.6330  18.47180260
  0.6340  19.06587567
  0.6350  19.64909212
  0.6360  20.22118248
  0.6370  20.78188867
  0.6380  21.33096391
  0.6390  21.86817251
  0.6400  22.39328984
  0.6410  22.90610219
  0.6420  23.40640673
  0.6430  23.89401147
  0.6440  24.36873517
  0.6450  24.83040735
  0.6460  25.27886821
  0.6470  25.71396864
  0.6480  26.13557014
  0.6490  26.54354480
  0.6500  26.93777530
  0.6510  27.31815480
  0.6520  27.68458697
  0.6530  28.03698589
  0.6540  28.37527605
  0.6550  28.69939227
  0.6560  29.00927962
  0.6570  29.30489342
  0.6580  29.58619914
  0.6590  29.85317232
  0.6600  30.10579851
  0.6610  30.34407321
  0.6620  30.56800174
  0.6630  30.77759920
  0.6640  30.97289035
  0.6650  31.15390951
  0.6660  31.32070046
  0.6670  31.47331635
  0.6680  31.61181956
  0.6690  31.73628160
  0.6700  31.84678298
  0.6710  31.94341308
  0.6720  32.02627003
  0.6730  32.09546055
  0.6740  32.15109985
  0.6750  32.19331143
  0.6760  32.22222698
  0.6770  32.23798618
  0.6780  32.24073658
  0.6790  32.23063342
  0.6800  32.20783946
  0.6810  32.17252482
  0.6820  32.12486678
  0.6830  32.06504963
  0.6840  31.99326448
  0.6850  31.90970906
  0.6860  31.81458754
  0.6870  31.70811035
  0.6880  31.59049396
  0.6890  31.46196069
  0.6900  31.32273851
  0.6910  31.17306084
  0.6920  31.01316634
  0.6930  30.84329867
  0.6940  30.66370635
  0.6950  30.47464246
  0.6960  30.27636447
  0.6970  30.06913404
  0.6980  29.85321673
  0.6990  29.62888187
  0.7000  29.39640225
  0.7010  29.15605395
  0.7020  28.90811610
  0.7030  28.65287065
  0.7040  28.39060215
  0.7050  28.12159751
  0.7060  27.84614578
  0.7070  27.56453792
  0.7080  27.27706660
  0.7090  26.98402592
  0.7100  26.68571122
  0.7110  26.38241884
  0.7120  26.07444590
  0.7130  25.76209009
  0.7140  25.44564942
  0.7150  25.12542201
  0.7160  24.80170587
  0.7170  24.47479869
  0.7180  24.14499762
  0.7190  23.81259905
  0.7200  23.47789841
  0.7210  23.14118995
  0.7220  22.80276656
  0.7230  22.46291953
  0.7240  22.12193837
  0.7250  21.78011065
  0.7260  21.43772175
  0.7270  21.09505471
  0.7280  20.75239003
  0.7290  20.41000551
  0.7300  20.06817606
  0.7310  19.72717354
  0.7320  19.38726659
  0.7330  19.04872047
  0.7340  18.71179693
  0.7350  18.37675401
  0.7360  18.04384596
  0.7370  17.71332305
  0.7380  17.38543148
  0.7390  17.06041321
  0.7400  16.73850589
  0.7410  16.41994270
  0.7420  16.10495229
  0.7430  15.79375861
  0.7440  15.48658091
  0.7450  15.18363355
  0.7460  14.88512599
  0.7470  14.59126267
  0.7480  14.30224294
  0.7490  14.01826104
  0.7500  13.73950595
  0.7510  13.46616141
  0.7520  13.19840582
  0.7530  12.93641220
  0.7540  12.68034813
  0.7550  12.43037573
  0.7560  12.18665158
  0.7570  11.94932669
  0.7580  11.71854646
  0.7590  11.49445059
  0.7600  11.27717308
  0.7610  11.06684216
  0.7620  10.86358020
  0.7630  10.66750368
  0.7640  10.47872311
  0.7650  10.29734294
  0.7660  10.12346149
  0.7670  9.95717084
  0.7680  9.79855676
  0.7690  9.64769856
  0.7700  9.50466904
  0.7710  9.36953430
  0.7720  9.24235370
  0.7730  9.12317967
  0.7740  9.01205763
  0.7750  8.90902587
  0.7760  8.81411546
  0.7770  8.72735011
  0.7780  8.64874614
  0.7790  8.57831242
  0.7800  8.51605028
  0.7810  8.46195355
  0.7820  8.41600856
  0.7830  8.37819418
  0.7840  8.34848188
  0.7850  8.32683589
  0.7860  8.31321326
  0.7870  8.30756410
  0.7880  8.30983173
  0.7890  8.31995294
  0.7900  8.33785819
  0.7910  8.36347190
  0.7920  8.39671274
  0.7930  8.43749386
  0.7940  8.48572322
  0.7950  8.54130388
  0.7960  8.60413426
  0.7970  8.67410842
  0.7980  8.75111635
  0.7990  8.83504420
  0.8000  8.92577451
  0.8010  9.02318645
  0.8020  9.12715601
  0.8030  9.23755617
  0.8040  9.35425710
  0.8050  9.47712630
  0.8060  9.60602869
  0.8070  9.74082681
  0.8080  9.88138084
  0.8090  10.02754876
  0.8100  10.17918642
  0.8110  10.33614757
  0.8120  10.49828402
  0.8130  10.66544561
  0.8140  10.83748033
  0.8150  11.01423438
  0.8160  11.19555218
  0.8170  11.38127647
  0.8180  11.57124836
  0.8190  11.76530738
  0.8200  11.96329153
  0.8210  12.16503736
  0.8220  12.37038001
  0.8230  12.57915332
  0.8240  12.79118984
  0.8250  13.00632094
  0.8260  13.22437688
  0.8270  13.44518687
  0.8280  13.66857916
  0.8290  13.89438111
  0.8300  14.12241932
  0.8310  14.35251962
  0.8320  14.58450727
  0.8330  14.81820695
  0.8340  15.05344293
  0.8350  15.29003910
  0.8360  15.52781910
  0.8370  15.76660640
  0.8380  16.00622440
  0.8390  16.24649653
  0.8400  16.48724631
  0.8410  16.72829752
  0.8420  16.96947420
  0.8430  17.21060084
  0.8440  17.45150240
  0.8450  17.69200446
  0.8460  17.93193328
  0.8470  18.17111593
  0.8480  18.40938033
  0.8490  18.64655540
  0.8500  18.88247113
  0.8510  19.11695868
  0.8520  19.34985045
  0.8530  19.58098019
  0.8540  19.81018308
  0.8550  20.03729585
  0.8560  20.26215683
  0.8570  20.48460603
  0.8580  20.70448529
  0.8590  20.92163828
  0.8600  21.13591065
  0.8610  21.34715008
  0.8620  21.55520637
  0.8630  21.75993154
  0.8640  21.96117986
  0.8650  22.15880799
  0.8660  22.35267499
  0.8670  22.54264246
  0.8680  22.72857459
  0.8690  22.91033822
  0.8700  23.08780291
  0.8710  23.26084105
  0.8720  23.42932788
  0.8730  23.59314162
  0.8740  23.75216346
  0.8750  23.90627770
  0.8760  24.05537177
  0.8770  24.19933630
  0.8780  24.33806521
  0.8790  24.47145574
  0.8800  24.59940854
  0.8810  24.72182768
  0.8820  24.83862078
  0.8830  24.94969900
  0.8840  25.05497715
  0.8850  25.15437370
  0.8860  25.24781084
  0.8870  25.33521459
  0.8880  25.41651475
  0.8890  25.49164504
  0.8900  25.56054310
  0.8910  25.62315054
  0.8920  25.67941300
  0.8930  25.72928018
  0.8940  25.77270589
  0.8950  25.80964809
  0.8960  25.84006890
  0.8970  25.86393470
  0.8980  25.88121609
  0.8990  25.89188797
  0.9000  25.89592957
  0.9010  25.89332444
  0.9020  25.88406052
  0.9030  25.86813015
  0.9040  25.84553008
  0.9050  25.81626151
  0.9060  25.78033007
  0.9070  25.73774588
  0.9080  25.68852355
  0.9090  25.63268217
  0.9100  25.57024532
  0.9110  25.50124108
  0.9120  25.42570207
  0.9130  25.34366535
  0.9140  25.25517252
  0.9150  25.16026966
  0.9160  25.05900729
  0.9170  24.95144042
  0.9180  24.83762849
  0.9190  24.71763536
  0.9200  24.59152926
  0.9210  24.45938280
  0.9220  24.32127292
  0.9230  24.17728081
  0.9240  24.02749196
  0.9250  23.87199603
  0.9260  23.71088683
  0.9270  23.54426229
  0.9280  23.37222435
  0.9290  23.19487897
  0.9300  23.01233598
  0.9310  22.82470910
  0.9320  22.63211578
  0.9330  22.43467718
  0.9340  22.23251807
  0.9350  22.02576675
  0.9360  21.81455493
  0.9370  21.59901769
  0.9380  21.37929332
  0.9390  21.15552327
  0.9400  20.92785200
  0.9410  20.69642691
  0.9420  20.46139820
  0.9430  20.22291875
  0.9440  19.98114401
  0.9450  19.73623189
  0.9460  19.48834258
  0.9470  19.23763849
  0.9480  18.98428404
  0.9490  18.72844559
  0.9500  18.47029126
  0.9510  18.20999078
  0.9520  17.94771538
  0.9530  17.68363760
  0.9540  17.41793118
  0.9550  17.15077088
  0.9560  16.88233233
  0.9570  16.61279186
  0.9580  16.34232638
  0.9590  16.07111317
  0.9600  15.79932978
  0.9610  15.52715379
  0.9620  15.25476271
  0.9630  14.98233381
  0.9640  14.71004389
  0.9650  14.43806922
  0.9660  14.16658526
  0.9670  13.89576659
  0.9680  13.62578669
  0.9690  13.35681778
  0.9700  13.08903067
  0.9710  12.82259457
  0.9720  12.55767694
  0.9730  12.29444333
  0.9740  12.03305720
  0.9750  11.77367975
  0.9760  11.51646977
  0.9770  11.26158347
  0.9780  11.00917432
  0.9790  10.75939289
  0.9800  10.51238664
  0.9810  10.26829985
  0.9820  10.02727336
  0.9830  9.78944448
  0.9840  9.55494680
  0.9850  9.32391001
  0.9860  9.09645977
  0.9870  8.87271756
  0.9880  8.65280048
  0.9890  8.43682112
  0.9900  8.22488741
  0.9910  8.01710246
  0.9920  7.81356439
  0.9930  7.61436622
  0.9940  7.41959570
  0.9950  7.22933522
  0.9960  7.04366160
  0.9970  6.86264607
  0.9980  6.68635408
  0.9990  6.51484530
