  0.0000  76.72137940
  0.0010  76.68381295
  0.0020  76.57113168
  0.0030  76.38338983
  0.0040  76.12067779
  0.0050  75.78312203
  0.0060  75.37088505
  0.0070  74.88416530
  0.0080  74.32319708
  0.0090  73.68825043
  0.0100  72.97963097
  0.0110  72.19767981
  0.0120  71.34277331
  0.0130  70.41532295
  0.0140  69.41577510
  0.0150  68.34461080
  0.0160  67.20234555
  0.0170  65.98952902
  0.0180  64.70674480
  0.0190  63.35461010
  0.0200  61.93377549
  0.0210  60.44492450
  0.0220  58.88877337
  0.0230  57.26607063
  0.0240  55.57759678
  0.0250  53.82416387
  0.0260  52.00661513
  0.0270  50.12582453
  0.0280  48.18269639
  0.0290  46.17816488
  0.0300  44.11319364
  0.0310  41.98877523
  0.0320  39.80593070
  0.0330  37.56570909
  0.0340  35.26918693
  0.0350  32.91746771
  0.0360  30.51168140
  0.0370  28.05298396
  0.0380  25.54255683
  0.0390  22.98160656
  0.0400  20.37136448
  0.0410  17.71308676
  0.0420  15.00805500
  0.0430  12.25757877
  0.0440  9.46300371
  0.0450  6.62574267
  0.0460  3.74745581
  0.0470  0.83406507
  0.0480  2.13379661
  0.0490  5.12713454
  0.0500  8.15751477
  0.0510  11.22250308
  0.0520  14.32048215
  0.0530  17.44992419
  0.0540  20.60931362
  0.0550  23.79713044
  0.0560  27.01184557
  0.0570  30.25191948
  0.0580  33.51580210
  0.0590  36.80193307
  0.0600  40.10874233
  0.0610  43.43465073
  0.0620  46.77807076
  0.0630  50.13740723
  0.0640  53.51105809
  0.0650  56.89741517
  0.0660  60.29486495
  0.0670  63.70178936
  0.0680  67.11656657
  0.0690  70.53757178
  0.0700  73.96317802
  0.0710  77.39175695
  0.0720  80.82167967
  0.0730  84.25131750
  0.0740  87.67904278
  0.0750  91.10322970
  0.0760  94.52225508
  0.0770  97.93449917
  0.0780  101.33834643
  0.0790  104.73218636
  0.0800  108.11441424
  0.0810  111.48343200
  0.0820  114.83764889
  0.0830  118.17548237
  0.0840  121.49535882
  0.0850  124.79571433
  0.0860  128.07499546
  0.0870  131.33166002
  0.0880  134.56417779
  0.0890  137.77103129
  0.0900  140.95071652
  0.0910  144.10174370
  0.0920  147.22263797
  0.0930  150.31194012
  0.0940  153.36820730
  0.0950  156.39001375
  0.0960  159.37595143
  0.0970  162.32463073
  0.0980  165.23468118
  0.0990  168.10475205
  0.1000  170.93351303
  0.1010  173.71965488
  0.1020  176.46189002
  0.1030  179.15895321
  0.1040  181.80960207
  0.1050  184.41261776
  0.1060  186.96680549
  0.1070  189.47099514
  0.1080  191.92404178
  0.1090  194.32482621
  0.1100  196.67225550
  0.1110  198.96526352
  0.1120  201.20281138
  0.1130  203.38388797
  0.1140  205.50751041
  0.1150  207.57272450
  0.1160  209.57860515
  0.1170  211.52425682
  0.1180  213.40881392
  0.1190  215.23144118
  0.1200  216.99133406
  0.1210  218.68771909
  0.1220  220.31985421
  0.1230  221.88702908
  0.1240  223.38856543
  0.1250  224.82381730
  0.1260  226.19217134
  0.1270  227.49304709
  0.1280  228.72589715
  0.1290  229.89020746
  0.1300  230.98549749
  0.1310  232.01132042
  0.1320  232.96726327
  0.1330  233.85294714
  0.1340  234.66802724
  0.1350  235.41219307
  0.1360  236.08516849
  0.1370  236.68671180
  0.1380  237.21661580
  0.1390  237.67470781
  0.1400  238.06084973
  0.1410  238.37493802
  0.1420  238.61690369
  0.1430  238.78671226
  0.1440  238.88436372
  0.1450  238.90989245
  0.1460  238.86336715
  0.1470  238.74489072
  0.1480  238.55460015
  0.1490  238.29266635
  0.1500  237.95929405
  0.1510  237.55472157
  0.1520  237.07922063
  0.1530  236.53309619
  0.1540  235.91668616
  0.1550  235.23036122
  0.1560  234.47452449
  0.1570  233.64961131
  0.1580  232.75608892
  0.1590  231.79445614
  0.1600  230.76524308
  0.1610  229.66901077
  0.1620  228.50635081
  0.1630  227.27788498
  0.1640  225.98426490
  0.1650  224.62617158
  0.1660  223.20431502
  0.1670  221.71943380
  0.1680  220.17229459
  0.1690  218.56369172
  0.1700  216.89444672
  0.1710  215.16540781
  0.1720  213.37744940
  0.1730  211.53147162
  0.1740  209.62839973
  0.1750  207.66918365
  0.1760  205.65479737
  0.1770  203.58623844
  0.1780  201.46452732
  0.1790  199.29070690
  0.1800  197.06584185
  0.1810  194.79101802
  0.1820  192.46734187
  0.1830  190.09593982
  0.1840  187.67795765
  0.1850  185.21455983
  0.1860  182.70692891
  0.1870  180.15626488
  0.1880  177.56378447
  0.1890  174.93072053
  0.1900  172.25832134
  0.1910  169.54784995
  0.1920  166.80058346
  0.1930  164.01781240
  0.1940  161.20083998
  0.1950  158.35098143
  0.1960  155.46956328
  0.1970  152.55792269
  0.1980  149.61740671
  0.1990  146.64937158
  0.2000  143.65518205
  0.2010  140.63621062
  0.2020  137.59383688
  0.2030  134.52944675
  0.2040  131.44443180
  0.2050  128.34018850
  0.2060  125.21811755
  0.2070  122.07962313
  0.2080  118.92611220
  0.2090  115.75899379
  0.2100  112.57967828
  0.2110  109.38957672
  0.2120  106.19010009
  0.2130  102.98265862
  0.2140  99.76866108
  0.2150  96.54951411
  0.2160  93.32662149
  0.2170  90.10138349
  0.2180  86.87519616
  0.2190  83.64945069
  0.2200  80.42553269
  0.2210  77.20482159
  0.2220  73.98868992
  0.2230  70.77850270
  0.2240  67.57561678
  0.2250  64.38138022
  0.2260  61.19713166
  0.2270  58.02419968
  0.2280  54.86390224
  0.2290  51.71754604
  0.2300  48.58642600
  0.2310  45.47182461
  0.2320  42.37501148
  0.2330  39.29724277
  0.2340  36.23976071
  0.2350  33.20379319
  0.2360  30.19055341
  0.2370  27.20123963
  0.2380  24.23703523
  0.2390  21.29910909
  0.2400  18.38861696
  0.2410  15.50670468
  0.2420  12.65451643
  0.2430  9.83321743
  0.2440  7.04407073
  0.2450  4.28880677
  0.2460  1.57379452
  0.2470  1.14544268
  0.2480  3.78540570
  0.2490  6.39884882
  0.2500  8.97578687
  0.2510  11.51442429
  0.2520  14.01363046
  0.2530  16.47243990
  0.2540  18.88995667
  0.2550  21.26532708
  0.2560  23.59772996
  0.2570  25.88637269
  0.2580  28.13048946
  0.2590  30.32934046
  0.2600  32.48221158
  0.2610  34.58841427
  0.2620  36.64728555
  0.2630  38.65818812
  0.2640  40.62051040
  0.2650  42.53366670
  0.2660  44.39709732
  0.2670  46.21026865
  0.2680  47.97267332
  0.2690  49.68383027
  0.2700  51.34328485
  0.2710  52.95060892
  0.2720  54.50540090
  0.2730  56.00728585
  0.2740  57.45591550
  0.2750  58.85096827
  0.2760  60.19214933
  0.2770  61.47919058
  0.2780  62.71185065
  0.2790  63.88991488
  0.2800  65.01319529
  0.2810  66.08153056
  0.2820  67.09478591
  0.2830  68.05285312
  0.2840  68.95565036
  0.2850  69.80312215
  0.2860  70.59523926
  0.2870  71.33199853
  0.2880  72.01342283
  0.2890  72.63956081
  0.2900  73.21048686
  0.2910  73.72630083
  0.2920  74.18712796
  0.2930  74.59311859
  0.2940  74.94444805
  0.2950  75.24131637
  0.2960  75.48394812
  0.2970  75.67259214
  0.2980  75.80752131
  0.2990  75.88903228
  0.3000  75.91744524
  0.3010  75.89310361
  0.3020  75.81637377
  0.3030  75.68764478
  0.3040  75.50732807
  0.3050  75.27585710
  0.3060  74.99368709
  0.3070  74.66129464
  0.3080  74.27917743
  0.3090  73.84785387
  0.3100  73.36786273
  0.3110  72.83976279
  0.3120  72.26413245
  0.3130  71.64156939
  0.3140  70.97269016
  0.3150  70.25812981
  0.3160  69.49854148
  0.3170  68.69459598
  0.3180  67.84698143
  0.3190  66.95640281
  0.3200  66.02358154
  0.3210  65.04925509
  0.3220  64.03417649
  0.3230  62.97911398
  0.3240  61.88485052
  0.3250  60.75218334
  0.3260  59.58192355
  0.3270  58.37489567
  0.3280  57.13193716
  0.3290  55.85389804
  0.3300  54.54164038
  0.3310  53.19603792
  0.3320  51.81797556
  0.3330  50.40834902
  0.3340  48.96806432
  0.3350  47.49803745
  0.3360  45.99919392
  0.3370  44.47246840
  0.3380  42.91880435
  0.3390  41.33915374
  0.3400  39.73447673
  0.3410  38.10574148
  0.3420  36.45392403
  0.3430  34.78000830
  0.3440  33.08498619
  0.3450  31.36985803
  0.3460  29.63563320
  0.3470  27.88333142
  0.3480  26.11398456
  0.3490  24.32863968
  0.3500  22.52836379
  0.3510  20.71425144
  0.3520  18.88743709
  0.3530  17.04911607
  0.3540  15.20058140
  0.3550  13.34329219
  0.3560  11.47900973
  0.3570  9.61009390
  0.3580  7.74023069
  0.3590  5.87654391
  0.3600  4.03747535
  0.3610  2.29742038
  0.3620  1.23058045
  0.3630  2.24602664
  0.3640  3.98610827
  0.3650  5.83547627
  0.3660  7.71532674
  0.3670  9.60652679
  0.3680  11.50180135
  0.3690  13.39744685
  0.3700  15.29113422
  0.3710  17.18115706
  0.3720  19.06612671
  0.3730  20.94483276
  0.3740  22.81617297
  0.3750  24.67911568
  0.3760  26.53267839
  0.3770  28.37591501
  0.3780  30.20790807
  0.3790  32.02776377
  0.3800  33.83460879
  0.3810  35.62758822
  0.3820  37.40586422
  0.3830  39.16861516
  0.3840  40.91503507
  0.3850  42.64433329
  0.3860  44.35573434
  0.3870  46.04847784
  0.3880  47.72181854
  0.3890  49.37502639
  0.3900  51.00738665
  0.3910  52.61820004
  0.3920  54.20678292
  0.3930  55.77246742
  0.3940  57.31460167
  0.3950  58.83254995
  0.3960  60.32569290
  0.3970  61.79342771
  0.3980  63.23516828
  0.3990  64.65034545
  0.4000  66.03840711
  0.4010  67.39881843
  0.4020  68.73106200
  0.4030  70.03463798
  0.4040  71.30906425
  0.4050  72.55387659
  0.4060  73.76862874
  0.4070  74.95289261
  0.4080  76.10625831
  0.4090  77.22833434
  0.4100  78.31874761
  0.4110  79.37714357
  0.4120  80.40318631
  0.4130  81.39655856
  0.4140  82.35696181
  0.4150  83.28411633
  0.4160  84.17776122
  0.4170  85.03765444
  0.4180  85.86357280
  0.4190  86.65531204
  0.4200  87.41268672
  0.4210  88.13553033
  0.4220  88.82369517
  0.4230  89.47705239
  0.4240  90.09549190
  0.4250  90.67892235
  0.4260  91.22727106
  0.4270  91.74048393
  0.4280  92.21852540
  0.4290  92.66137834
  0.4300  93.06904393
  0.4310  93.44154159
  0.4320  93.77890884
  0.4330  94.08120118
  0.4340  94.34849192
  0.4350  94.58087210
  0.4360  94.77845028
  0.4370  94.94135238
  0.4380  95.06972153
  0.4390  95.16371790
  0.4400  95.22351845
  0.4410  95.24931679
  0.4420  95.24132293
  0.4430  95.19976312
  0.4440  95.12487956
  0.4450  95.01693020
  0.4460  94.87618853
  0.4470  94.70294327
  0.4480  94.49749816
  0.4490  94.26017170
  0.4500  93.99129685
  0.4510  93.69122079
  0.4520  93.36030460
  0.4530  92.99892302
  0.4540  92.60746412
  0.4550  92.18632899
  0.4560  91.73593146
  0.4570  91.25669778
  0.4580  90.74906631
  0.4590  90.21348717
  0.4600  89.65042193
  0.4610  89.06034329
  0.4620  88.44373470
  0.4630  87.80109007
  0.4640  87.13291341
  0.4650  86.43971842
  0.4660  85.72202824
  0.4670  84.98037502
  0.4680  84.21529956
  0.4690  83.42735100
  0.4700  82.61708639
  0.4710  81.78507037
  0.4720  80.93187478
  0.4730  80.05807829
  0.4740  79.16426600
  0.4750  78.25102914
  0.4760  77.31896459
  0.4770  76.36867460
  0.4780  75.40076634
  0.4790  74.41585155
  0.4800  73.41454618
  0.4810  72.39746996
  0.4820  71.36524607
  0.4830  70.31850075
  0.4840  69.25786290
  0.4850  68.18396373
  0.4860  67.09743636
  0.4870  65.99891549
  0.4880  64.88903696
  0.4890  63.76843745
  0.4900  62.63775406
  0.4910  61.49762398
  0.4920  60.34868410
  0.4930  59.19157068
  0.4940  58.02691894
  0.4950  56.85536278
  0.4960  55.67753438
  0.4970  54.49406384
  0.4980  53.30557891
  0.4990  52.11270456
  0.5000  50.91606271
  0.5010  49.71627189
  0.5020  48.51394690
  0.5030  47.30969848
  0.5040  46.10413304
  0.5050  44.89785230
  0.5060  43.69145303
  0.5070  42.48552673
  0.5080  41.28065932
  0.5090  40.07743091
  0.5100  38.87641546
  0.5110  37.67818054
  0.5120  36.48328706
  0.5130  35.29228901
  0.5140  34.10573322
  0.5150  32.92415908
  0.5160  31.74809835
  0.5170  30.57807491
  0.5180  29.41460454
  0.5190  28.25819474
  0.5200  27.10934446
  0.5210  25.96854403
  0.5220  24.83627485
  0.5230  23.71300936
  0.5240  22.59921080
  0.5250  21.49533313
  0.5260  20.40182091
  0.5270  19.31910925
  0.5280  18.24762374
  0.5290  17.18778048
  0.5300  16.13998611
  0.5310  15.10463802
  0.5320  14.08212454
  0.5330  13.07282542
  0.5340  12.07711251
  0.5350  11.09535079
  0.5360  10.12790007
  0.5370  9.17511763
  0.5380  8.23736264
  0.5390  7.31500362
  0.5400  6.40843185
  0.5410  5.51808685
  0.5420  4.64450883
  0.5430  3.78845811
  0.5440  2.95122755
  0.5450  2.13564058
  0.5460  1.35042869
  0.5470  0.64473325
  0.5480  0.50526791
  0.5490  1.12309692
  0.5500  1.83123305
  0.5510  2.54007184
  0.5520  3.23705015
  0.5530  3.91863040
  0.5540  4.58338743
  0.5550  5.23060339
  0.5560  5.85985614
  0.5570  6.47086863
  0.5580  7.06344469
  0.5590  7.63743856
  0.5600  8.19273898
  0.5610  8.72926044
  0.5620  9.24693800
  0.5630  9.74572408
  0.5640  10.22558640
  0.5650  10.68650655
  0.5660  11.12847910
  0.5670  11.55151077
  0.5680  11.95561998
  0.5690  12.34083638
  0.5700  12.70720051
  0.5710  13.05476350
  0.5720  13.38358679
  0.5730  13.69374193
  0.5740  13.98531035
  0.5750  14.25838313
  0.5760  14.51306083
  0.5770  14.74945327
  0.5780  14.96767938
  0.5790  15.16786698
  0.5800  15.35015261
  0.5810  15.51468134
  0.5820  15.66160658
  0.5830  15.79108993
  0.5840  15.90330093
  0.5850  15.99841693
  0.5860  16.07662287
  0.5870  16.13811111
  0.5880  16.18308121
  0.5890  16.21173978
  0.5900  16.22430026
  0.5910  16.22098273
  0.5920  16.20201371
  0.5930  16.16762598
  0.5940  16.11805839
  0.5950  16.05355563
  0.5960  15.97436806
  0.5970  15.88075152
  0.5980  15.77296710
  0.5990  15.65128098
  0.6000  15.51596423
  0.6010  15.36729259
  0.6020  15.20554629
  0.6030  15.03100986
  0.6040  14.84397195
  0.6050  14.64472512
  0.6060  14.43356567
  0.6070  14.21079344
  0.6080  13.97671165
  0.6090  13.73162671
  0.6100  13.47584806
  0.6110  13.20968800
  0.6120  12.93346153
  0.6130  12.64748622
  0.6140  12.35208203
  0.6150  12.04757125
  0.6160  11.73427832
  0.6170  11.41252979
  0.6180  11.08265423
  0.6190  10.74498221
  0.6200  10.39984628
  0.6210  10.04758102
  0.6220  9.68852316
  0.6230  9.32301176
  0.6240  8.95138850
  0.6250  8.57399811
  0.6260  8.19118899
  0.6270  7.80331407
  0.6280  7.41073205
  0.6290  7.01380915
  0.6300  6.61292150
  0.6310  6.20845873
  0.6320  5.80082903
  0.6330  5.39046674
  0.6340  4.97784383
  0.6350  4.56348771
  0.6360  4.14800988
  0.6370  3.73215368
  0.6380  3.31687743
  0.6390  2.90350714
  0.6400  2.49403497
  0.6410  2.09174721
  0.6420  1.70266302
  0.6430  1.33912730
  0.6440  1.02911197
  0.6450  0.83459120
  0.6460  0.83948287
  0.6470  1.04005579
  0.6480  1.35078272
  0.6490  1.71160883
  0.6500  2.09569871
  0.6510  2.49119125
  0.6520  2.89229314
  0.6530  3.29584729
  0.6540  3.69995391
  0.6550  4.10336608
  0.6560  4.50520137
  0.6570  4.90479375
  0.6580  5.30161274
  0.6590  5.69521681
  0.6600  6.08522539
  0.6610  6.47130132
  0.6620  6.85313956
  0.6630  7.23045970
  0.6640  7.60300085
  0.6650  7.97051807
  0.6660  8.33277990
  0.6670  8.68956652
  0.6680  9.04066846
  0.6690  9.38588560
  0.6700  9.72502650
  0.6710  10.05790779
  0.6720  10.38435379
  0.6730  10.70419621
  0.6740  11.01727386
  0.6750  11.32343252
  0.6760  11.62252473
  0.6770  11.91440975
  0.6780  12.19895339
  0.6790  12.47602801
  0.6800  12.74551244
  0.6810  13.00729189
  0.6820  13.26125800
  0.6830  13.50730874
  0.6840  13.74534841
  0.6850  13.97528760
  0.6860  14.19704320
  0.6870  14.41053834
  0.6880  14.61570242
  0.6890  14.81247104
  0.6900  15.00078599
  0.6910  15.18059525
  0.6920  15.35185295
  0.6930  15.51451935
  0.6940  15.66856082
  0.6950  15.81394978
  0.6960  15.95066470
  0.6970  16.07869005
  0.6980  16.19801629
  0.6990  16.30863978
  0.7000  16.41056280
  0.7010  16.50379343
  0.7020  16.58834558
  0.7030  16.66423891
  0.7040  16.73149873
  0.7050  16.79015603
  0.7060  16.84024736
  0.7070  16.88181477
  0.7080  16.91490579
  0.7090  16.93957330
  0.7100  16.95587551
  0.7110  16.96387586
  0.7120  16.96364296
  0.7130  16.95525049
  0.7140  16.93877714
  0.7150  16.91430650
  0.7160  16.88192699
  0.7170  16.84173178
  0.7180  16.79381867
  0.7190  16.73829001
  0.7200  16.67525259
  0.7210  16.60481756
  0.7220  16.52710031
  0.7230  16.44222037
  0.7240  16.35030129
  0.7250  16.25147056
  0.7260  16.14585946
  0.7270  16.03360297
  0.7280  15.91483966
  0.7290  15.78971152
  0.7300  15.65836392
  0.7310  15.52094542
  0.7320  15.37760768
  0.7330  15.22850534
  0.7340  15.07379584
  0.7350  14.91363937
  0.7360  14.74819869
  0.7370  14.57763899
  0.7380  14.40212781
  0.7390  14.22183486
  0.7400  14.03693190
  0.7410  13.84759260
  0.7420  13.65399242
  0.7430  13.45630848
  0.7440  13.25471938
  0.7450  13.04940512
  0.7460  12.84054692
  0.7470  12.62832710
  0.7480  12.41292895
  0.7490  12.19453657
  0.7500  11.97333478
  0.7510  11.74950892
  0.7520  11.52324478
  0.7530  11.29472839
  0.7540  11.06414597
  0.7550  10.83168375
  0.7560  10.59752782
  0.7570  10.36186404
  0.7580  10.12487789
  0.7590  9.88675435
  0.7600  9.64767777
  0.7610  9.40783173
  0.7620  9.16739893
  0.7630  8.92656109
  0.7640  8.68549879
  0.7650  8.44439138
  0.7660  8.20341686
  0.7670  7.96275177
  0.7680  7.72257106
  0.7690  7.48304802
  0.7700  7.24435416
  0.7710  7.00665910
  0.7720  6.77013051
  0.7730  6.53493395
  0.7740  6.30123288
  0.7750  6.06918849
  0.7760  5.83895969
  0.7770  5.61070300
  0.7780  5.38457249
  0.7790  5.16071978
  0.7800  4.93929391
  0.7810  4.72044139
  0.7820  4.50430612
  0.7830  4.29102945
  0.7840  4.08075015
  0.7850  3.87360445
  0.7860  3.66972618
  0.7870  3.46924680
  0.7880  3.27229567
  0.7890  3.07900018
  0.7900  2.88948617
  0.7910  2.70387833
  0.7920  2.52230085
  0.7930  2.34487828
  0.7940  2.17173669
  0.7950  2.00300538
  0.7960  1.83881925
  0.7970  1.67932227
  0.7980  1.52467253
  0.7990  1.37505001
  0.8000  1.23066847
  0.8010  1.09179452
  0.8020  0.95877900
  0.8030  0.83211046
  0.8040  0.71250976
  0.8050  0.60110245
  0.8060  0.49973760
  0.8070  0.41155418
  0.8080  0.34178347
  0.8090  0.29790383
  0.8100  0.28633376
  0.8110  0.30576005
  0.8120  0.34691138
  0.8130  0.39975631
  0.8140  0.45745006
  0.8150  0.51601696
  0.8160  0.57321016
  0.8170  0.62773119
  0.8180  0.67880385
  0.8190  0.72595045
  0.8200  0.76887244
  0.8210  0.80738468
  0.8220  0.84137794
  0.8230  0.87079713
  0.8240  0.89562833
  0.8250  0.91589133
  0.8260  0.93163565
  0.8270  0.94293889
  0.8280  0.94990708
  0.8290  0.95267645
  0.8300  0.95141687
  0.8310  0.94633678
  0.8320  0.93769004
  0.8330  0.92578478
  0.8340  0.91099471
  0.8350  0.89377323
  0.8360  0.87467041
  0.8370  0.85435274
  0.8380  0.83362447
  0.8390  0.81344798
  0.8400  0.79495810
  0.8410  0.77946207
  0.8420  0.76841407
  0.8430  0.76335260
  0.8440  0.76579562
  0.8450  0.77710295
  0.8460  0.79833532
  0.8470  0.83015142
  0.8480  0.87277590
  0.8490  0.92604375
  0.8500  0.98949724
  0.8510  1.06249938
  0.8520  1.14433408
  0.8530  1.23427902
  0.8540  1.33165013
  0.8550  1.43582359
  0.8560  1.54624287
  0.8570  1.66241692
  0.8580  1.78391414
  0.8590  1.91035463
  0.8600  2.04140236
  0.8610  2.17675800
  0.8620  2.31615256
  0.8630  2.45934206
  0.8640  2.60610309
  0.8650  2.75622912
  0.8660  2.90952752
  0.8670  3.06581711
  0.8680  3.22492617
  0.8690  3.38669084
  0.8700  3.55095379
  0.8710  3.71756317
  0.8720  3.88637174
  0.8730  4.05723611
  0.8740  4.23001625
  0.8750  4.40457495
  0.8760  4.58077746
  0.8770  4.75849117
  0.8780  4.93758537
  0.8790  5.11793104
  0.8800  5.29940068
  0.8810  5.48186817
  0.8820  5.66520871
  0.8830  5.84929868
  0.8840  6.03401563
  0.8850  6.21923819
  0.8860  6.40484611
  0.8870  6.59072014
  0.8880  6.77674214
  0.8890  6.96279498
  0.8900  7.14876259
  0.8910  7.33452998
  0.8920  7.51998325
  0.8930  7.70500958
  0.8940  7.88949731
  0.8950  8.07333592
  0.8960  8.25641610
  0.8970  8.43862974
  0.8980  8.61986999
  0.8990  8.80003131
  0.9000  8.97900946
  0.9010  9.15670157
  0.9020  9.33300616
  0.9030  9.50782321
  0.9040  9.68105413
  0.9050  9.85260187
  0.9060  10.02237091
  0.9070  10.19026731
  0.9080  10.35619875
  0.9090  10.52007455
  0.9100  10.68180572
  0.9110  10.84130497
  0.9120  10.99848679
  0.9130  11.15326742
  0.9140  11.30556492
  0.9150  11.45529919
  0.9160  11.60239199
  0.9170  11.74676698
  0.9180  11.88834974
  0.9190  12.02706779
  0.9200  12.16285062
  0.9210  12.29562971
  0.9220  12.42533854
  0.9230  12.55191264
  0.9240  12.67528957
  0.9250  12.79540896
  0.9260  12.91221253
  0.9270  13.02564408
  0.9280  13.13564953
  0.9290  13.24217692
  0.9300  13.34517641
  0.9310  13.44460030
  0.9320  13.54040305
  0.9330  13.63254128
  0.9340  13.72097374
  0.9350  13.80566137
  0.9360  13.88656727
  0.9370  13.96365670
  0.9380  14.03689712
  0.9390  14.10625812
  0.9400  14.17171149
  0.9410  14.23323117
  0.9420  14.29079328
  0.9430  14.34437607
  0.9440  14.39395997
  0.9450  14.43952755
  0.9460  14.48106352
  0.9470  14.51855471
  0.9480  14.55199010
  0.9490  14.58136076
  0.9500  14.60665987
  0.9510  14.62788271
  0.9520  14.64502664
  0.9530  14.65809108
  0.9540  14.66707752
  0.9550  14.67198948
  0.9560  14.67283251
  0.9570  14.66961417
  0.9580  14.66234404
  0.9590  14.65103365
  0.9600  14.63569653
  0.9610  14.61634813
  0.9620  14.59300586
  0.9630  14.56568903
  0.9640  14.53441884
  0.9650  14.49921840
  0.9660  14.46011264
  0.9670  14.41712838
  0.9680  14.37029422
  0.9690  14.31964059
  0.9700  14.26519970
  0.9710  14.20700551
  0.9720  14.14509374
  0.9730  14.07950182
  0.9740  14.01026890
  0.9750  13.93743579
  0.9760  13.86104497
  0.9770  13.78114054
  0.9780  13.69776823
  0.9790  13.61097536
  0.9800  13.52081081
  0.9810  13.42732500
  0.9820  13.33056988
  0.9830  13.23059889
  0.9840  13.12746693
  0.9850  13.02123036
  0.9860  12.91194694
  0.9870  12.79967584
  0.9880  12.68447758
  0.9890  12.56641402
  0.9900  12.44554834
  0.9910  12.32194498
  0.9920  12.19566964
  0.9930  12.06678924
  0.9940  11.93537189
  0.9950  11.80148685
  0.9960  11.66520451
  0.9970  11.52659636
  0.9980  11.38573493
  0.9990  11.24269379
