  0.0000  102.99719980
  0.0010  102.95989419
  0.0020  102.84799438
  0.0030  102.66155144
  0.0040  102.40065048
  0.0050  102.06541056
  0.0060  101.65598470
  0.0070  101.17255974
  0.0080  100.61535630
  0.0090  99.98462867
  0.0100  99.28066466
  0.0110  98.50378547
  0.0120  97.65434558
  0.0130  96.73273251
  0.0140  95.73936671
  0.0150  94.67470128
  0.0160  93.53922184
  0.0170  92.33344620
  0.0180  91.05792422
  0.0190  89.71323744
  0.0200  88.29999888
  0.0210  86.81885271
  0.0220  85.27047395
  0.0230  83.65556813
  0.0240  81.97487099
  0.0250  80.22914809
  0.0260  78.41919447
  0.0270  76.54583423
  0.0280  74.60992021
  0.0290  72.61233353
  0.0300  70.55398319
  0.0310  68.43580566
  0.0320  66.25876447
  0.0330  64.02384970
  0.0340  61.73207765
  0.0350  59.38449034
  0.0360  56.98215508
  0.0370  54.52616412
  0.0380  52.01763423
  0.0390  49.45770636
  0.0400  46.84754543
  0.0410  44.18834013
  0.0420  41.48130300
  0.0430  38.72767071
  0.0440  35.92870484
  0.0450  33.08569344
  0.0460  30.19995377
  0.0470  27.27283760
  0.0480  24.30574078
  0.0490  21.30012206
  0.0500  18.25754200
  0.0510  15.17975153
  0.0520  12.06892170
  0.0530  8.92836860
  0.0540  5.76569817
  0.0550  2.61908879
  0.0560  1.07342078
  0.0570  4.08368058
  0.0580  7.34536413
  0.0590  10.65240527
  0.0600  13.98881048
  0.0610  17.34962394
  0.0620  20.73210290
  0.0630  24.13418631
  0.0640  27.55407765
  0.0650  30.99009900
  0.0660  34.44063091
  0.0670  37.90408492
  0.0680  41.37888976
  0.0690  44.86348420
  0.0700  48.35631325
  0.0710  51.85582606
  0.0720  55.36047497
  0.0730  58.86871504
  0.0740  62.37900402
  0.0750  65.88980257
  0.0760  69.39957459
  0.0770  72.90678767
  0.0780  76.40991364
  0.0790  79.90742907
  0.0800  83.39781594
  0.0810  86.87956222
  0.0820  90.35116251
  0.0830  93.81111870
  0.0840  97.25794058
  0.0850  100.69014656
  0.0860  104.10626425
  0.0870  107.50483118
  0.0880  110.88439541
  0.0890  114.24351618
  0.0900  117.58076460
  0.0910  120.89472422
  0.0920  124.18399176
  0.0930  127.44717765
  0.0940  130.68290671
  0.0950  133.88981875
  0.0960  137.06656922
  0.0970  140.21182976
  0.0980  143.32428884
  0.0990  146.40265234
  0.1000  149.44564414
  0.1010  152.45200670
  0.1020  155.42050162
  0.1030  158.34991020
  0.1040  161.23903401
  0.1050  164.08669542
  0.1060  166.89173812
  0.1070  169.65302768
  0.1080  172.36945202
  0.1090  175.03992197
  0.1100  177.66337171
  0.1110  180.23875927
  0.1120  182.76506703
  0.1130  185.24130214
  0.1140  187.66649699
  0.1150  190.03970966
  0.1160  192.36002430
  0.1170  194.62655160
  0.1180  196.83842914
  0.1190  198.99482180
  0.1200  201.09492213
  0.1210  203.13795068
  0.1220  205.12315641
  0.1230  207.04981693
  0.1240  208.91723888
  0.1250  210.72475820
  0.1260  212.47174042
  0.1270  214.15758091
  0.1280  215.78170517
  0.1290  217.34356900
  0.1300  218.84265876
  0.1310  220.27849158
  0.1320  221.65061549
  0.1330  222.95860963
  0.1340  224.20208437
  0.1350  225.38068145
  0.1360  226.49407408
  0.1370  227.54196705
  0.1380  228.52409678
  0.1390  229.44023136
  0.1400  230.29017064
  0.1410  231.07374620
  0.1420  231.79082136
  0.1430  232.44129115
  0.1440  233.02508231
  0.1450  233.54215316
  0.1460  233.99249362
  0.1470  234.37612502
  0.1480  234.69310004
  0.1490  234.94350258
  0.1500  235.12744760
  0.1510  235.24508094
  0.1520  235.29657917
  0.1530  235.28214938
  0.1540  235.20202894
  0.1550  235.05648529
  0.1560  234.84581571
  0.1570  234.57034702
  0.1580  234.23043533
  0.1590  233.82646573
  0.1600  233.35885200
  0.1610  232.82803629
  0.1620  232.23448877
  0.1630  231.57870732
  0.1640  230.86121712
  0.1650  230.08257036
  0.1660  229.24334577
  0.1670  228.34414832
  0.1680  227.38560875
  0.1690  226.36838321
  0.1700  225.29315282
  0.1710  224.16062326
  0.1720  222.97152432
  0.1730  221.72660947
  0.1740  220.42665543
  0.1750  219.07246167
  0.1760  217.66485001
  0.1770  216.20466411
  0.1780  214.69276904
  0.1790  213.13005075
  0.1800  211.51741567
  0.1810  209.85579015
  0.1820  208.14612002
  0.1830  206.38937010
  0.1840  204.58652368
  0.1850  202.73858205
  0.1860  200.84656400
  0.1870  198.91150529
  0.1880  196.93445820
  0.1890  194.91649097
  0.1900  192.85868734
  0.1910  190.76214599
  0.1920  188.62798006
  0.1930  186.45731666
  0.1940  184.25129629
  0.1950  182.01107237
  0.1960  179.73781069
  0.1970  177.43268893
  0.1980  175.09689607
  0.1990  172.73163193
  0.2000  170.33810656
  0.2010  167.91753980
  0.2020  165.47116066
  0.2030  163.00020682
  0.2040  160.50592407
  0.2050  157.98956578
  0.2060  155.45239233
  0.2070  152.89567057
  0.2080  150.32067323
  0.2090  147.72867840
  0.2100  145.12096892
  0.2110  142.49883182
  0.2120  139.86355776
  0.2130  137.21644042
  0.2140  134.55877591
  0.2150  131.89186221
  0.2160  129.21699853
  0.2170  126.53548473
  0.2180  123.84862071
  0.2190  121.15770579
  0.2200  118.46403808
  0.2210  115.76891387
  0.2220  113.07362702
  0.2230  110.37946826
  0.2240  107.68772464
  0.2250  104.99967883
  0.2260  102.31660848
  0.2270  99.63978559
  0.2280  96.97047585
  0.2290  94.30993798
  0.2300  91.65942308
  0.2310  89.02017398
  0.2320  86.39342457
  0.2330  83.78039915
  0.2340  81.18231174
  0.2350  78.60036548
  0.2360  76.03575194
  0.2370  73.48965047
  0.2380  70.96322756
  0.2390  68.45763618
  0.2400  65.97401516
  0.2410  63.51348856
  0.2420  61.07716503
  0.2430  58.66613720
  0.2440  56.28148110
  0.2450  53.92425553
  0.2460  51.59550150
  0.2470  49.29624168
  0.2480  47.02747982
  0.2490  44.79020029
  0.2500  42.58536749
  0.2510  40.41392546
  0.2520  38.27679740
  0.2530  36.17488528
  0.2540  34.10906949
  0.2550  32.08020857
  0.2560  30.08913897
  0.2570  28.13667496
  0.2580  26.22360868
  0.2590  24.35071033
  0.2600  22.51872871
  0.2610  20.72839202
  0.2620  18.98040943
  0.2630  17.27547336
  0.2640  15.61426336
  0.2650  13.99745235
  0.2660  12.42571705
  0.2670  10.89975623
  0.2680  9.42032387
  0.2690  7.98829403
  0.2700  6.60479802
  0.2710  5.27154934
  0.2720  3.99173904
  0.2730  2.77312188
  0.2740  1.64326730
  0.2750  0.78567069
  0.2760  1.05126127
  0.2770  1.95954345
  0.2780  2.91710067
  0.2790  3.84905796
  0.2800  4.74042160
  0.2810  5.58630676
  0.2820  6.38462642
  0.2830  7.13432644
  0.2840  7.83481587
  0.2850  8.48574477
  0.2860  9.08690521
  0.2870  9.63818256
  0.2880  10.13952947
  0.2890  10.59095108
  0.2900  10.99249620
  0.2910  11.34425165
  0.2920  11.64633859
  0.2930  11.89890997
  0.2940  12.10214868
  0.2950  12.25626620
  0.2960  12.36150153
  0.2970  12.41812031
  0.2980  12.42641411
  0.2990  12.38669981
  0.3000  12.29931903
  0.3010  12.16463768
  0.3020  11.98304544
  0.3030  11.75495543
  0.3040  11.48080382
  0.3050  11.16104953
  0.3060  10.79617396
  0.3070  10.38668090
  0.3080  9.93309647
  0.3090  9.43596936
  0.3100  8.89587137
  0.3110  8.31339855
  0.3120  7.68917329
  0.3130  7.02384835
  0.3140  6.31811446
  0.3150  5.57271559
  0.3160  4.78848195
  0.3170  3.96640950
  0.3180  3.10788393
  0.3190  2.21548249
  0.3200  1.29734932
  0.3210  0.43385601
  0.3220  0.79412804
  0.3230  1.79401414
  0.3240  2.85665151
  0.3250  3.95791607
  0.3260  5.09314739
  0.3270  6.26034143
  0.3280  7.45817724
  0.3290  8.68556873
  0.3300  9.94152413
  0.3310  11.22509220
  0.3320  12.53533874
  0.3330  13.87133536
  0.3340  15.23215369
  0.3350  16.61686240
  0.3360  18.02452554
  0.3370  19.45420173
  0.3380  20.90494378
  0.3390  22.37579858
  0.3400  23.86580726
  0.3410  25.37400528
  0.3420  26.89942280
  0.3430  28.44108497
  0.3440  29.99801229
  0.3450  31.56922102
  0.3460  33.15372361
  0.3470  34.75052909
  0.3480  36.35864354
  0.3490  37.97707056
  0.3500  39.60481168
  0.3510  41.24086690
  0.3520  42.88423508
  0.3530  44.53391449
  0.3540  46.18890327
  0.3550  47.84819989
  0.3560  49.51080368
  0.3570  51.17571529
  0.3580  52.84193721
  0.3590  54.50847425
  0.3600  56.17433405
  0.3610  57.83852755
  0.3620  59.50006952
  0.3630  61.15797907
  0.3640  62.81128008
  0.3650  64.45900177
  0.3660  66.10017918
  0.3670  67.73385364
  0.3680  69.35907326
  0.3690  70.97489347
  0.3700  72.58037745
  0.3710  74.17459665
  0.3720  75.75663124
  0.3730  77.32557062
  0.3740  78.88051387
  0.3750  80.42057020
  0.3760  81.94485945
  0.3770  83.45251251
  0.3780  84.94267179
  0.3790  86.41449164
  0.3800  87.86713880
  0.3810  89.29979283
  0.3820  90.71164651
  0.3830  92.10190625
  0.3840  93.46979253
  0.3850  94.81454025
  0.3860  96.13539913
  0.3870  97.43163408
  0.3880  98.70252558
  0.3890  99.94737002
  0.3900  101.16548005
  0.3910  102.35618492
  0.3920  103.51883079
  0.3930  104.65278107
  0.3940  105.75741670
  0.3950  106.83213645
  0.3960  107.87635719
  0.3970  108.88951419
  0.3980  109.87106135
  0.3990  110.82047146
  0.4000  111.73723644
  0.4010  112.62086755
  0.4020  113.47089561
  0.4030  114.28687121
  0.4040  115.06836490
  0.4050  115.81496736
  0.4060  116.52628956
  0.4070  117.20196293
  0.4080  117.84163951
  0.4090  118.44499205
  0.4100  119.01171417
  0.4110  119.54152043
  0.4120  120.03414647
  0.4130  120.48934905
  0.4140  120.90690615
  0.4150  121.28661704
  0.4160  121.62830231
  0.4170  121.93180390
  0.4180  122.19698518
  0.4190  122.42373088
  0.4200  122.61194718
  0.4210  122.76156164
  0.4220  122.87252321
  0.4230  122.94480221
  0.4240  122.97839023
  0.4250  122.97330013
  0.4260  122.92956596
  0.4270  122.84724288
  0.4280  122.72640704
  0.4290  122.56715551
  0.4300  122.36960618
  0.4310  122.13389757
  0.4320  121.86018877
  0.4330  121.54865921
  0.4340  121.19950858
  0.4350  120.81295658
  0.4360  120.38924278
  0.4370  119.92862641
  0.4380  119.43138613
  0.4390  118.89781985
  0.4400  118.32824446
  0.4410  117.72299559
  0.4420  117.08242738
  0.4430  116.40691215
  0.4440  115.69684021
  0.4450  114.95261948
  0.4460  114.17467526
  0.4470  113.36344984
  0.4480  112.51940227
  0.4490  111.64300794
  0.4500  110.73475828
  0.4510  109.79516040
  0.4520  108.82473671
  0.4530  107.82402458
  0.4540  106.79357591
  0.4550  105.73395678
  0.4560  104.64574703
  0.4570  103.52953985
  0.4580  102.38594137
  0.4590  101.21557024
  0.4600  100.01905720
  0.4610  98.79704463
  0.4620  97.55018614
  0.4630  96.27914609
  0.4640  94.98459916
  0.4650  93.66722987
  0.4660  92.32773215
  0.4670  90.96680887
  0.4680  89.58517135
  0.4690  88.18353893
  0.4700  86.76263847
  0.4710  85.32320389
  0.4720  83.86597572
  0.4730  82.39170058
  0.4740  80.90113077
  0.4750  79.39502375
  0.4760  77.87414172
  0.4770  76.33925111
  0.4780  74.79112213
  0.4790  73.23052835
  0.4800  71.65824619
  0.4810  70.07505450
  0.4820  68.48173411
  0.4830  66.87906738
  0.4840  65.26783776
  0.4850  63.64882939
  0.4860  62.02282663
  0.4870  60.39061369
  0.4880  58.75297418
  0.4890  57.11069073
  0.4900  55.46454457
  0.4910  53.81531517
  0.4920  52.16377986
  0.4930  50.51071343
  0.4940  48.85688777
  0.4950  47.20307155
  0.4960  45.55002986
  0.4970  43.89852385
  0.4980  42.24931045
  0.4990  40.60314202
  0.5000  38.96076610
  0.5010  37.32292508
  0.5020  35.69035597
  0.5030  34.06379013
  0.5040  32.44395308
  0.5050  30.83156427
  0.5060  29.22733697
  0.5070  27.63197815
  0.5080  26.04618845
  0.5090  24.47066222
  0.5100  22.90608776
  0.5110  21.35314762
  0.5120  19.81251936
  0.5130  18.28487657
  0.5140  16.77089066
  0.5150  15.27123381
  0.5160  13.78658370
  0.5170  12.31763176
  0.5180  10.86509776
  0.5190  9.42975721
  0.5200  8.01249682
  0.5210  6.61443746
  0.5220  5.23724426
  0.5230  3.88406485
  0.5240  2.56329984
  0.5250  1.31406218
  0.5260  0.62916076
  0.5270  1.55434143
  0.5280  2.76094983
  0.5290  3.98120033
  0.5300  5.18931821
  0.5310  6.37889643
  0.5320  7.54738671
  0.5330  8.69342832
  0.5340  9.81613020
  0.5350  10.91482231
  0.5360  11.98895357
  0.5370  13.03804491
  0.5380  14.06166548
  0.5390  15.05941977
  0.5400  16.03094034
  0.5410  16.97588340
  0.5420  17.89392612
  0.5430  18.78476495
  0.5440  19.64811449
  0.5450  20.48370674
  0.5460  21.29129070
  0.5470  22.07063197
  0.5480  22.82151259
  0.5490  23.54373087
  0.5500  24.23710134
  0.5510  24.90145466
  0.5520  25.53663759
  0.5530  26.14251297
  0.5540  26.71895971
  0.5550  27.26587274
  0.5560  27.78316307
  0.5570  28.27075766
  0.5580  28.72859949
  0.5590  29.15664750
  0.5600  29.55487653
  0.5610  29.92327727
  0.5620  30.26185624
  0.5630  30.57063570
  0.5640  30.84965356
  0.5650  31.09896331
  0.5660  31.31863391
  0.5670  31.50874970
  0.5680  31.66941024
  0.5690  31.80073021
  0.5700  31.90283928
  0.5710  31.97588191
  0.5720  32.02001722
  0.5730  32.03541883
  0.5740  32.02227464
  0.5750  31.98078669
  0.5760  31.91117092
  0.5770  31.81365697
  0.5780  31.68848799
  0.5790  31.53592042
  0.5800  31.35622376
  0.5810  31.14968032
  0.5820  30.91658505
  0.5830  30.65724527
  0.5840  30.37198043
  0.5850  30.06112195
  0.5860  29.72501294
  0.5870  29.36400798
  0.5880  28.97847299
  0.5890  28.56878496
  0.5900  28.13533182
  0.5910  27.67851227
  0.5920  27.19873567
  0.5930  26.69642194
  0.5940  26.17200149
  0.5950  25.62591525
  0.5960  25.05861469
  0.5970  24.47056199
  0.5980  23.86223026
  0.5990  23.23410389
  0.6000  22.58667903
  0.6010  21.92046430
  0.6020  21.23598173
  0.6030  20.53376800
  0.6040  19.81437608
  0.6050  19.07837745
  0.6060  18.32636500
  0.6070  17.55895690
  0.6080  16.77680184
  0.6090  15.98058606
  0.6100  15.17104298
  0.6110  14.34896656
  0.6120  13.51523014
  0.6130  12.67081331
  0.6140  11.81684131
  0.6150  10.95464380
  0.6160  10.08584505
  0.6170  9.21250626
  0.6180  8.33735763
  0.6190  7.46419087
  0.6200  6.59854957
  0.6210  5.74899462
  0.6220  4.92951099
  0.6230  4.16416407
  0.6240  3.49566577
  0.6250  2.99710281
  0.6260  2.76937176
  0.6270  2.88380446
  0.6280  3.30990815
  0.6290  3.95156553
  0.6300  4.72421283
  0.6310  5.57538232
  0.6320  6.47534611
  0.6330  7.40706691
  0.6340  8.36031862
  0.6350  9.32861442
  0.6360  10.30760477
  0.6370  11.29421534
  0.6380  12.28616431
  0.6390  13.28168087
  0.6400  14.27933493
  0.6410  15.27793044
  0.6420  16.27643662
  0.6430  17.27394238
  0.6440  18.26962540
  0.6450  19.26273072
  0.6460  20.25255562
  0.6470  21.23843885
  0.6480  22.21975277
  0.6490  23.19589759
  0.6500  24.16629709
  0.6510  25.13039547
  0.6520  26.08765499
  0.6530  27.03755412
  0.6540  27.97958627
  0.6550  28.91325879
  0.6560  29.83809222
  0.6570  30.75361975
  0.6580  31.65938689
  0.6590  32.55495120
  0.6600  33.43988210
  0.6610  34.31376087
  0.6620  35.17618053
  0.6630  36.02674595
  0.6640  36.86507384
  0.6650  37.69079286
  0.6660  38.50354373
  0.6670  39.30297931
  0.6680  40.08876473
  0.6690  40.86057749
  0.6700  41.61810765
  0.6710  42.36105783
  0.6720  43.08914342
  0.6730  43.80209263
  0.6740  44.49964659
  0.6750  45.18155943
  0.6760  45.84759832
  0.6770  46.49754358
  0.6780  47.13118864
  0.6790  47.74834010
  0.6800  48.34881773
  0.6810  48.93245444
  0.6820  49.49909625
  0.6830  50.04860223
  0.6840  50.58084444
  0.6850  51.09570782
  0.6860  51.59309011
  0.6870  52.07290169
  0.6880  52.53506548
  0.6890  52.97951672
  0.6900  53.40620283
  0.6910  53.81508321
  0.6920  54.20612901
  0.6930  54.57932291
  0.6940  54.93465890
  0.6950  55.27214198
  0.6960  55.59178796
  0.6970  55.89362309
  0.6980  56.17768384
  0.6990  56.44401658
  0.7000  56.69267727
  0.7010  56.92373113
  0.7020  57.13725234
  0.7030  57.33332371
  0.7040  57.51203634
  0.7050  57.67348929
  0.7060  57.81778927
  0.7070  57.94505027
  0.7080  58.05539326
  0.7090  58.14894587
  0.7100  58.22584203
  0.7110  58.28622168
  0.7120  58.33023049
  0.7130  58.35801950
  0.7140  58.36974487
  0.7150  58.36556761
  0.7160  58.34565327
  0.7170  58.31017173
  0.7180  58.25929694
  0.7190  58.19320670
  0.7200  58.11208244
  0.7210  58.01610904
  0.7220  57.90547464
  0.7230  57.78037052
  0.7240  57.64099089
  0.7250  57.48753282
  0.7260  57.32019612
  0.7270  57.13918324
  0.7280  56.94469922
  0.7290  56.73695161
  0.7300  56.51615046
  0.7310  56.28250828
  0.7320  56.03624005
  0.7330  55.77756320
  0.7340  55.50669770
  0.7350  55.22386601
  0.7360  54.92929320
  0.7370  54.62320698
  0.7380  54.30583777
  0.7390  53.97741878
  0.7400  53.63818610
  0.7410  53.28837878
  0.7420  52.92823892
  0.7430  52.55801181
  0.7440  52.17794594
  0.7450  51.78829316
  0.7460  51.38930878
  0.7470  50.98125161
  0.7480  50.56438405
  0.7490  50.13897222
  0.7500  49.70528595
  0.7510  49.26359889
  0.7520  48.81418853
  0.7530  48.35733622
  0.7540  47.89332724
  0.7550  47.42245073
  0.7560  46.94499972
  0.7570  46.46127109
  0.7580  45.97156552
  0.7590  45.47618742
  0.7600  44.97544486
  0.7610  44.46964941
  0.7620  43.95911610
  0.7630  43.44416318
  0.7640  42.92511204
  0.7650  42.40228697
  0.7660  41.87601495
  0.7670  41.34662548
  0.7680  40.81445027
  0.7690  40.27982304
  0.7700  39.74307918
  0.7710  39.20455551
  0.7720  38.66458993
  0.7730  38.12352111
  0.7740  37.58168816
  0.7750  37.03943024
  0.7760  36.49708626
  0.7770  35.95499442
  0.7780  35.41349191
  0.7790  34.87291449
  0.7800  34.33359608
  0.7810  33.79586837
  0.7820  33.26006044
  0.7830  32.72649833
  0.7840  32.19550466
  0.7850  31.66739823
  0.7860  31.14249360
  0.7870  30.62110075
  0.7880  30.10352464
  0.7890  29.59006488
  0.7900  29.08101537
  0.7910  28.57666393
  0.7920  28.07729195
  0.7930  27.58317411
  0.7940  27.09457804
  0.7950  26.61176405
  0.7960  26.13498483
  0.7970  25.66448524
  0.7980  25.20050204
  0.7990  24.74326371
  0.8000  24.29299023
  0.8010  23.84989292
  0.8020  23.41417432
  0.8030  22.98602804
  0.8040  22.56563863
  0.8050  22.15318158
  0.8060  21.74882319
  0.8070  21.35272054
  0.8080  20.96502151
  0.8090  20.58586475
  0.8100  20.21537970
  0.8110  19.85368663
  0.8120  19.50089671
  0.8130  19.15711203
  0.8140  18.82242572
  0.8150  18.49692201
  0.8160  18.18067632
  0.8170  17.87375540
  0.8180  17.57621738
  0.8190  17.28811193
  0.8200  17.00948033
  0.8210  16.74035562
  0.8220  16.48076270
  0.8230  16.23071840
  0.8240  15.99023167
  0.8250  15.75930361
  0.8260  15.53792764
  0.8270  15.32608956
  0.8280  15.12376770
  0.8290  14.93093300
  0.8300  14.74754917
  0.8310  14.57357277
  0.8320  14.40895340
  0.8330  14.25363380
  0.8340  14.10755006
  0.8350  13.97063179
  0.8360  13.84280235
  0.8370  13.72397905
  0.8380  13.61407346
  0.8390  13.51299168
  0.8400  13.42063467
  0.8410  13.33689860
  0.8420  13.26167525
  0.8430  13.19485239
  0.8440  13.13631428
  0.8450  13.08594209
  0.8460  13.04361439
  0.8470  13.00920766
  0.8480  12.98259681
  0.8490  12.96365569
  0.8500  12.95225757
  0.8510  12.94827570
  0.8520  12.95158377
  0.8530  12.96205639
  0.8540  12.97956951
  0.8550  13.00400086
  0.8560  13.03523031
  0.8570  13.07314015
  0.8580  13.11761545
  0.8590  13.16854421
  0.8600  13.22581755
  0.8610  13.28932984
  0.8620  13.35897872
  0.8630  13.43466514
  0.8640  13.51629325
  0.8650  13.60377029
  0.8660  13.69700647
  0.8670  13.79591465
  0.8680  13.90041017
  0.8690  14.01041044
  0.8700  14.12583468
  0.8710  14.24660345
  0.8720  14.37263828
  0.8730  14.50386122
  0.8740  14.64019437
  0.8750  14.78155945
  0.8760  14.92787728
  0.8770  15.07906735
  0.8780  15.23504732
  0.8790  15.39573259
  0.8800  15.56103584
  0.8810  15.73086663
  0.8820  15.90513098
  0.8830  16.08373106
  0.8840  16.26656479
  0.8850  16.45352559
  0.8860  16.64450211
  0.8870  16.83937800
  0.8880  17.03803175
  0.8890  17.24033655
  0.8900  17.44616018
  0.8910  17.65536498
  0.8920  17.86780785
  0.8930  18.08334026
  0.8940  18.30180833
  0.8950  18.52305299
  0.8960  18.74691005
  0.8970  18.97321047
  0.8980  19.20178055
  0.8990  19.43244217
  0.9000  19.66501312
  0.9010  19.89930735
  0.9020  20.13513540
  0.9030  20.37230464
  0.9040  20.61061976
  0.9050  20.84988311
  0.9060  21.08989511
  0.9070  21.33045471
  0.9080  21.57135977
  0.9090  21.81240755
  0.9100  22.05339512
  0.9110  22.29411985
  0.9120  22.53437980
  0.9130  22.77397420
  0.9140  23.01270391
  0.9150  23.25037181
  0.9160  23.48678328
  0.9170  23.72174657
  0.9180  23.95507326
  0.9190  24.18657860
  0.9200  24.41608196
  0.9210  24.64340713
  0.9220  24.86838270
  0.9230  25.09084240
  0.9240  25.31062539
  0.9250  25.52757656
  0.9260  25.74154683
  0.9270  25.95239333
  0.9280  26.15997969
  0.9290  26.36417619
  0.9300  26.56485997
  0.9310  26.76191518
  0.9320  26.95523307
  0.9330  27.14471214
  0.9340  27.33025817
  0.9350  27.51178428
  0.9360  27.68921099
  0.9370  27.86246614
  0.9380  28.03148495
  0.9390  28.19620990
  0.9400  28.35659068
  0.9410  28.51258410
  0.9420  28.66415393
  0.9430  28.81127082
  0.9440  28.95391206
  0.9450  29.09206147
  0.9460  29.22570913
  0.9470  29.35485124
  0.9480  29.47948980
  0.9490  29.59963244
  0.9500  29.71529213
  0.9510  29.82648692
  0.9520  29.93323966
  0.9530  30.03557772
  0.9540  30.13353272
  0.9550  30.22714023
  0.9560  30.31643946
  0.9570  30.40147301
  0.9580  30.48228657
  0.9590  30.55892862
  0.9600  30.63145020
  0.9610  30.69990456
  0.9620  30.76434698
  0.9630  30.82483448
  0.9640  30.88142557
  0.9650  30.93418005
  0.9660  30.98315876
  0.9670  31.02842340
  0.9680  31.07003631
  0.9690  31.10806033
  0.9700  31.14255860
  0.9710  31.17359442
  0.9720  31.20123113
  0.9730  31.22553197
  0.9740  31.24655996
  0.9750  31.26437783
  0.9760  31.27904793
  0.9770  31.29063213
  0.9780  31.29919179
  0.9790  31.30478769
  0.9800  31.30747999
  0.9810  31.30732821
  0.9820  31.30439117
  0.9830  31.29872702
  0.9840  31.29039317
  0.9850  31.27944634
  0.9860  31.26594248
  0.9870  31.24993686
  0.9880  31.23148400
  0.9890  31.21063771
  0.9900  31.18745108
  0.9910  31.16197649
  0.9920  31.13426563
  0.9930  31.10436951
  0.9940  31.07233844
  0.9950  31.03822207
  0.9960  31.00206941
  0.9970  30.96392881
  0.9980  30.92384796
  0.9990  30.88187398
