  0.0000  34.30635617
  0.0010  34.26766483
  0.0020  34.15161224
  0.0030  33.95826272
  0.0040  33.68772339
  0.0050  33.34014414
  0.0060  32.91571757
  0.0070  32.41467883
  0.0080  31.83730551
  0.0090  31.18391748
  0.0100  30.45487674
  0.0110  29.65058716
  0.0120  28.77149428
  0.0130  27.81808506
  0.0140  26.79088762
  0.0150  25.69047090
  0.0160  24.51744436
  0.0170  23.27245767
  0.0180  21.95620030
  0.0190  20.56940114
  0.0200  19.11282814
  0.0210  17.58728784
  0.0220  15.99362499
  0.0230  14.33272211
  0.0240  12.60549907
  0.0250  10.81291287
  0.0260  8.95595757
  0.0270  7.03566530
  0.0280  5.05311084
  0.0290  3.00943834
  0.0300  0.90627557
  0.0310  1.25815923
  0.0320  3.47814988
  0.0330  5.75496195
  0.0340  8.08704294
  0.0350  10.47306680
  0.0360  12.91170449
  0.0370  15.40160452
  0.0380  17.94138949
  0.0390  20.52965557
  0.0400  23.16497286
  0.0410  25.84588595
  0.0420  28.57091466
  0.0430  31.33855484
  0.0440  34.14727915
  0.0450  36.99553795
  0.0460  39.88176012
  0.0470  42.80435394
  0.0480  45.76170802
  0.0490  48.75219216
  0.0500  51.77415828
  0.0510  54.82594135
  0.0520  57.90586032
  0.0530  61.01221905
  0.0540  64.14330728
  0.0550  67.29740158
  0.0560  70.47276630
  0.0570  73.66765458
  0.0580  76.88030927
  0.0590  80.10896399
  0.0600  83.35184402
  0.0610  86.60716739
  0.0620  89.87314581
  0.0630  93.14798568
  0.0640  96.42988911
  0.0650  99.71705490
  0.0660  103.00767955
  0.0670  106.29995828
  0.0680  109.59208600
  0.0690  112.88225835
  0.0700  116.16867265
  0.0710  119.44952896
  0.0720  122.72303105
  0.0730  125.98738738
  0.0740  129.24081212
  0.0750  132.48152611
  0.0760  135.70775787
  0.0770  138.91774454
  0.0780  142.10973290
  0.0790  145.28198028
  0.0800  148.43275559
  0.0810  151.56034017
  0.0820  154.66302885
  0.0830  157.73913078
  0.0840  160.78697042
  0.0850  163.80488844
  0.0860  166.79124262
  0.0870  169.74440873
  0.0880  172.66278144
  0.0890  175.54477520
  0.0900  178.38882506
  0.0910  181.19338755
  0.0920  183.95694150
  0.0930  186.67798887
  0.0940  189.35505555
  0.0950  191.98669214
  0.0960  194.57147476
  0.0970  197.10800578
  0.0980  199.59491459
  0.0990  202.03085831
  0.1000  204.41452251
  0.1010  206.74462190
  0.1020  209.01990104
  0.1030  211.23913495
  0.1040  213.40112979
  0.1050  215.50472347
  0.1060  217.54878625
  0.1070  219.53222134
  0.1080  221.45396547
  0.1090  223.31298940
  0.1100  225.10829849
  0.1110  226.83893318
  0.1120  228.50396947
  0.1130  230.10251942
  0.1140  231.63373155
  0.1150  233.09679128
  0.1160  234.49092132
  0.1170  235.81538208
  0.1180  237.06947198
  0.1190  238.25252782
  0.1200  239.36392504
  0.1210  240.40307808
  0.1220  241.36944059
  0.1230  242.26250569
  0.1240  243.08180619
  0.1250  243.82691477
  0.1260  244.49744420
  0.1270  245.09304742
  0.1280  245.61341772
  0.1290  246.05828883
  0.1300  246.42743498
  0.1310  246.72067098
  0.1320  246.93785223
  0.1330  247.07887477
  0.1340  247.14367521
  0.1350  247.13223074
  0.1360  247.04455902
  0.1370  246.88071815
  0.1380  246.64080654
  0.1390  246.32496276
  0.1400  245.93336541
  0.1410  245.46623294
  0.1420  244.92382344
  0.1430  244.30643445
  0.1440  243.61440268
  0.1450  242.84810374
  0.1460  242.00795190
  0.1470  241.09439973
  0.1480  240.10793782
  0.1490  239.04909436
  0.1500  237.91843482
  0.1510  236.71656156
  0.1520  235.44411338
  0.1530  234.10176509
  0.1540  232.69022709
  0.1550  231.21024487
  0.1560  229.66259850
  0.1570  228.04810216
  0.1580  226.36760357
  0.1590  224.62198348
  0.1600  222.81215506
  0.1610  220.93906335
  0.1620  219.00368463
  0.1630  217.00702584
  0.1640  214.95012389
  0.1650  212.83404508
  0.1660  210.65988437
  0.1670  208.42876474
  0.1680  206.14183647
  0.1690  203.80027645
  0.1700  201.40528745
  0.1710  198.95809738
  0.1720  196.45995855
  0.1730  193.91214690
  0.1740  191.31596124
  0.1750  188.67272245
  0.1760  185.98377270
  0.1770  183.25047465
  0.1780  180.47421060
  0.1790  177.65638173
  0.1800  174.79840720
  0.1810  171.90172338
  0.1820  168.96778294
  0.1830  165.99805402
  0.1840  162.99401941
  0.1850  159.95717560
  0.1860  156.88903199
  0.1870  153.79110997
  0.1880  150.66494204
  0.1890  147.51207096
  0.1900  144.33404881
  0.1910  141.13243615
  0.1920  137.90880111
  0.1930  134.66471847
  0.1940  131.40176883
  0.1950  128.12153764
  0.1960  124.82561437
  0.1970  121.51559159
  0.1980  118.19306406
  0.1990  114.85962787
  0.2000  111.51687956
  0.2010  108.16641519
  0.2020  104.80982949
  0.2030  101.44871500
  0.2040  98.08466117
  0.2050  94.71925349
  0.2060  91.35407265
  0.2070  87.99069366
  0.2080  84.63068504
  0.2090  81.27560793
  0.2100  77.92701528
  0.2110  74.58645105
  0.2120  71.25544932
  0.2130  67.93553358
  0.2140  64.62821584
  0.2150  61.33499590
  0.2160  58.05736055
  0.2170  54.79678282
  0.2180  51.55472121
  0.2190  48.33261895
  0.2200  45.13190330
  0.2210  41.95398480
  0.2220  38.80025661
  0.2230  35.67209384
  0.2240  32.57085290
  0.2250  29.49787086
  0.2260  26.45446498
  0.2270  23.44193217
  0.2280  20.46154873
  0.2290  17.51457039
  0.2300  14.60223306
  0.2310  11.72575567
  0.2320  8.88634907
  0.2330  6.08525097
  0.2340  3.32393431
  0.2350  0.60988013
  0.2360  2.08233091
  0.2370  4.71844910
  0.2380  7.31207970
  0.2390  9.86135488
  0.2400  12.36515941
  0.2410  14.82250380
  0.2420  17.23245261
  0.2430  19.59410837
  0.2440  21.90660673
  0.2450  24.16911475
  0.2460  26.38083036
  0.2470  28.54098221
  0.2480  30.64882971
  0.2490  32.70366316
  0.2500  34.70480390
  0.2510  36.65160451
  0.2520  38.54344900
  0.2530  40.37975289
  0.2540  42.15996348
  0.2550  43.88355988
  0.2560  45.55005319
  0.2570  47.15898662
  0.2580  48.70993551
  0.2590  50.20250747
  0.2600  51.63634238
  0.2610  53.01111248
  0.2620  54.32652230
  0.2630  55.58230875
  0.2640  56.77824105
  0.2650  57.91412069
  0.2660  58.98978140
  0.2670  60.00508903
  0.2680  60.95994152
  0.2690  61.85426875
  0.2700  62.68803243
  0.2710  63.46122594
  0.2720  64.17387418
  0.2730  64.82603340
  0.2740  65.41779102
  0.2750  65.94926536
  0.2760  66.42060550
  0.2770  66.83199097
  0.2780  67.18363152
  0.2790  67.47576686
  0.2800  67.70866635
  0.2810  67.88262870
  0.2820  67.99798167
  0.2830  68.05508172
  0.2840  68.05431370
  0.2850  67.99609044
  0.2860  67.88085242
  0.2870  67.70906735
  0.2880  67.48122981
  0.2890  67.19786082
  0.2900  66.85950742
  0.2910  66.46674222
  0.2920  66.02016299
  0.2930  65.52039218
  0.2940  64.96807644
  0.2950  64.36388618
  0.2960  63.70851504
  0.2970  63.00267944
  0.2980  62.24711801
  0.2990  61.44259114
  0.3000  60.58988042
  0.3010  59.68978811
  0.3020  58.74313661
  0.3030  57.75076791
  0.3040  56.71354304
  0.3050  55.63234149
  0.3060  54.50806070
  0.3070  53.34161541
  0.3080  52.13393717
  0.3090  50.88597370
  0.3100  49.59868835
  0.3110  48.27305951
  0.3120  46.91008003
  0.3130  45.51075666
  0.3140  44.07610945
  0.3150  42.60717120
  0.3160  41.10498693
  0.3170  39.57061332
  0.3180  38.00511820
  0.3190  36.40958009
  0.3200  34.78508775
  0.3210  33.13273981
  0.3220  31.45364450
  0.3230  29.74891954
  0.3240  28.01969214
  0.3250  26.26709940
  0.3260  24.49228913
  0.3270  22.69642135
  0.3280  20.88067109
  0.3290  19.04623312
  0.3300  17.19433037
  0.3310  15.32622912
  0.3320  13.44326783
  0.3330  11.54691552
  0.3340  9.63890139
  0.3350  7.72154036
  0.3360  5.79871231
  0.3370  3.87976470
  0.3380  2.00574861
  0.3390  0.79834965
  0.3400  2.23136963
  0.3410  4.13688405
  0.3420  6.09015216
  0.3430  8.05841064
  0.3440  10.03348464
  0.3450  12.01181981
  0.3460  13.99124395
  0.3470  15.97011942
  0.3480  17.94705396
  0.3490  19.92078355
  0.3500  21.89011889
  0.3510  23.85391869
  0.3520  25.81107542
  0.3530  27.76050739
  0.3540  29.70115413
  0.3550  31.63197370
  0.3560  33.55194107
  0.3570  35.46004727
  0.3580  37.35529885
  0.3590  39.23671771
  0.3600  41.10334105
  0.3610  42.95422150
  0.3620  44.78842722
  0.3630  46.60504221
  0.3640  48.40316649
  0.3650  50.18191647
  0.3660  51.94042517
  0.3670  53.67784257
  0.3680  55.39333591
  0.3690  57.08609000
  0.3700  58.75530752
  0.3710  60.40020933
  0.3720  62.02003476
  0.3730  63.61404189
  0.3740  65.18150785
  0.3750  66.72172905
  0.3760  68.23402149
  0.3770  69.71772096
  0.3780  71.17218332
  0.3790  72.59678467
  0.3800  73.99092165
  0.3810  75.35401155
  0.3820  76.68549255
  0.3830  77.98482391
  0.3840  79.25148610
  0.3850  80.48498098
  0.3860  81.68483193
  0.3870  82.85058399
  0.3880  83.98180396
  0.3890  85.07808050
  0.3900  86.13902427
  0.3910  87.16426792
  0.3920  88.15346624
  0.3930  89.10629618
  0.3940  90.02245686
  0.3950  90.90166965
  0.3960  91.74367814
  0.3970  92.54824816
  0.3980  93.31516779
  0.3990  94.04424728
  0.4000  94.73531907
  0.4010  95.38823772
  0.4020  96.00287983
  0.4030  96.57914398
  0.4040  97.11695068
  0.4050  97.61624220
  0.4060  98.07698252
  0.4070  98.49915717
  0.4080  98.88277314
  0.4090  99.22785867
  0.4100  99.53446315
  0.4110  99.80265694
  0.4120  100.03253116
  0.4130  100.22419753
  0.4140  100.37778816
  0.4150  100.49345534
  0.4160  100.57137130
  0.4170  100.61172800
  0.4180  100.61473688
  0.4190  100.58062859
  0.4200  100.50965274
  0.4210  100.40207765
  0.4220  100.25819001
  0.4230  100.07829465
  0.4240  99.86271421
  0.4250  99.61178880
  0.4260  99.32587577
  0.4270  99.00534929
  0.4280  98.65060006
  0.4290  98.26203499
  0.4300  97.84007681
  0.4310  97.38516372
  0.4320  96.89774905
  0.4330  96.37830089
  0.4340  95.82730167
  0.4350  95.24524784
  0.4360  94.63264944
  0.4370  93.99002970
  0.4380  93.31792469
  0.4390  92.61688286
  0.4400  91.88746468
  0.4410  91.13024216
  0.4420  90.34579853
  0.4430  89.53472772
  0.4440  88.69763399
  0.4450  87.83513151
  0.4460  86.94784389
  0.4470  86.03640377
  0.4480  85.10145237
  0.4490  84.14363908
  0.4500  83.16362099
  0.4510  82.16206247
  0.4520  81.13963469
  0.4530  80.09701523
  0.4540  79.03488760
  0.4550  77.95394080
  0.4560  76.85486887
  0.4570  75.73837048
  0.4580  74.60514842
  0.4590  73.45590924
  0.4600  72.29136273
  0.4610  71.11222154
  0.4620  69.91920068
  0.4630  68.71301715
  0.4640  67.49438946
  0.4650  66.26403721
  0.4660  65.02268066
  0.4670  63.77104029
  0.4680  62.50983642
  0.4690  61.23978873
  0.4700  59.96161588
  0.4710  58.67603512
  0.4720  57.38376180
  0.4730  56.08550908
  0.4740  54.78198743
  0.4750  53.47390429
  0.4760  52.16196369
  0.4770  50.84686582
  0.4780  49.52930671
  0.4790  48.20997782
  0.4800  46.88956567
  0.4810  45.56875154
  0.4820  44.24821104
  0.4830  42.92861384
  0.4840  41.61062327
  0.4850  40.29489605
  0.4860  38.98208191
  0.4870  37.67282335
  0.4880  36.36775526
  0.4890  35.06750470
  0.4900  33.77269055
  0.4910  32.48392329
  0.4920  31.20180471
  0.4930  29.92692770
  0.4940  28.65987597
  0.4950  27.40122387
  0.4960  26.15153617
  0.4970  24.91136791
  0.4980  23.68126426
  0.4990  22.46176037
  0.5000  21.25338134
  0.5010  20.05664219
  0.5020  18.87204792
  0.5030  17.70009369
  0.5040  16.54126510
  0.5050  15.39603870
  0.5060  14.26488279
  0.5070  13.14825867
  0.5080  12.04662258
  0.5090  10.96042882
  0.5100  9.89013472
  0.5110  8.83620903
  0.5120  7.79914658
  0.5130  6.77949521
  0.5140  5.77790905
  0.5150  4.79526336
  0.5160  3.83293333
  0.5170  2.89359062
  0.5180  1.98410975
  0.5190  1.13149658
  0.5200  0.54869439
  0.5210  0.94692476
  0.5220  1.72196121
  0.5230  2.53085434
  0.5240  3.33413292
  0.5250  4.12303417
  0.5260  4.89448403
  0.5270  5.64707017
  0.5280  6.38001290
  0.5290  7.09282064
  0.5300  7.78515212
  0.5310  8.45675389
  0.5320  9.10742908
  0.5330  9.73702062
  0.5340  10.34540165
  0.5350  10.93246969
  0.5360  11.49814306
  0.5370  12.04235847
  0.5380  12.56506935
  0.5390  13.06624479
  0.5400  13.54586860
  0.5410  14.00393878
  0.5420  14.44046694
  0.5430  14.85547791
  0.5440  15.24900944
  0.5450  15.62111186
  0.5460  15.97184781
  0.5470  16.30129203
  0.5480  16.60953110
  0.5490  16.89666322
  0.5500  17.16279800
  0.5510  17.40805629
  0.5520  17.63256988
  0.5530  17.83648140
  0.5540  18.01994402
  0.5550  18.18312132
  0.5560  18.32618702
  0.5570  18.44932478
  0.5580  18.55272804
  0.5590  18.63659973
  0.5600  18.70115209
  0.5610  18.74660644
  0.5620  18.77319296
  0.5630  18.78115046
  0.5640  18.77072617
  0.5650  18.74217547
  0.5660  18.69576168
  0.5670  18.63175584
  0.5680  18.55043644
  0.5690  18.45208919
  0.5700  18.33700680
  0.5710  18.20548870
  0.5720  18.05784082
  0.5730  17.89437534
  0.5740  17.71541043
  0.5750  17.52127001
  0.5760  17.31228349
  0.5770  17.08878554
  0.5780  16.85111581
  0.5790  16.59961869
  0.5800  16.33464306
  0.5810  16.05654204
  0.5820  15.76567271
  0.5830  15.46239590
  0.5840  15.14707589
  0.5850  14.82008020
  0.5860  14.48177931
  0.5870  14.13254642
  0.5880  13.77275721
  0.5890  13.40278958
  0.5900  13.02302340
  0.5910  12.63384031
  0.5920  12.23562341
  0.5930  11.82875712
  0.5940  11.41362686
  0.5950  10.99061889
  0.5960  10.56012010
  0.5970  10.12251776
  0.5980  9.67819937
  0.5990  9.22755252
  0.6000  8.77096469
  0.6010  8.30882318
  0.6020  7.84151509
  0.6030  7.36942728
  0.6040  6.89294656
  0.6050  6.41245998
  0.6060  5.92835541
  0.6070  5.44102260
  0.6080  4.95085487
  0.6090  4.45825232
  0.6100  3.96362740
  0.6110  3.46741557
  0.6120  2.97009690
  0.6130  2.47224398
  0.6140  1.97464235
  0.6150  1.47865283
  0.6160  0.98765211
  0.6170  0.51653430
  0.6180  0.24405523
  0.6190  0.59284982
  0.6200  1.06722089
  0.6210  1.55472563
  0.6220  2.04450249
  0.6230  2.53378840
  0.6240  3.02141350
  0.6250  3.50669486
  0.6260  3.98914135
  0.6270  4.46835193
  0.6280  4.94397407
  0.6290  5.41568473
  0.6300  5.88318072
  0.6310  6.34617357
  0.6320  6.80438656
  0.6330  7.25755307
  0.6340  7.70541548
  0.6350  8.14772450
  0.6360  8.58423884
  0.6370  9.01472487
  0.6380  9.43895650
  0.6390  9.85671507
  0.6400  10.26778933
  0.6410  10.67197534
  0.6420  11.06907652
  0.6430  11.45890364
  0.6440  11.84127478
  0.6450  12.21601542
  0.6460  12.58295839
  0.6470  12.94194391
  0.6480  13.29281958
  0.6490  13.63544041
  0.6500  13.96966884
  0.6510  14.29537469
  0.6520  14.61243522
  0.6530  14.92073508
  0.6540  15.22016634
  0.6550  15.51062844
  0.6560  15.79202820
  0.6570  16.06427979
  0.6580  16.32730470
  0.6590  16.58103173
  0.6600  16.82539692
  0.6610  17.06034354
  0.6620  17.28582206
  0.6630  17.50179006
  0.6640  17.70821220
  0.6650  17.90506018
  0.6660  18.09231266
  0.6670  18.26995521
  0.6680  18.43798021
  0.6690  18.59638683
  0.6700  18.74518092
  0.6710  18.88437492
  0.6720  19.01398781
  0.6730  19.13404501
  0.6740  19.24457828
  0.6750  19.34562563
  0.6760  19.43723124
  0.6770  19.51944534
  0.6780  19.59232409
  0.6790  19.65592953
  0.6800  19.71032943
  0.6810  19.75559717
  0.6820  19.79181166
  0.6830  19.81905717
  0.6840  19.83742329
  0.6850  19.84700472
  0.6860  19.84790121
  0.6870  19.84021741
  0.6880  19.82406272
  0.6890  19.79955121
  0.6900  19.76680145
  0.6910  19.72593637
  0.6920  19.67708316
  0.6930  19.62037310
  0.6940  19.55594146
  0.6950  19.48392731
  0.6960  19.40447341
  0.6970  19.31772608
  0.6980  19.22383504
  0.6990  19.12295326
  0.7000  19.01523684
  0.7010  18.90084485
  0.7020  18.77993920
  0.7030  18.65268447
  0.7040  18.51924780
  0.7050  18.37979872
  0.7060  18.23450902
  0.7070  18.08355259
  0.7080  17.92710531
  0.7090  17.76534485
  0.7100  17.59845061
  0.7110  17.42660348
  0.7120  17.24998579
  0.7130  17.06878111
  0.7140  16.88317414
  0.7150  16.69335056
  0.7160  16.49949689
  0.7170  16.30180037
  0.7180  16.10044881
  0.7190  15.89563046
  0.7200  15.68753390
  0.7210  15.47634787
  0.7220  15.26226118
  0.7230  15.04546255
  0.7240  14.82614053
  0.7250  14.60448333
  0.7260  14.38067872
  0.7270  14.15491392
  0.7280  13.92737546
  0.7290  13.69824910
  0.7300  13.46771968
  0.7310  13.23597103
  0.7320  13.00318586
  0.7330  12.76954565
  0.7340  12.53523056
  0.7350  12.30041929
  0.7360  12.06528905
  0.7370  11.83001539
  0.7380  11.59477216
  0.7390  11.35973138
  0.7400  11.12506319
  0.7410  10.89093572
  0.7420  10.65751506
  0.7430  10.42496513
  0.7440  10.19344762
  0.7450  9.96312193
  0.7460  9.73414508
  0.7470  9.50667163
  0.7480  9.28085364
  0.7490  9.05684058
  0.7500  8.83477931
  0.7510  8.61481394
  0.7520  8.39708588
  0.7530  8.18173370
  0.7540  7.96889311
  0.7550  7.75869692
  0.7560  7.55127500
  0.7570  7.34675421
  0.7580  7.14525838
  0.7590  6.94690830
  0.7600  6.75182161
  0.7610  6.56011286
  0.7620  6.37189342
  0.7630  6.18727147
  0.7640  6.00635200
  0.7650  5.82923676
  0.7660  5.65602426
  0.7670  5.48680972
  0.7680  5.32168511
  0.7690  5.16073910
  0.7700  5.00405704
  0.7710  4.85172098
  0.7720  4.70380960
  0.7730  4.56039826
  0.7740  4.42155895
  0.7750  4.28736023
  0.7760  4.15786728
  0.7770  4.03314180
  0.7780  3.91324201
  0.7790  3.79822259
  0.7800  3.68813459
  0.7810  3.58302542
  0.7820  3.48293871
  0.7830  3.38791424
  0.7840  3.29798784
  0.7850  3.21319126
  0.7860  3.13355203
  0.7870  3.05909336
  0.7880  2.98983395
  0.7890  2.92578788
  0.7900  2.86696450
  0.7910  2.81336826
  0.7920  2.76499864
  0.7930  2.72185009
  0.7940  2.68391196
  0.7950  2.65116856
  0.7960  2.62359915
  0.7970  2.60117809
  0.7980  2.58387499
  0.7990  2.57165485
  0.8000  2.56447837
  0.8010  2.56230217
  0.8020  2.56507908
  0.8030  2.57275849
  0.8040  2.58528661
  0.8050  2.60260676
  0.8060  2.62465968
  0.8070  2.65138373
  0.8080  2.68271511
  0.8090  2.71858805
  0.8100  2.75893490
  0.8110  2.80368623
  0.8120  2.85277091
  0.8130  2.90611610
  0.8140  2.96364723
  0.8150  3.02528804
  0.8160  3.09096046
  0.8170  3.16058463
  0.8180  3.23407881
  0.8190  3.31135934
  0.8200  3.39234058
  0.8210  3.47693491
  0.8220  3.56505266
  0.8230  3.65660212
  0.8240  3.75148950
  0.8250  3.84961896
  0.8260  3.95089263
  0.8270  4.05521062
  0.8280  4.16247106
  0.8290  4.27257017
  0.8300  4.38540226
  0.8310  4.50085989
  0.8320  4.61883382
  0.8330  4.73921320
  0.8340  4.86188558
  0.8350  4.98673704
  0.8360  5.11365224
  0.8370  5.24251456
  0.8380  5.37320617
  0.8390  5.50560815
  0.8400  5.63960057
  0.8410  5.77506261
  0.8420  5.91187266
  0.8430  6.04990844
  0.8440  6.18904709
  0.8450  6.32916528
  0.8460  6.47013932
  0.8470  6.61184530
  0.8480  6.75415914
  0.8490  6.89695674
  0.8500  7.04011408
  0.8510  7.18350733
  0.8520  7.32701293
  0.8530  7.47050774
  0.8540  7.61386912
  0.8550  7.75697504
  0.8560  7.89970418
  0.8570  8.04193604
  0.8580  8.18355103
  0.8590  8.32443059
  0.8600  8.46445727
  0.8610  8.60351485
  0.8620  8.74148839
  0.8630  8.87826438
  0.8640  9.01373081
  0.8650  9.14777725
  0.8660  9.28029494
  0.8670  9.41117691
  0.8680  9.54031800
  0.8690  9.66761502
  0.8700  9.79296678
  0.8710  9.91627416
  0.8720  10.03744024
  0.8730  10.15637030
  0.8740  10.27297196
  0.8750  10.38715520
  0.8760  10.49883244
  0.8770  10.60791860
  0.8780  10.71433118
  0.8790  10.81799027
  0.8800  10.91881865
  0.8810  11.01674182
  0.8820  11.11168805
  0.8830  11.20358840
  0.8840  11.29237681
  0.8850  11.37799011
  0.8860  11.46036804
  0.8870  11.53945330
  0.8880  11.61519159
  0.8890  11.68753161
  0.8900  11.75642508
  0.8910  11.82182680
  0.8920  11.88369460
  0.8930  11.94198942
  0.8940  11.99667527
  0.8950  12.04771924
  0.8960  12.09509154
  0.8970  12.13876545
  0.8980  12.17871736
  0.8990  12.21492671
  0.9000  12.24737606
  0.9010  12.27605098
  0.9020  12.30094011
  0.9030  12.32203510
  0.9040  12.33933062
  0.9050  12.35282430
  0.9060  12.36251673
  0.9070  12.36841141
  0.9080  12.37051473
  0.9090  12.36883594
  0.9100  12.36338710
  0.9110  12.35418303
  0.9120  12.34124130
  0.9130  12.32458217
  0.9140  12.30422853
  0.9150  12.28020586
  0.9160  12.25254219
  0.9170  12.22126804
  0.9180  12.18641636
  0.9190  12.14802248
  0.9200  12.10612405
  0.9210  12.06076098
  0.9220  12.01197540
  0.9230  11.95981157
  0.9240  11.90431581
  0.9250  11.84553648
  0.9260  11.78352387
  0.9270  11.71833017
  0.9280  11.65000937
  0.9290  11.57861721
  0.9300  11.50421111
  0.9310  11.42685012
  0.9320  11.34659479
  0.9330  11.26350718
  0.9340  11.17765074
  0.9350  11.08909023
  0.9360  10.99789170
  0.9370  10.90412238
  0.9380  10.80785060
  0.9390  10.70914577
  0.9400  10.60807826
  0.9410  10.50471934
  0.9420  10.39914113
  0.9430  10.29141651
  0.9440  10.18161908
  0.9450  10.06982304
  0.9460  9.95610318
  0.9470  9.84053477
  0.9480  9.72319351
  0.9490  9.60415546
  0.9500  9.48349699
  0.9510  9.36129469
  0.9520  9.23762533
  0.9530  9.11256578
  0.9540  8.98619296
  0.9550  8.85858377
  0.9560  8.72981505
  0.9570  8.59996349
  0.9580  8.46910562
  0.9590  8.33731769
  0.9600  8.20467568
  0.9610  8.07125520
  0.9620  7.93713149
  0.9630  7.80237929
  0.9640  7.66707287
  0.9650  7.53128596
  0.9660  7.39509166
  0.9670  7.25856247
  0.9680  7.12177017
  0.9690  6.98478586
  0.9700  6.84767984
  0.9710  6.71052165
  0.9720  6.57337995
  0.9730  6.43632257
  0.9740  6.29941642
  0.9750  6.16272747
  0.9760  6.02632075
  0.9770  5.89026029
  0.9780  5.75460910
  0.9790  5.61942917
  0.9800  5.48478141
  0.9810  5.35072567
  0.9820  5.21732069
  0.9830  5.08462412
  0.9840  4.95269246
  0.9850  4.82158109
  0.9860  4.69134425
  0.9870  4.56203499
  0.9880  4.43370524
  0.9890  4.30640576
  0.9900  4.18018612
  0.9910  4.05509476
  0.9920  3.93117895
  0.9930  3.80848478
  0.9940  3.68705722
  0.9950  3.56694010
  0.9960  3.44817611
  0.9970  3.33080684
  0.9980  3.21487279
  0.9990  3.10041338
