  0.0000  40.43694080
  0.0010  40.41056516
  0.0020  40.33144822
  0.0030  40.19961990
  0.0040  40.01513005
  0.0050  39.77804845
  0.0060  39.48846476
  0.0070  39.14648850
  0.0080  38.75224901
  0.0090  38.30589541
  0.0100  37.80759652
  0.0110  37.25754084
  0.0120  36.65593644
  0.0130  36.00301090
  0.0140  35.29901125
  0.0150  34.54420386
  0.0160  33.73887434
  0.0170  32.88332745
  0.0180  31.97788701
  0.0190  31.02289578
  0.0200  30.01871531
  0.0210  28.96572588
  0.0220  27.86432637
  0.0230  26.71493411
  0.0240  25.51798480
  0.0250  24.27393242
  0.0260  22.98324911
  0.0270  21.64642519
  0.0280  20.26396909
  0.0290  18.83640755
  0.0300  17.36428585
  0.0310  15.84816842
  0.0320  14.28864001
  0.0330  12.68630800
  0.0340  11.04180720
  0.0350  9.35581038
  0.0360  7.62905439
  0.0370  5.86241595
  0.0380  4.05719752
  0.0390  2.21687144
  0.0400  0.40163275
  0.0410  1.62232111
  0.0420  3.57135538
  0.0430  5.56364725
  0.0440  7.59285733
  0.0450  9.65724442
  0.0460  11.75572016
  0.0470  13.88736252
  0.0480  16.05130175
  0.0490  18.24668402
  0.0500  20.47265739
  0.0510  22.72836575
  0.0520  25.01294597
  0.0530  27.32552656
  0.0540  29.66522701
  0.0550  32.03115762
  0.0560  34.42241942
  0.0570  36.83810429
  0.0580  39.27729519
  0.0590  41.73906636
  0.0600  44.22248361
  0.0610  46.72660465
  0.0620  49.25047935
  0.0630  51.79315012
  0.0640  54.35365224
  0.0650  56.93101419
  0.0660  59.52425804
  0.0670  62.13239975
  0.0680  64.75444960
  0.0690  67.38941253
  0.0700  70.03628850
  0.0710  72.69407289
  0.0720  75.36175685
  0.0730  78.03832770
  0.0740  80.72276931
  0.0750  83.41406246
  0.0760  86.11118525
  0.0770  88.81311349
  0.0780  91.51882105
  0.0790  94.22728030
  0.0800  96.93746245
  0.0810  99.64833797
  0.0820  102.35887697
  0.0830  105.06804959
  0.0840  107.77482641
  0.0850  110.47817880
  0.0860  113.17707934
  0.0870  115.87050220
  0.0880  118.55742355
  0.0890  121.23682190
  0.0900  123.90767856
  0.0910  126.56897796
  0.0920  129.21970806
  0.0930  131.85886075
  0.0940  134.48543222
  0.0950  137.09842333
  0.0960  139.69684001
  0.0970  142.27969364
  0.0980  144.84600140
  0.0990  147.39478667
  0.1000  149.92507938
  0.1010  152.43591640
  0.1020  154.92634191
  0.1030  157.39540771
  0.1040  159.84217365
  0.1050  162.26570796
  0.1060  164.66508759
  0.1070  167.03939858
  0.1080  169.38773638
  0.1090  171.70920624
  0.1100  174.00292350
  0.1110  176.26801398
  0.1120  178.50361424
  0.1130  180.70887197
  0.1140  182.88294629
  0.1150  185.02500807
  0.1160  187.13424023
  0.1170  189.20983807
  0.1180  191.25100957
  0.1190  193.25697567
  0.1200  195.22697060
  0.1210  197.16024212
  0.1220  199.05605186
  0.1230  200.91367554
  0.1240  202.73240329
  0.1250  204.51153988
  0.1260  206.25040500
  0.1270  207.94833352
  0.1280  209.60467573
  0.1290  211.21879755
  0.1300  212.79008083
  0.1310  214.31792354
  0.1320  215.80173998
  0.1330  217.24096102
  0.1340  218.63503432
  0.1350  219.98342449
  0.1360  221.28561332
  0.1370  222.54109998
  0.1380  223.74940116
  0.1390  224.91005126
  0.1400  226.02260258
  0.1410  227.08662546
  0.1420  228.10170842
  0.1430  229.06745835
  0.1440  229.98350058
  0.1450  230.84947908
  0.1460  231.66505654
  0.1470  232.42991450
  0.1480  233.14375344
  0.1490  233.80629290
  0.1500  234.41727157
  0.1510  234.97644736
  0.1520  235.48359748
  0.1530  235.93851853
  0.1540  236.34102652
  0.1550  236.69095696
  0.1560  236.98816486
  0.1570  237.23252483
  0.1580  237.42393106
  0.1590  237.56229732
  0.1600  237.64755706
  0.1610  237.67966331
  0.1620  237.65858875
  0.1630  237.58432567
  0.1640  237.45688593
  0.1650  237.27630097
  0.1660  237.04262178
  0.1670  236.75591878
  0.1680  236.41628187
  0.1690  236.02382030
  0.1700  235.57866263
  0.1710  235.08095664
  0.1720  234.53086927
  0.1730  233.92858649
  0.1740  233.27431324
  0.1750  232.56827333
  0.1760  231.81070925
  0.1770  231.00188216
  0.1780  230.14207166
  0.1790  229.23157572
  0.1800  228.27071051
  0.1810  227.25981023
  0.1820  226.19922701
  0.1830  225.08933067
  0.1840  223.93050860
  0.1850  222.72316557
  0.1860  221.46772352
  0.1870  220.16462142
  0.1880  218.81431499
  0.1890  217.41727656
  0.1900  215.97399484
  0.1910  214.48497468
  0.1920  212.95073688
  0.1930  211.37181791
  0.1940  209.74876972
  0.1950  208.08215946
  0.1960  206.37256927
  0.1970  204.62059598
  0.1980  202.82685086
  0.1990  200.99195940
  0.2000  199.11656096
  0.2010  197.20130856
  0.2020  195.24686856
  0.2030  193.25392039
  0.2040  191.22315626
  0.2050  189.15528083
  0.2060  187.05101098
  0.2070  184.91107543
  0.2080  182.73621446
  0.2090  180.52717963
  0.2100  178.28473340
  0.2110  176.00964885
  0.2120  173.70270935
  0.2130  171.36470824
  0.2140  168.99644846
  0.2150  166.59874228
  0.2160  164.17241088
  0.2170  161.71828411
  0.2180  159.23720005
  0.2190  156.73000472
  0.2200  154.19755174
  0.2210  151.64070195
  0.2220  149.06032307
  0.2230  146.45728934
  0.2240  143.83248119
  0.2250  141.18678486
  0.2260  138.52109206
  0.2270  135.83629957
  0.2280  133.13330897
  0.2290  130.41302616
  0.2300  127.67636111
  0.2310  124.92422743
  0.2320  122.15754204
  0.2330  119.37722480
  0.2340  116.58419814
  0.2350  113.77938674
  0.2360  110.96371712
  0.2370  108.13811730
  0.2380  105.30351647
  0.2390  102.46084460
  0.2400  99.61103211
  0.2410  96.75500950
  0.2420  93.89370702
  0.2430  91.02805433
  0.2440  88.15898014
  0.2450  85.28741187
  0.2460  82.41427536
  0.2470  79.54049449
  0.2480  76.66699090
  0.2490  73.79468370
  0.2500  70.92448911
  0.2510  68.05732023
  0.2520  65.19408676
  0.2530  62.33569474
  0.2540  59.48304636
  0.2550  56.63703977
  0.2560  53.79856892
  0.2570  50.96852353
  0.2580  48.14778910
  0.2590  45.33724702
  0.2600  42.53777493
  0.2610  39.75024727
  0.2620  36.97553624
  0.2630  34.21451334
  0.2640  31.46805187
  0.2650  28.73703086
  0.2660  26.02234168
  0.2670  23.32489916
  0.2680  20.64566136
  0.2690  17.98566645
  0.2700  15.34610696
  0.2710  12.72849344
  0.2720  10.13506396
  0.2730  7.57001014
  0.2740  5.04433220
  0.2750  2.60806066
  0.2760  1.01247410
  0.2770  2.78450270
  0.2780  5.15900007
  0.2790  7.56497918
  0.2800  9.96008962
  0.2810  12.33446860
  0.2820  14.68429514
  0.2830  17.00754834
  0.2840  19.30290300
  0.2850  21.56935376
  0.2860  23.80606292
  0.2870  26.01229069
  0.2880  28.18736028
  0.2890  30.33063897
  0.2900  32.44152742
  0.2910  34.51945321
  0.2920  36.56386690
  0.2930  38.57423950
  0.2940  40.55006084
  0.2950  42.49083844
  0.2960  44.39609680
  0.2970  46.26537692
  0.2980  48.09823595
  0.2990  49.89424697
  0.3000  51.65299882
  0.3010  53.37409604
  0.3020  55.05715879
  0.3030  56.70182284
  0.3040  58.30773950
  0.3050  59.87457570
  0.3060  61.40201393
  0.3070  62.88975226
  0.3080  64.33750440
  0.3090  65.74499965
  0.3100  67.11198295
  0.3110  68.43821488
  0.3120  69.72347168
  0.3130  70.96754524
  0.3140  72.17024310
  0.3150  73.33138846
  0.3160  74.45082017
  0.3170  75.52839269
  0.3180  76.56397612
  0.3190  77.55745616
  0.3200  78.50873407
  0.3210  79.41772662
  0.3220  80.28436613
  0.3230  81.10860034
  0.3240  81.89039240
  0.3250  82.62972084
  0.3260  83.32657946
  0.3270  83.98097731
  0.3280  84.59293859
  0.3290  85.16250262
  0.3300  85.68972370
  0.3310  86.17467108
  0.3320  86.61742883
  0.3330  87.01809578
  0.3340  87.37678538
  0.3350  87.69362566
  0.3360  87.96875904
  0.3370  88.20234227
  0.3380  88.39454631
  0.3390  88.54555616
  0.3400  88.65557079
  0.3410  88.72480298
  0.3420  88.75347916
  0.3430  88.74183932
  0.3440  88.69013682
  0.3450  88.59863823
  0.3460  88.46762325
  0.3470  88.29738443
  0.3480  88.08822714
  0.3490  87.84046928
  0.3500  87.55444121
  0.3510  87.23048549
  0.3520  86.86895677
  0.3530  86.47022155
  0.3540  86.03465804
  0.3550  85.56265594
  0.3560  85.05461625
  0.3570  84.51095108
  0.3580  83.93208346
  0.3590  83.31844710
  0.3600  82.67048623
  0.3610  81.98865536
  0.3620  81.27341908
  0.3630  80.52525181
  0.3640  79.74463765
  0.3650  78.93207011
  0.3660  78.08805189
  0.3670  77.21309467
  0.3680  76.30771887
  0.3690  75.37245344
  0.3700  74.40783562
  0.3710  73.41441067
  0.3720  72.39273172
  0.3730  71.34335945
  0.3740  70.26686189
  0.3750  69.16381419
  0.3760  68.03479838
  0.3770  66.88040312
  0.3780  65.70122346
  0.3790  64.49786061
  0.3800  63.27092171
  0.3810  62.02101959
  0.3820  60.74877252
  0.3830  59.45480401
  0.3840  58.13974255
  0.3850  56.80422140
  0.3860  55.44887839
  0.3870  54.07435568
  0.3880  52.68129957
  0.3890  51.27036029
  0.3900  49.84219187
  0.3910  48.39745190
  0.3920  46.93680147
  0.3930  45.46090497
  0.3940  43.97043008
  0.3950  42.46604766
  0.3960  40.94843181
  0.3970  39.41825987
  0.3980  37.87621269
  0.3990  36.32297477
  0.4000  34.75923479
  0.4010  33.18568618
  0.4020  31.60302802
  0.4030  30.01196634
  0.4040  28.41321589
  0.4050  26.80750275
  0.4060  25.19556792
  0.4070  23.57817266
  0.4080  21.95610620
  0.4090  20.33019735
  0.4100  18.70133231
  0.4110  17.07048276
  0.4120  15.43875188
  0.4130  13.80745289
  0.4140  12.17825030
  0.4150  10.55343008
  0.4160  8.93645907
  0.4170  7.33326494
  0.4180  5.75557503
  0.4190  4.23130029
  0.4200  2.84504601
  0.4210  1.91712723
  0.4220  2.14865136
  0.4230  3.29846443
  0.4240  4.73483685
  0.4250  6.25933677
  0.4260  7.81667308
  0.4270  9.38686583
  0.4280  10.96093430
  0.4290  12.53411592
  0.4300  14.10353157
  0.4310  15.66724388
  0.4320  17.22382945
  0.4330  18.77216595
  0.4340  20.31131807
  0.4350  21.84047287
  0.4360  23.35890125
  0.4370  24.86593406
  0.4380  26.36094677
  0.4390  27.84334934
  0.4400  29.31257942
  0.4410  30.76809760
  0.4420  32.20938408
  0.4430  33.63593632
  0.4440  35.04726730
  0.4450  36.44290430
  0.4460  37.82238798
  0.4470  39.18527167
  0.4480  40.53112091
  0.4490  41.85951305
  0.4500  43.17003702
  0.4510  44.46229306
  0.4520  45.73589263
  0.4530  46.99045831
  0.4540  48.22562371
  0.4550  49.44103340
  0.4560  50.63634296
  0.4570  51.81121890
  0.4580  52.96533868
  0.4590  54.09839072
  0.4600  55.21007440
  0.4610  56.30010009
  0.4620  57.36818914
  0.4630  58.41407394
  0.4640  59.43749789
  0.4650  60.43821544
  0.4660  61.41599208
  0.4670  62.37060441
  0.4680  63.30184007
  0.4690  64.20949781
  0.4700  65.09338745
  0.4710  65.95332991
  0.4720  66.78915719
  0.4730  67.60071236
  0.4740  68.38784955
  0.4750  69.15043395
  0.4760  69.88834175
  0.4770  70.60146015
  0.4780  71.28968734
  0.4790  71.95293243
  0.4800  72.59111541
  0.4810  73.20416716
  0.4820  73.79202936
  0.4830  74.35465444
  0.4840  74.89200553
  0.4850  75.40405642
  0.4860  75.89079148
  0.4870  76.35220556
  0.4880  76.78830399
  0.4890  77.19910243
  0.4900  77.58462683
  0.4910  77.94491334
  0.4920  78.28000821
  0.4930  78.58996770
  0.4940  78.87485799
  0.4950  79.13475506
  0.4960  79.36974462
  0.4970  79.57992195
  0.4980  79.76539185
  0.4990  79.92626847
  0.5000  80.06267521
  0.5010  80.17474460
  0.5020  80.26261817
  0.5030  80.32644634
  0.5040  80.36638824
  0.5050  80.38261161
  0.5060  80.37529267
  0.5070  80.34461594
  0.5080  80.29077413
  0.5090  80.21396796
  0.5100  80.11440606
  0.5110  79.99230474
  0.5120  79.84788791
  0.5130  79.68138689
  0.5140  79.49304025
  0.5150  79.28309364
  0.5160  79.05179964
  0.5170  78.79941759
  0.5180  78.52621342
  0.5190  78.23245948
  0.5200  77.91843437
  0.5210  77.58442277
  0.5220  77.23071526
  0.5230  76.85760813
  0.5240  76.46540323
  0.5250  76.05440780
  0.5260  75.62493425
  0.5270  75.17729999
  0.5280  74.71182728
  0.5290  74.22884302
  0.5300  73.72867858
  0.5310  73.21166962
  0.5320  72.67815586
  0.5330  72.12848099
  0.5340  71.56299239
  0.5350  70.98204101
  0.5360  70.38598116
  0.5370  69.77517031
  0.5380  69.14996896
  0.5390  68.51074039
  0.5400  67.85785053
  0.5410  67.19166774
  0.5420  66.51256267
  0.5430  65.82090802
  0.5440  65.11707841
  0.5450  64.40145019
  0.5460  63.67440123
  0.5470  62.93631079
  0.5480  62.18755929
  0.5490  61.42852820
  0.5500  60.65959978
  0.5510  59.88115700
  0.5520  59.09358329
  0.5530  58.29726243
  0.5540  57.49257833
  0.5550  56.67991490
  0.5560  55.85965588
  0.5570  55.03218464
  0.5580  54.19788407
  0.5590  53.35713640
  0.5600  52.51032302
  0.5610  51.65782437
  0.5620  50.80001974
  0.5630  49.93728715
  0.5640  49.07000319
  0.5650  48.19854287
  0.5660  47.32327950
  0.5670  46.44458452
  0.5680  45.56282736
  0.5690  44.67837533
  0.5700  43.79159349
  0.5710  42.90284446
  0.5720  42.01248839
  0.5730  41.12088275
  0.5740  40.22838226
  0.5750  39.33533873
  0.5760  38.44210102
  0.5770  37.54901484
  0.5780  36.65642271
  0.5790  35.76466384
  0.5800  34.87407402
  0.5810  33.98498553
  0.5820  33.09772708
  0.5830  32.21262370
  0.5840  31.32999666
  0.5850  30.45016342
  0.5860  29.57343757
  0.5870  28.70012874
  0.5880  27.83054260
  0.5890  26.96498079
  0.5900  26.10374091
  0.5910  25.24711649
  0.5920  24.39539703
  0.5930  23.54886797
  0.5940  22.70781078
  0.5950  21.87250298
  0.5960  21.04321828
  0.5970  20.22022667
  0.5980  19.40379464
  0.5990  18.59418536
  0.6000  17.79165902
  0.6010  16.99647322
  0.6020  16.20888345
  0.6030  15.42914374
  0.6040  14.65750753
  0.6050  13.89422871
  0.6060  13.13956310
  0.6070  12.39377030
  0.6080  11.65711622
  0.6090  10.92987651
  0.6100  10.21234123
  0.6110  9.50482134
  0.6120  8.80765796
  0.6130  8.12123573
  0.6140  7.44600259
  0.6150  6.78249985
  0.6160  6.13140916
  0.6170  5.49362858
  0.6180  4.87040033
  0.6190  4.26353499
  0.6200  3.67582477
  0.6210  3.11184740
  0.6220  2.57961641
  0.6230  2.09409814
  0.6240  1.68443485
  0.6250  1.40432068
  0.6260  1.32340161
  0.6270  1.46193065
  0.6280  1.75845091
  0.6290  2.13986975
  0.6300  2.56151035
  0.6310  3.00049652
  0.6320  3.44507006
  0.6330  3.88884008
  0.6340  4.32810689
  0.6350  4.76060171
  0.6360  5.18486256
  0.6370  5.59990724
  0.6380  6.00505264
  0.6390  6.39981007
  0.6400  6.78382203
  0.6410  7.15682254
  0.6420  7.51861156
  0.6430  7.86903785
  0.6440  8.20798736
  0.6450  8.53537504
  0.6460  8.85113907
  0.6470  9.15523658
  0.6480  9.44764060
  0.6490  9.72833763
  0.6500  9.99732593
  0.6510  10.25461407
  0.6520  10.50021988
  0.6530  10.73416955
  0.6540  10.95649698
  0.6550  11.16724317
  0.6560  11.36645576
  0.6570  11.55418862
  0.6580  11.73050155
  0.6590  11.89545995
  0.6600  12.04913460
  0.6610  12.19160142
  0.6620  12.32294127
  0.6630  12.44323977
  0.6640  12.55258715
  0.6650  12.65107809
  0.6660  12.73881156
  0.6670  12.81589074
  0.6680  12.88242284
  0.6690  12.93851898
  0.6700  12.98429412
  0.6710  13.01986691
  0.6720  13.04535961
  0.6730  13.06089795
  0.6740  13.06661103
  0.6750  13.06263127
  0.6760  13.04909424
  0.6770  13.02613860
  0.6780  12.99390600
  0.6790  12.95254098
  0.6800  12.90219085
  0.6810  12.84300563
  0.6820  12.77513795
  0.6830  12.69874292
  0.6840  12.61397809
  0.6850  12.52100332
  0.6860  12.41998069
  0.6870  12.31107442
  0.6880  12.19445079
  0.6890  12.07027801
  0.6900  11.93872617
  0.6910  11.79996715
  0.6920  11.65417450
  0.6930  11.50152339
  0.6940  11.34219052
  0.6950  11.17635402
  0.6960  11.00419338
  0.6970  10.82588938
  0.6980  10.64162401
  0.6990  10.45158041
  0.7000  10.25594279
  0.7010  10.05489637
  0.7020  9.84862731
  0.7030  9.63732272
  0.7040  9.42117053
  0.7050  9.20035953
  0.7060  8.97507933
  0.7070  8.74552033
  0.7080  8.51187375
  0.7090  8.27433167
  0.7100  8.03308707
  0.7110  7.78833392
  0.7120  7.54026731
  0.7130  7.28908362
  0.7140  7.03498077
  0.7150  6.77815852
  0.7160  6.51881888
  0.7170  6.25716668
  0.7180  5.99341030
  0.7190  5.72776257
  0.7200  5.46044210
  0.7210  5.19167492
  0.7220  4.92169676
  0.7230  4.65075613
  0.7240  4.37911856
  0.7250  4.10707256
  0.7260  3.83493803
  0.7270  3.56307845
  0.7280  3.29191895
  0.7290  3.02197356
  0.7300  2.75388761
  0.7310  2.48850551
  0.7320  2.22698244
  0.7330  1.97097473
  0.7340  1.72297445
  0.7350  1.48691074
  0.7360  1.26922624
  0.7370  1.08064870
  0.7380  0.93820899
  0.7390  0.86408861
  0.7400  0.87472135
  0.7410  0.96617501
  0.7420  1.11768477
  0.7430  1.30749014
  0.7440  1.52032062
  0.7450  1.74683714
  0.7460  1.98145576
  0.7470  2.22075702
  0.7480  2.46256141
  0.7490  2.70541734
  0.7500  2.94831544
  0.7510  3.19052475
  0.7520  3.43149579
  0.7530  3.67080119
  0.7540  3.90809828
  0.7550  4.14310480
  0.7560  4.37558272
  0.7570  4.60532718
  0.7580  4.83215883
  0.7590  5.05591837
  0.7600  5.27646260
  0.7610  5.49366157
  0.7620  5.70739635
  0.7630  5.91755751
  0.7640  6.12404378
  0.7650  6.32676117
  0.7660  6.52562218
  0.7670  6.72054520
  0.7680  6.91145410
  0.7690  7.09827777
  0.7700  7.28094986
  0.7710  7.45940853
  0.7720  7.63359623
  0.7730  7.80345948
  0.7740  7.96894881
  0.7750  8.13001856
  0.7760  8.28662679
  0.7770  8.43873518
  0.7780  8.58630898
  0.7790  8.72931685
  0.7800  8.86773088
  0.7810  9.00152647
  0.7820  9.13068228
  0.7830  9.25518017
  0.7840  9.37500516
  0.7850  9.49014538
  0.7860  9.60059199
  0.7870  9.70633914
  0.7880  9.80738395
  0.7890  9.90372644
  0.7900  9.99536945
  0.7910  10.08231867
  0.7920  10.16458252
  0.7930  10.24217212
  0.7940  10.31510128
  0.7950  10.38338640
  0.7960  10.44704645
  0.7970  10.50610291
  0.7980  10.56057972
  0.7990  10.61050325
  0.8000  10.65590222
  0.8010  10.69680767
  0.8020  10.73325288
  0.8030  10.76527336
  0.8040  10.79290677
  0.8050  10.81619287
  0.8060  10.83517346
  0.8070  10.84989235
  0.8080  10.86039528
  0.8090  10.86672988
  0.8100  10.86894559
  0.8110  10.86709367
  0.8120  10.86122705
  0.8130  10.85140036
  0.8140  10.83766981
  0.8150  10.82009318
  0.8160  10.79872974
  0.8170  10.77364020
  0.8180  10.74488664
  0.8190  10.71253248
  0.8200  10.67664241
  0.8210  10.63728230
  0.8220  10.59451923
  0.8230  10.54842134
  0.8240  10.49905783
  0.8250  10.44649887
  0.8260  10.39081560
  0.8270  10.33207999
  0.8280  10.27036488
  0.8290  10.20574383
  0.8300  10.13829115
  0.8310  10.06808180
  0.8320  9.99519135
  0.8330  9.91969590
  0.8340  9.84167207
  0.8350  9.76119694
  0.8360  9.67834797
  0.8370  9.59320297
  0.8380  9.50584005
  0.8390  9.41633756
  0.8400  9.32477408
  0.8410  9.23122829
  0.8420  9.13577901
  0.8430  9.03850511
  0.8440  8.93948547
  0.8450  8.83879892
  0.8460  8.73652424
  0.8470  8.63274007
  0.8480  8.52752488
  0.8490  8.42095694
  0.8500  8.31311428
  0.8510  8.20407464
  0.8520  8.09391541
  0.8530  7.98271365
  0.8540  7.87054598
  0.8550  7.75748862
  0.8560  7.64361727
  0.8570  7.52900716
  0.8580  7.41373294
  0.8590  7.29786872
  0.8600  7.18148795
  0.8610  7.06466350
  0.8620  6.94746750
  0.8630  6.82997144
  0.8640  6.71224605
  0.8650  6.59436130
  0.8660  6.47638638
  0.8670  6.35838967
  0.8680  6.24043872
  0.8690  6.12260021
  0.8700  6.00493994
  0.8710  5.88752280
  0.8720  5.77041276
  0.8730  5.65367283
  0.8740  5.53736506
  0.8750  5.42155048
  0.8760  5.30628915
  0.8770  5.19164009
  0.8780  5.07766124
  0.8790  4.96440953
  0.8800  4.85194077
  0.8810  4.74030969
  0.8820  4.62956989
  0.8830  4.51977387
  0.8840  4.41097295
  0.8850  4.30321733
  0.8860  4.19655600
  0.8870  4.09103677
  0.8880  3.98670627
  0.8890  3.88360989
  0.8900  3.78179178
  0.8910  3.68129486
  0.8920  3.58216078
  0.8930  3.48442990
  0.8940  3.38814129
  0.8950  3.29333272
  0.8960  3.20004060
  0.8970  3.10830002
  0.8980  3.01814469
  0.8990  2.92960691
  0.9000  2.84271759
  0.9010  2.75750619
  0.9020  2.67400073
  0.9030  2.59222771
  0.9040  2.51221214
  0.9050  2.43397747
  0.9060  2.35754558
  0.9070  2.28293673
  0.9080  2.21016956
  0.9090  2.13926102
  0.9100  2.07022634
  0.9110  2.00307902
  0.9120  1.93783077
  0.9130  1.87449150
  0.9140  1.81306925
  0.9150  1.75357024
  0.9160  1.69599877
  0.9170  1.64035727
  0.9180  1.58664625
  0.9190  1.53486437
  0.9200  1.48500842
  0.9210  1.43707338
  0.9220  1.39105251
  0.9230  1.34693742
  0.9240  1.30471820
  0.9250  1.26438358
  0.9260  1.22592113
  0.9270  1.18931744
  0.9280  1.15455845
  0.9290  1.12162968
  0.9300  1.09051663
  0.9310  1.06120509
  0.9320  1.03368156
  0.9330  1.00793363
  0.9340  0.98395044
  0.9350  0.96172302
  0.9360  0.94124471
  0.9370  0.92251147
  0.9380  0.90552215
  0.9390  0.89027870
  0.9400  0.87678623
  0.9410  0.86505298
  0.9420  0.85509017
  0.9430  0.84691165
  0.9440  0.84053352
  0.9450  0.83597349
  0.9460  0.83325023
  0.9470  0.83238256
  0.9480  0.83338862
  0.9490  0.83628505
  0.9500  0.84108610
  0.9510  0.84780292
  0.9520  0.85644289
  0.9530  0.86700907
  0.9540  0.87949985
  0.9550  0.89390876
  0.9560  0.91022433
  0.9570  0.92843028
  0.9580  0.94850567
  0.9590  0.97042523
  0.9600  0.99415977
  0.9610  1.01967659
  0.9620  1.04693993
  0.9630  1.07591147
  0.9640  1.10655070
  0.9650  1.13881538
  0.9660  1.17266189
  0.9670  1.20804555
  0.9680  1.24492090
  0.9690  1.28324196
  0.9700  1.32296237
  0.9710  1.36403561
  0.9720  1.40641509
  0.9730  1.45005424
  0.9740  1.49490661
  0.9750  1.54092589
  0.9760  1.58806597
  0.9770  1.63628095
  0.9780  1.68552514
  0.9790  1.73575309
  0.9800  1.78691958
  0.9810  1.83897961
  0.9820  1.89188840
  0.9830  1.94560136
  0.9840  2.00007412
  0.9850  2.05526250
  0.9860  2.11112250
  0.9870  2.16761028
  0.9880  2.22468222
  0.9890  2.28229481
  0.9900  2.34040476
  0.9910  2.39896891
  0.9920  2.45794428
  0.9930  2.51728806
  0.9940  2.57695762
  0.9950  2.63691049
  0.9960  2.69710441
  0.9970  2.75749730
  0.9980  2.81804728
  0.9990  2.87871269
