  0.0000  88.86310653
  0.0010  88.82051363
  0.0020  88.69275786
  0.0030  88.47990810
  0.0040  88.18207903
  0.0050  87.79943118
  0.0060  87.33217072
  0.0070  86.78054943
  0.0080  86.14486451
  0.0090  85.42545840
  0.0100  84.62271861
  0.0110  83.73707747
  0.0120  82.76901189
  0.0130  81.71904305
  0.0140  80.58773614
  0.0150  79.37570002
  0.0160  78.08358682
  0.0170  76.71209162
  0.0180  75.26195201
  0.0190  73.73394767
  0.0200  72.12889991
  0.0210  70.44767118
  0.0220  68.69116462
  0.0230  66.86032348
  0.0240  64.95613059
  0.0250  62.97960779
  0.0260  60.93181538
  0.0270  58.81385143
  0.0280  56.62685122
  0.0290  54.37198656
  0.0300  52.05046514
  0.0310  49.66352981
  0.0320  47.21245795
  0.0330  44.69856071
  0.0340  42.12318231
  0.0350  39.48769938
  0.0360  36.79352022
  0.0370  34.04208420
  0.0380  31.23486117
  0.0390  28.37335108
  0.0400  25.45908390
  0.0410  22.49362012
  0.0420  19.47855274
  0.0430  16.41551245
  0.0440  13.30618165
  0.0450  10.15233722
  0.0460  6.95601588
  0.0470  3.72055926
  0.0480  0.49530092
  0.0490  2.89227168
  0.0500  6.23985157
  0.0510  9.62554235
  0.0520  13.04470527
  0.0530  16.49502702
  0.0540  19.97452724
  0.0550  23.48130663
  0.0560  27.01348784
  0.0570  30.56919703
  0.0580  34.14655733
  0.0590  37.74368640
  0.0600  41.35869584
  0.0610  44.98969132
  0.0620  48.63477312
  0.0630  52.29203688
  0.0640  55.95957447
  0.0650  59.63547492
  0.0660  63.31782538
  0.0670  67.00471215
  0.0680  70.69422167
  0.0690  74.38444155
  0.0700  78.07346158
  0.0710  81.75937480
  0.0720  85.44027850
  0.0730  89.11427522
  0.0740  92.77947385
  0.0750  96.43399058
  0.0760  100.07594995
  0.0770  103.70348582
  0.0780  107.31474244
  0.0790  110.90787537
  0.0800  114.48105249
  0.0810  118.03245502
  0.0820  121.56027841
  0.0830  125.06273336
  0.0840  128.53804673
  0.0850  131.98446249
  0.0860  135.40024263
  0.0870  138.78366810
  0.0880  142.13303969
  0.0890  145.44667888
  0.0900  148.72292879
  0.0910  151.96015496
  0.0920  155.15674625
  0.0930  158.31111564
  0.0940  161.42170103
  0.0950  164.48696608
  0.0960  167.50540095
  0.0970  170.47552308
  0.0980  173.39587795
  0.0990  176.26503978
  0.1000  179.08161227
  0.1010  181.84422928
  0.1020  184.55155551
  0.1030  187.20228716
  0.1040  189.79515256
  0.1050  192.32891282
  0.1060  194.80236236
  0.1070  197.21432958
  0.1080  199.56367736
  0.1090  201.84930361
  0.1100  204.07014180
  0.1110  206.22516145
  0.1120  208.31336863
  0.1130  210.33380639
  0.1140  212.28555519
  0.1150  214.16773335
  0.1160  215.97949741
  0.1170  217.72004253
  0.1180  219.38860280
  0.1190  220.98445161
  0.1200  222.50690193
  0.1210  223.95530658
  0.1220  225.32905853
  0.1230  226.62759111
  0.1240  227.85037824
  0.1250  228.99693460
  0.1260  230.06681584
  0.1270  231.05961868
  0.1280  231.97498109
  0.1290  232.81258235
  0.1300  233.57214314
  0.1310  234.25342564
  0.1320  234.85623349
  0.1330  235.38041188
  0.1340  235.82584748
  0.1350  236.19246846
  0.1360  236.48024439
  0.1370  236.68918622
  0.1380  236.81934612
  0.1390  236.87081741
  0.1400  236.84373439
  0.1410  236.73827219
  0.1420  236.55464659
  0.1430  236.29311381
  0.1440  235.95397026
  0.1450  235.53755234
  0.1460  235.04423613
  0.1470  234.47443710
  0.1480  233.82860985
  0.1490  233.10724770
  0.1500  232.31088242
  0.1510  231.44008380
  0.1520  230.49545929
  0.1530  229.47765358
  0.1540  228.38734816
  0.1550  227.22526090
  0.1560  225.99214558
  0.1570  224.68879137
  0.1580  223.31602235
  0.1590  221.87469702
  0.1600  220.36570770
  0.1610  218.78998002
  0.1620  217.14847234
  0.1630  215.44217515
  0.1640  213.67211047
  0.1650  211.83933123
  0.1660  209.94492064
  0.1670  207.98999153
  0.1680  205.97568568
  0.1690  203.90317316
  0.1700  201.77365162
  0.1710  199.58834555
  0.1720  197.34850565
  0.1730  195.05540798
  0.1740  192.71035331
  0.1750  190.31466630
  0.1760  187.86969475
  0.1770  185.37680885
  0.1780  182.83740031
  0.1790  180.25288164
  0.1800  177.62468528
  0.1810  174.95426281
  0.1820  172.24308410
  0.1830  169.49263647
  0.1840  166.70442388
  0.1850  163.87996600
  0.1860  161.02079742
  0.1870  158.12846675
  0.1880  155.20453573
  0.1890  152.25057838
  0.1900  149.26818008
  0.1910  146.25893672
  0.1920  143.22445375
  0.1930  140.16634533
  0.1940  137.08623341
  0.1950  133.98574680
  0.1960  130.86652031
  0.1970  127.73019380
  0.1980  124.57841127
  0.1990  121.41281999
  0.2000  118.23506954
  0.2010  115.04681091
  0.2020  111.84969562
  0.2030  108.64537477
  0.2040  105.43549814
  0.2050  102.22171332
  0.2060  99.00566477
  0.2070  95.78899290
  0.2080  92.57333326
  0.2090  89.36031556
  0.2100  86.15156283
  0.2110  82.94869054
  0.2120  79.75330570
  0.2130  76.56700604
  0.2140  73.39137910
  0.2150  70.22800141
  0.2160  67.07843765
  0.2170  63.94423981
  0.2180  60.82694640
  0.2190  57.72808159
  0.2200  54.64915447
  0.2210  51.59165826
  0.2220  48.55706956
  0.2230  45.54684763
  0.2240  42.56243369
  0.2250  39.60525028
  0.2260  36.67670064
  0.2270  33.77816828
  0.2280  30.91101654
  0.2290  28.07658843
  0.2300  25.27620686
  0.2310  22.51117542
  0.2320  19.78278030
  0.2330  17.09229462
  0.2340  14.44098790
  0.2350  11.83014825
  0.2360  9.26114103
  0.2370  6.73559652
  0.2380  4.25623890
  0.2390  1.83420872
  0.2400  0.67743305
  0.2410  2.95569692
  0.2420  5.24660341
  0.2430  7.49383448
  0.2440  9.69289031
  0.2450  11.84201618
  0.2460  13.94003476
  0.2470  15.98597040
  0.2480  17.97894665
  0.2490  19.91815052
  0.2500  21.80281780
  0.2510  23.63222635
  0.2520  25.40569289
  0.2530  27.12257125
  0.2540  28.78225153
  0.2550  30.38415966
  0.2560  31.92775713
  0.2570  33.41254097
  0.2580  34.83804365
  0.2590  36.20383316
  0.2600  37.50951303
  0.2610  38.75472236
  0.2620  39.93913585
  0.2630  41.06246384
  0.2640  42.12445234
  0.2650  43.12488299
  0.2660  44.06357308
  0.2670  44.94037549
  0.2680  45.75517863
  0.2690  46.50790642
  0.2700  47.19851812
  0.2710  47.82700827
  0.2720  48.39340653
  0.2730  48.89777757
  0.2740  49.34022083
  0.2750  49.72087037
  0.2760  50.03989467
  0.2770  50.29749635
  0.2780  50.49391195
  0.2790  50.62941167
  0.2800  50.70429903
  0.2810  50.71891061
  0.2820  50.67361570
  0.2830  50.56881594
  0.2840  50.40494498
  0.2850  50.18246807
  0.2860  49.90188168
  0.2870  49.56371308
  0.2880  49.16851987
  0.2890  48.71688957
  0.2900  48.20943913
  0.2910  47.64681445
  0.2920  47.02968987
  0.2930  46.35876767
  0.2940  45.63477753
  0.2950  44.85847598
  0.2960  44.03064583
  0.2970  43.15209564
  0.2980  42.22365910
  0.2990  41.24619442
  0.3000  40.22058376
  0.3010  39.14773256
  0.3020  38.02856895
  0.3030  36.86404308
  0.3040  35.65512648
  0.3050  34.40281136
  0.3060  33.10811000
  0.3070  31.77205400
  0.3080  30.39569366
  0.3090  28.98009723
  0.3100  27.52635023
  0.3110  26.03555477
  0.3120  24.50882881
  0.3130  22.94730550
  0.3140  21.35213245
  0.3150  19.72447111
  0.3160  18.06549608
  0.3170  16.37639463
  0.3180  14.65836621
  0.3190  12.91262234
  0.3200  11.14038711
  0.3210  9.34289913
  0.3220  7.52141757
  0.3230  5.67724177
  0.3240  3.81179156
  0.3250  1.92716861
  0.3260  0.11662420
  0.3270  1.90827841
  0.3280  3.84618816
  0.3290  5.80051092
  0.3300  7.76909193
  0.3310  9.75048100
  0.3320  11.74334419
  0.3330  13.74638094
  0.3340  15.75830396
  0.3350  17.77783302
  0.3360  19.80369293
  0.3370  21.83461302
  0.3380  23.86932721
  0.3390  25.90657442
  0.3400  27.94509907
  0.3410  29.98365167
  0.3420  32.02098946
  0.3430  34.05587702
  0.3440  36.08708695
  0.3450  38.11340053
  0.3460  40.13360833
  0.3470  42.14651088
  0.3480  44.15091934
  0.3490  46.14565604
  0.3500  48.12955521
  0.3510  50.10146351
  0.3520  52.06024066
  0.3530  54.00476005
  0.3540  55.93390931
  0.3550  57.84659084
  0.3560  59.74172245
  0.3570  61.61823781
  0.3580  63.47508707
  0.3590  65.31123733
  0.3600  67.12567314
  0.3610  68.91739706
  0.3620  70.68543007
  0.3630  72.42881206
  0.3640  74.14660232
  0.3650  75.83787994
  0.3660  77.50174425
  0.3670  79.13731523
  0.3680  80.74373394
  0.3690  82.32016285
  0.3700  83.86578624
  0.3710  85.37981058
  0.3720  86.86146480
  0.3730  88.31000071
  0.3740  89.72469321
  0.3750  91.10484066
  0.3760  92.44976514
  0.3770  93.75881268
  0.3780  95.03135357
  0.3790  96.26678254
  0.3800  97.46451900
  0.3810  98.62400725
  0.3820  99.74471667
  0.3830  100.82614186
  0.3840  101.86780282
  0.3850  102.86924512
  0.3860  103.83003996
  0.3870  104.74978433
  0.3880  105.62810108
  0.3890  106.46463902
  0.3900  107.25907298
  0.3910  108.01110381
  0.3920  108.72045850
  0.3930  109.38689012
  0.3940  110.01017787
  0.3950  110.59012703
  0.3960  111.12656899
  0.3970  111.61936114
  0.3980  112.06838684
  0.3990  112.47355538
  0.4000  112.83480186
  0.4010  113.15208706
  0.4020  113.42539741
  0.4030  113.65474478
  0.4040  113.84016637
  0.4050  113.98172456
  0.4060  114.07950672
  0.4070  114.13362505
  0.4080  114.14421635
  0.4090  114.11144183
  0.4100  114.03548689
  0.4110  113.91656086
  0.4120  113.75489677
  0.4130  113.55075109
  0.4140  113.30440344
  0.4150  113.01615631
  0.4160  112.68633476
  0.4170  112.31528612
  0.4180  111.90337966
  0.4190  111.45100625
  0.4200  110.95857802
  0.4210  110.42652802
  0.4220  109.85530984
  0.4230  109.24539723
  0.4240  108.59728374
  0.4250  107.91148228
  0.4260  107.18852477
  0.4270  106.42896169
  0.4280  105.63336165
  0.4290  104.80231100
  0.4300  103.93641335
  0.4310  103.03628913
  0.4320  102.10257516
  0.4330  101.13592415
  0.4340  100.13700425
  0.4350  99.10649856
  0.4360  98.04510469
  0.4370  96.95353418
  0.4380  95.83251210
  0.4390  94.68277648
  0.4400  93.50507783
  0.4410  92.30017863
  0.4420  91.06885280
  0.4430  89.81188517
  0.4440  88.53007099
  0.4450  87.22421536
  0.4460  85.89513271
  0.4470  84.54364627
  0.4480  83.17058752
  0.4490  81.77679566
  0.4500  80.36311704
  0.4510  78.93040464
  0.4520  77.47951753
  0.4530  76.01132028
  0.4540  74.52668243
  0.4550  73.02647797
  0.4560  71.51158473
  0.4570  69.98288390
  0.4580  68.44125939
  0.4590  66.88759739
  0.4600  65.32278573
  0.4610  63.74771338
  0.4620  62.16326989
  0.4630  60.57034486
  0.4640  58.96982738
  0.4650  57.36260554
  0.4660  55.74956582
  0.4670  54.13159264
  0.4680  52.50956779
  0.4690  50.88436991
  0.4700  49.25687399
  0.4710  47.62795085
  0.4720  45.99846663
  0.4730  44.36928231
  0.4740  42.74125320
  0.4750  41.11522843
  0.4760  39.49205054
  0.4770  37.87255493
  0.4780  36.25756944
  0.4790  34.64791391
  0.4800  33.04439968
  0.4810  31.44782922
  0.4820  29.85899566
  0.4830  28.27868242
  0.4840  26.70766279
  0.4850  25.14669961
  0.4860  23.59654486
  0.4870  22.05793939
  0.4880  20.53161268
  0.4890  19.01828258
  0.4900  17.51865524
  0.4910  16.03342515
  0.4920  14.56327537
  0.4930  13.10887824
  0.4940  11.67089670
  0.4950  10.24998700
  0.4960  8.84680410
  0.4970  7.46201316
  0.4980  6.09631619
  0.4990  4.75052283
  0.5000  3.42578125
  0.5010  2.12464020
  0.5020  0.86144926
  0.5030  0.50739664
  0.5040  1.70155161
  0.5050  2.91354545
  0.5060  4.10725142
  0.5070  5.27902783
  0.5080  6.42763386
  0.5090  7.55235907
  0.5100  8.65267532
  0.5110  9.72813843
  0.5120  10.77835290
  0.5130  11.80295711
  0.5140  12.80161641
  0.5150  13.77401956
  0.5160  14.71987678
  0.5170  15.63891869
  0.5180  16.53089558
  0.5190  17.39557702
  0.5200  18.23275158
  0.5210  19.04222661
  0.5220  19.82382810
  0.5230  20.57740055
  0.5240  21.30280688
  0.5250  21.99992833
  0.5260  22.66866431
  0.5270  23.30893237
  0.5280  23.92066803
  0.5290  24.50382473
  0.5300  25.05837363
  0.5310  25.58430355
  0.5320  26.08162078
  0.5330  26.55034898
  0.5340  26.99052898
  0.5350  27.40221862
  0.5360  27.78549261
  0.5370  28.14044228
  0.5380  28.46717546
  0.5390  28.76581620
  0.5400  29.03650462
  0.5410  29.27939664
  0.5420  29.49466378
  0.5430  29.68249290
  0.5440  29.84308597
  0.5450  29.97665978
  0.5460  30.08344571
  0.5470  30.16368945
  0.5480  30.21765072
  0.5490  30.24560295
  0.5500  30.24783304
  0.5510  30.22464103
  0.5520  30.17633979
  0.5530  30.10325471
  0.5540  30.00572339
  0.5550  29.88409532
  0.5560  29.73873152
  0.5570  29.57000423
  0.5580  29.37829658
  0.5590  29.16400221
  0.5600  28.92752494
  0.5610  28.66927845
  0.5620  28.38968587
  0.5630  28.08917945
  0.5640  27.76820018
  0.5650  27.42719746
  0.5660  27.06662871
  0.5670  26.68695898
  0.5680  26.28866062
  0.5690  25.87221288
  0.5700  25.43810155
  0.5710  24.98681857
  0.5720  24.51886169
  0.5730  24.03473403
  0.5740  23.53494377
  0.5750  23.02000376
  0.5760  22.49043112
  0.5770  21.94674688
  0.5780  21.38947565
  0.5790  20.81914517
  0.5800  20.23628603
  0.5810  19.64143125
  0.5820  19.03511597
  0.5830  18.41787704
  0.5840  17.79025274
  0.5850  17.15278240
  0.5860  16.50600607
  0.5870  15.85046425
  0.5880  15.18669753
  0.5890  14.51524635
  0.5900  13.83665077
  0.5910  13.15145016
  0.5920  12.46018314
  0.5930  11.76338741
  0.5940  11.06159974
  0.5950  10.35535615
  0.5960  9.64519220
  0.5970  8.93164369
  0.5980  8.21524784
  0.5990  7.49654537
  0.6000  6.77608408
  0.6010  6.05442522
  0.6020  5.33215525
  0.6030  4.60990886
  0.6040  3.88841778
  0.6050  3.16862581
  0.6060  2.45200434
  0.6070  1.74163416
  0.6080  1.04758831
  0.6090  0.44325032
  0.6100  0.56521519
  0.6110  1.20540303
  0.6120  1.89239822
  0.6130  2.58568058
  0.6140  3.27813869
  0.6150  3.96734364
  0.6160  4.65207745
  0.6170  5.33155250
  0.6180  6.00516880
  0.6190  6.67242162
  0.6200  7.33286111
  0.6210  7.98607271
  0.6220  8.63166696
  0.6230  9.26927383
  0.6240  9.89853938
  0.6250  10.51912386
  0.6260  11.13070036
  0.6270  11.73295414
  0.6280  12.32558209
  0.6290  12.90829239
  0.6300  13.48080434
  0.6310  14.04284823
  0.6320  14.59416524
  0.6330  15.13450742
  0.6340  15.66363762
  0.6350  16.18132955
  0.6360  16.68736771
  0.6370  17.18154743
  0.6380  17.66367487
  0.6390  18.13356698
  0.6400  18.59105158
  0.6410  19.03596725
  0.6420  19.46816343
  0.6430  19.88750032
  0.6440  20.29384893
  0.6450  20.68709098
  0.6460  21.06711896
  0.6470  21.43383602
  0.6480  21.78715597
  0.6490  22.12700320
  0.6500  22.45331268
  0.6510  22.76602983
  0.6520  23.06511051
  0.6530  23.35052092
  0.6540  23.62223753
  0.6550  23.88024698
  0.6560  24.12454601
  0.6570  24.35514137
  0.6580  24.57204968
  0.6590  24.77529735
  0.6600  24.96492047
  0.6610  25.14096466
  0.6620  25.30348498
  0.6630  25.45254579
  0.6640  25.58822058
  0.6650  25.71059188
  0.6660  25.81975108
  0.6670  25.91579830
  0.6680  25.99884220
  0.6690  26.06899987
  0.6700  26.12639661
  0.6710  26.17116581
  0.6720  26.20344874
  0.6730  26.22339439
  0.6740  26.23115927
  0.6750  26.22690726
  0.6760  26.21080939
  0.6770  26.18304363
  0.6780  26.14379477
  0.6790  26.09325411
  0.6800  26.03161936
  0.6810  25.95909436
  0.6820  25.87588893
  0.6830  25.78221860
  0.6840  25.67830446
  0.6850  25.56437287
  0.6860  25.44065532
  0.6870  25.30738815
  0.6880  25.16481237
  0.6890  25.01317341
  0.6900  24.85272089
  0.6910  24.68370842
  0.6920  24.50639338
  0.6930  24.32103662
  0.6940  24.12790235
  0.6950  23.92725778
  0.6960  23.71937300
  0.6970  23.50452068
  0.6980  23.28297588
  0.6990  23.05501578
  0.7000  22.82091950
  0.7010  22.58096782
  0.7020  22.33544300
  0.7030  22.08462850
  0.7040  21.82880879
  0.7050  21.56826912
  0.7060  21.30329528
  0.7070  21.03417337
  0.7080  20.76118963
  0.7090  20.48463014
  0.7100  20.20478066
  0.7110  19.92192640
  0.7120  19.63635179
  0.7130  19.34834028
  0.7140  19.05817413
  0.7150  18.76613421
  0.7160  18.47249977
  0.7170  18.17754827
  0.7180  17.88155516
  0.7190  17.58479368
  0.7200  17.28753469
  0.7210  16.99004648
  0.7220  16.69259454
  0.7230  16.39544144
  0.7240  16.09884661
  0.7250  15.80306619
  0.7260  15.50835284
  0.7270  15.21495557
  0.7280  14.92311960
  0.7290  14.63308621
  0.7300  14.34509253
  0.7310  14.05937146
  0.7320  13.77615146
  0.7330  13.49565647
  0.7340  13.21810574
  0.7350  12.94371369
  0.7360  12.67268983
  0.7370  12.40523857
  0.7380  12.14155916
  0.7390  11.88184556
  0.7400  11.62628634
  0.7410  11.37506456
  0.7420  11.12835769
  0.7430  10.88633751
  0.7440  10.64917004
  0.7450  10.41701546
  0.7460  10.19002801
  0.7470  9.96835593
  0.7480  9.75214145
  0.7490  9.54152064
  0.7500  9.33662344
  0.7510  9.13757357
  0.7520  8.94448853
  0.7530  8.75747952
  0.7540  8.57665145
  0.7550  8.40210292
  0.7560  8.23392619
  0.7570  8.07220719
  0.7580  7.91702550
  0.7590  7.76845441
  0.7600  7.62656085
  0.7610  7.49140551
  0.7620  7.36304278
  0.7630  7.24152083
  0.7640  7.12688165
  0.7650  7.01916107
  0.7660  6.91838883
  0.7670  6.82458863
  0.7680  6.73777819
  0.7690  6.65796930
  0.7700  6.58516788
  0.7710  6.51937407
  0.7720  6.46058230
  0.7730  6.40878130
  0.7740  6.36395425
  0.7750  6.32607879
  0.7760  6.29512711
  0.7770  6.27106602
  0.7780  6.25385701
  0.7790  6.24345631
  0.7800  6.23981499
  0.7810  6.24287897
  0.7820  6.25258916
  0.7830  6.26888145
  0.7840  6.29168687
  0.7850  6.32093156
  0.7860  6.35653695
  0.7870  6.39841976
  0.7880  6.44649214
  0.7890  6.50066170
  0.7900  6.56083166
  0.7910  6.62690093
  0.7920  6.69876420
  0.7930  6.77631203
  0.7940  6.85943102
  0.7950  6.94800389
  0.7960  7.04190958
  0.7970  7.14102341
  0.7980  7.24521720
  0.7990  7.35435941
  0.8000  7.46831523
  0.8010  7.58694678
  0.8020  7.71011318
  0.8030  7.83767076
  0.8040  7.96947314
  0.8050  8.10537140
  0.8060  8.24521423
  0.8070  8.38884806
  0.8080  8.53611717
  0.8090  8.68686390
  0.8100  8.84092873
  0.8110  8.99815045
  0.8120  9.15836631
  0.8130  9.32141213
  0.8140  9.48712243
  0.8150  9.65533064
  0.8160  9.82586913
  0.8170  9.99856944
  0.8180  10.17326236
  0.8190  10.34977806
  0.8200  10.52794626
  0.8210  10.70759634
  0.8220  10.88855744
  0.8230  11.07065864
  0.8240  11.25372905
  0.8250  11.43759793
  0.8260  11.62209486
  0.8270  11.80704979
  0.8280  11.99229323
  0.8290  12.17765631
  0.8300  12.36297096
  0.8310  12.54806994
  0.8320  12.73278703
  0.8330  12.91695713
  0.8340  13.10041632
  0.8350  13.28300202
  0.8360  13.46455308
  0.8370  13.64490987
  0.8380  13.82391442
  0.8390  14.00141047
  0.8400  14.17724361
  0.8410  14.35126137
  0.8420  14.52331330
  0.8430  14.69325108
  0.8440  14.86092858
  0.8450  15.02620201
  0.8460  15.18892993
  0.8470  15.34897341
  0.8480  15.50619606
  0.8490  15.66046413
  0.8500  15.81164659
  0.8510  15.95961521
  0.8520  16.10424461
  0.8530  16.24541237
  0.8540  16.38299908
  0.8550  16.51688840
  0.8560  16.64696714
  0.8570  16.77312531
  0.8580  16.89525620
  0.8590  17.01325642
  0.8600  17.12702597
  0.8610  17.23646828
  0.8620  17.34149028
  0.8630  17.44200243
  0.8640  17.53791878
  0.8650  17.62915701
  0.8660  17.71563847
  0.8670  17.79728823
  0.8680  17.87403510
  0.8690  17.94581168
  0.8700  18.01255440
  0.8710  18.07420352
  0.8720  18.13070317
  0.8730  18.18200140
  0.8740  18.22805017
  0.8750  18.26880539
  0.8760  18.30422692
  0.8770  18.33427860
  0.8780  18.35892826
  0.8790  18.37814773
  0.8800  18.39191283
  0.8810  18.40020341
  0.8820  18.40300331
  0.8830  18.40030039
  0.8840  18.39208653
  0.8850  18.37835760
  0.8860  18.35911346
  0.8870  18.33435796
  0.8880  18.30409892
  0.8890  18.26834812
  0.8900  18.22712126
  0.8910  18.18043797
  0.8920  18.12832176
  0.8930  18.07080000
  0.8940  18.00790392
  0.8950  17.93966852
  0.8960  17.86613258
  0.8970  17.78733863
  0.8980  17.70333287
  0.8990  17.61416517
  0.9000  17.51988898
  0.9010  17.42056134
  0.9020  17.31624278
  0.9030  17.20699729
  0.9040  17.09289228
  0.9050  16.97399849
  0.9060  16.85038996
  0.9070  16.72214394
  0.9080  16.58934086
  0.9090  16.45206424
  0.9100  16.31040063
  0.9110  16.16443954
  0.9120  16.01427336
  0.9130  15.85999729
  0.9140  15.70170927
  0.9150  15.53950990
  0.9160  15.37350234
  0.9170  15.20379225
  0.9180  15.03048769
  0.9190  14.85369905
  0.9200  14.67353895
  0.9210  14.49012215
  0.9220  14.30356548
  0.9230  14.11398771
  0.9240  13.92150947
  0.9250  13.72625319
  0.9260  13.52834296
  0.9270  13.32790445
  0.9280  13.12506480
  0.9290  12.91995254
  0.9300  12.71269749
  0.9310  12.50343063
  0.9320  12.29228404
  0.9330  12.07939075
  0.9340  11.86488470
  0.9350  11.64890057
  0.9360  11.43157373
  0.9370  11.21304012
  0.9380  10.99343613
  0.9390  10.77289854
  0.9400  10.55156436
  0.9410  10.32957080
  0.9420  10.10705509
  0.9430  9.88415447
  0.9440  9.66100601
  0.9450  9.43774656
  0.9460  9.21451265
  0.9470  8.99144038
  0.9480  8.76866534
  0.9490  8.54632254
  0.9500  8.32454626
  0.9510  8.10347003
  0.9520  7.88322652
  0.9530  7.66394747
  0.9540  7.44576360
  0.9550  7.22880454
  0.9560  7.01319879
  0.9570  6.79907361
  0.9580  6.58655500
  0.9590  6.37576764
  0.9600  6.16683482
  0.9610  5.95987843
  0.9620  5.75501891
  0.9630  5.55237524
  0.9640  5.35206491
  0.9650  5.15420394
  0.9660  4.95890685
  0.9670  4.76628675
  0.9680  4.57645531
  0.9690  4.38952286
  0.9700  4.20559847
  0.9710  4.02479004
  0.9720  3.84720444
  0.9730  3.67294770
  0.9740  3.50212519
  0.9750  3.33484189
  0.9760  3.17120270
  0.9770  3.01131281
  0.9780  2.85527817
  0.9790  2.70320604
  0.9800  2.55520559
  0.9810  2.41138873
  0.9820  2.27187103
  0.9830  2.13677277
  0.9840  2.00622024
  0.9850  1.88034724
  0.9860  1.75929675
  0.9870  1.64322283
  0.9880  1.53229271
  0.9890  1.42668886
  0.9900  1.32661099
  0.9910  1.23227741
  0.9920  1.14392541
  0.9930  1.06180953
  0.9940  0.98619652
  0.9950  0.91735539
  0.9960  0.85554052
  0.9970  0.80096664
  0.9980  0.75377514
  0.9990  0.71399465
