0 1.45008
0.001 1.44947
0.002 1.44766
0.003 1.44463
0.004 1.44039
0.005 1.43495
0.006 1.4283
0.007 1.42045
0.008 1.41141
0.009 1.40118
0.01 1.38975
0.011 1.37715
0.012 1.36338
0.013 1.34844
0.014 1.33234
0.015 1.31509
0.016 1.2967
0.017 1.27718
0.018 1.25654
0.019 1.23479
0.02 1.21194
0.021 1.188
0.022 1.16299
0.023 1.13691
0.024 1.10979
0.025 1.08164
0.026 1.05246
0.027 1.02229
0.028 0.991122
0.029 0.958986
0.03 0.925894
0.031 0.891864
0.032 0.856913
0.033 0.821061
0.034 0.784325
0.035 0.746724
0.036 0.708277
0.037 0.669005
0.038 0.628927
0.039 0.588065
0.04 0.546439
0.041 0.50407
0.042 0.46098
0.043 0.417191
0.044 0.372725
0.045 0.327606
0.046 0.281855
0.047 0.235497
0.048 0.188554
0.049 0.14105
0.05 0.0930092
0.051 0.044456
0.052 0.00458541
0.053 0.0540905
0.054 0.104034
0.055 0.154392
0.056 0.205139
0.057 0.25625
0.058 0.307699
0.059 0.35946
0.06 0.41151
0.061 0.463821
0.062 0.516368
0.063 0.569125
0.064 0.622067
0.065 0.675168
0.066 0.728402
0.067 0.781743
0.068 0.835166
0.069 0.888645
0.07 0.942154
0.071 0.995668
0.072 1.04916
0.073 1.10261
0.074 1.15598
0.075 1.20926
0.076 1.26242
0.077 1.31543
0.078 1.36827
0.079 1.42091
0.08 1.47334
0.081 1.52552
0.082 1.57743
0.083 1.62905
0.084 1.68035
0.085 1.73132
0.086 1.78193
0.087 1.83215
0.088 1.88196
0.089 1.93135
0.09 1.98029
0.091 2.02875
0.092 2.07673
0.093 2.12419
0.094 2.17112
0.095 2.21749
0.096 2.26329
0.097 2.3085
0.098 2.3531
0.099 2.39707
0.1 2.44039
0.101 2.48304
0.102 2.52502
0.103 2.56629
0.104 2.60685
0.105 2.64668
0.106 2.68576
0.107 2.72408
0.108 2.76162
0.109 2.79837
0.11 2.83431
0.111 2.86944
0.112 2.90374
0.113 2.9372
0.114 2.9698
0.115 3.00154
0.116 3.0324
0.117 3.06238
0.118 3.09146
0.119 3.11964
0.12 3.1469
0.121 3.17324
0.122 3.19865
0.123 3.22313
0.124 3.24666
0.125 3.26924
0.126 3.29087
0.127 3.31153
0.128 3.33123
0.129 3.34996
0.13 3.36772
0.131 3.3845
0.132 3.40031
0.133 3.41513
0.134 3.42897
0.135 3.44182
0.136 3.4537
0.137 3.46458
0.138 3.47448
0.139 3.4834
0.14 3.49133
0.141 3.49828
0.142 3.50426
0.143 3.50925
0.144 3.51328
0.145 3.51633
0.146 3.51841
0.147 3.51954
0.148 3.5197
0.149 3.51892
0.15 3.51718
0.151 3.51451
0.152 3.5109
0.153 3.50636
0.154 3.5009
0.155 3.49453
0.156 3.48725
0.157 3.47908
0.158 3.47001
0.159 3.46007
0.16 3.44925
0.161 3.43758
0.162 3.42505
0.163 3.41168
0.164 3.39748
0.165 3.38246
0.166 3.36663
0.167 3.35
0.168 3.33259
0.169 3.3144
0.17 3.29544
0.171 3.27574
0.172 3.2553
0.173 3.23414
0.174 3.21226
0.175 3.18968
0.176 3.16642
0.177 3.14249
0.178 3.11789
0.179 3.09265
0.18 3.06678
0.181 3.0403
0.182 3.01321
0.183 2.98553
0.184 2.95727
0.185 2.92846
0.186 2.89911
0.187 2.86922
0.188 2.83882
0.189 2.80791
0.19 2.77652
0.191 2.74466
0.192 2.71235
0.193 2.67959
0.194 2.64641
0.195 2.61282
0.196 2.57883
0.197 2.54446
0.198 2.50973
0.199 2.47465
0.2 2.43923
0.201 2.40349
0.202 2.36744
0.203 2.33111
0.204 2.2945
0.205 2.25763
0.206 2.22051
0.207 2.18316
0.208 2.14559
0.209 2.10782
0.21 2.06987
0.211 2.03174
0.212 1.99345
0.213 1.95501
0.214 1.91644
0.215 1.87776
0.216 1.83897
0.217 1.80009
0.218 1.76113
0.219 1.72211
0.22 1.68304
0.221 1.64393
0.222 1.60479
0.223 1.56565
0.224 1.5265
0.225 1.48737
0.226 1.44826
0.227 1.40918
0.228 1.37016
0.229 1.3312
0.23 1.2923
0.231 1.2535
0.232 1.21478
0.233 1.17617
0.234 1.13768
0.235 1.09931
0.236 1.06108
0.237 1.023
0.238 0.985072
0.239 0.947312
0.24 0.909729
0.241 0.872331
0.242 0.835128
0.243 0.798129
0.244 0.761343
0.245 0.724777
0.246 0.688442
0.247 0.652344
0.248 0.616493
0.249 0.580895
0.25 0.545558
0.251 0.510491
0.252 0.475699
0.253 0.44119
0.254 0.406971
0.255 0.373049
0.256 0.339429
0.257 0.306119
0.258 0.273125
0.259 0.240452
0.26 0.208105
0.261 0.176092
0.262 0.144416
0.263 0.113083
0.264 0.0820989
0.265 0.0514675
0.266 0.0211936
0.267 0.008718
0.268 0.0382632
0.269 0.0674377
0.27 0.0962376
0.271 0.124659
0.272 0.152698
0.273 0.180352
0.274 0.207616
0.275 0.234488
0.276 0.260965
0.277 0.287043
0.278 0.31272
0.279 0.337994
0.28 0.362861
0.281 0.387319
0.282 0.411367
0.283 0.435001
0.284 0.458221
0.285 0.481024
0.286 0.503408
0.287 0.525371
0.288 0.546913
0.289 0.568032
0.29 0.588727
0.291 0.608995
0.292 0.628837
0.293 0.648252
0.294 0.667238
0.295 0.685795
0.296 0.703922
0.297 0.721618
0.298 0.738884
0.299 0.755718
0.3 0.772121
0.301 0.788092
0.302 0.803631
0.303 0.818739
0.304 0.833414
0.305 0.847658
0.306 0.86147
0.307 0.874851
0.308 0.887801
0.309 0.900321
0.31 0.912411
0.311 0.924072
0.312 0.935304
0.313 0.946109
0.314 0.956486
0.315 0.966437
0.316 0.975963
0.317 0.985064
0.318 0.993742
0.319 1.002
0.32 1.00983
0.321 1.01725
0.322 1.02425
0.323 1.03083
0.324 1.03699
0.325 1.04274
0.326 1.04808
0.327 1.053
0.328 1.05752
0.329 1.06163
0.33 1.06533
0.331 1.06863
0.332 1.07153
0.333 1.07403
0.334 1.07613
0.335 1.07783
0.336 1.07914
0.337 1.08006
0.338 1.08058
0.339 1.08072
0.34 1.08048
0.341 1.07985
0.342 1.07885
0.343 1.07746
0.344 1.0757
0.345 1.07357
0.346 1.07107
0.347 1.0682
0.348 1.06497
0.349 1.06137
0.35 1.05742
0.351 1.05312
0.352 1.04846
0.353 1.04345
0.354 1.0381
0.355 1.0324
0.356 1.02637
0.357 1.02
0.358 1.0133
0.359 1.00627
0.36 0.99891
0.361 0.991234
0.362 0.983241
0.363 0.974934
0.364 0.966317
0.365 0.957394
0.366 0.94817
0.367 0.938649
0.368 0.928834
0.369 0.91873
0.37 0.908341
0.371 0.897672
0.372 0.886728
0.373 0.875511
0.374 0.864029
0.375 0.852284
0.376 0.840282
0.377 0.828028
0.378 0.815526
0.379 0.802782
0.38 0.7898
0.381 0.776586
0.382 0.763145
0.383 0.749482
0.384 0.735602
0.385 0.721512
0.386 0.707216
0.387 0.692719
0.388 0.678028
0.389 0.663149
0.39 0.648086
0.391 0.632846
0.392 0.617434
0.393 0.601857
0.394 0.58612
0.395 0.57023
0.396 0.554192
0.397 0.538013
0.398 0.521699
0.399 0.505256
0.4 0.48869
0.401 0.472009
0.402 0.455217
0.403 0.438322
0.404 0.42133
0.405 0.404248
0.406 0.387082
0.407 0.369838
0.408 0.352524
0.409 0.335146
0.41 0.317711
0.411 0.300225
0.412 0.282696
0.413 0.265129
0.414 0.247532
0.415 0.229912
0.416 0.212274
0.417 0.194627
0.418 0.176977
0.419 0.159331
0.42 0.141695
0.421 0.124077
0.422 0.106482
0.423 0.0889191
0.424 0.0713936
0.425 0.0539127
0.426 0.0364831
0.427 0.0191115
0.428 0.00180476
0.429 0.0154306
0.43 0.0325879
0.431 0.0496604
0.432 0.0666417
0.433 0.0835251
0.434 0.100304
0.435 0.116973
0.436 0.133524
0.437 0.149952
0.438 0.16625
0.439 0.182412
0.44 0.198432
0.441 0.214304
0.442 0.230022
0.443 0.24558
0.444 0.260971
0.445 0.276192
0.446 0.291234
0.447 0.306094
0.448 0.320766
0.449 0.335243
0.45 0.349522
0.451 0.363596
0.452 0.377461
0.453 0.391111
0.454 0.404542
0.455 0.41775
0.456 0.430728
0.457 0.443474
0.458 0.455982
0.459 0.468248
0.46 0.480268
0.461 0.492038
0.462 0.503555
0.463 0.514814
0.464 0.525811
0.465 0.536544
0.466 0.54701
0.467 0.557204
0.468 0.567124
0.469 0.576766
0.47 0.586129
0.471 0.59521
0.472 0.604006
0.473 0.612515
0.474 0.620735
0.475 0.628664
0.476 0.636299
0.477 0.64364
0.478 0.650686
0.479 0.657433
0.48 0.663882
0.481 0.670032
0.482 0.675881
0.483 0.68143
0.484 0.686676
0.485 0.691621
0.486 0.696264
0.487 0.700604
0.488 0.704642
0.489 0.708379
0.49 0.711815
0.491 0.71495
0.492 0.717785
0.493 0.720322
0.494 0.72256
0.495 0.724502
0.496 0.726149
0.497 0.727503
0.498 0.728565
0.499 0.729337
0.5 0.729821
0.501 0.73002
0.502 0.729935
0.503 0.72957
0.504 0.728926
0.505 0.728007
0.506 0.726816
0.507 0.725354
0.508 0.723627
0.509 0.721637
0.51 0.719387
0.511 0.716881
0.512 0.714123
0.513 0.711117
0.514 0.707866
0.515 0.704374
0.516 0.700646
0.517 0.696686
0.518 0.692499
0.519 0.688088
0.52 0.683459
0.521 0.678615
0.522 0.673563
0.523 0.668306
0.524 0.662849
0.525 0.657199
0.526 0.651358
0.527 0.645334
0.528 0.639131
0.529 0.632754
0.53 0.626209
0.531 0.619501
0.532 0.612636
0.533 0.605619
0.534 0.598456
0.535 0.591152
0.536 0.583712
0.537 0.576144
0.538 0.568452
0.539 0.560641
0.54 0.552719
0.541 0.54469
0.542 0.536561
0.543 0.528336
0.544 0.520023
0.545 0.511626
0.546 0.503151
0.547 0.494605
0.548 0.485993
0.549 0.47732
0.55 0.468593
0.551 0.459817
0.552 0.450998
0.553 0.442141
0.554 0.433252
0.555 0.424337
0.556 0.415401
0.557 0.406449
0.558 0.397488
0.559 0.388521
0.56 0.379556
0.561 0.370596
0.562 0.361647
0.563 0.352714
0.564 0.343803
0.565 0.334917
0.566 0.326063
0.567 0.317244
0.568 0.308466
0.569 0.299733
0.57 0.29105
0.571 0.282421
0.572 0.27385
0.573 0.265342
0.574 0.256901
0.575 0.248531
0.576 0.240236
0.577 0.23202
0.578 0.223886
0.579 0.215838
0.58 0.20788
0.581 0.200015
0.582 0.192247
0.583 0.184578
0.584 0.177011
0.585 0.16955
0.586 0.162198
0.587 0.154956
0.588 0.147829
0.589 0.140817
0.59 0.133924
0.591 0.127152
0.592 0.120502
0.593 0.113977
0.594 0.107579
0.595 0.101309
0.596 0.0951695
0.597 0.0891611
0.598 0.0832855
0.599 0.0775439
0.6 0.0719375
0.601 0.0664673
0.602 0.061134
0.603 0.0559386
0.604 0.0508815
0.605 0.0459633
0.606 0.0411844
0.607 0.0365451
0.608 0.0320455
0.609 0.0276857
0.61 0.0234656
0.611 0.0193851
0.612 0.0154438
0.613 0.0116414
0.614 0.00797738
0.615 0.00445115
0.616 0.00106198
0.617 0.00219091
0.618 0.00530843
0.619 0.00829157
0.62 0.0111414
0.621 0.0138592
0.622 0.0164461
0.623 0.0189035
0.624 0.0212329
0.625 0.0234357
0.626 0.0255137
0.627 0.0274684
0.628 0.0293016
0.629 0.0310151
0.63 0.0326109
0.631 0.0340908
0.632 0.0354569
0.633 0.0367113
0.634 0.0378561
0.635 0.0388935
0.636 0.0398257
0.637 0.0406551
0.638 0.0413839
0.639 0.0420146
0.64 0.0425495
0.641 0.0429911
0.642 0.043342
0.643 0.0436045
0.644 0.0437813
0.645 0.0438749
0.646 0.043888
0.647 0.0438231
0.648 0.0436829
0.649 0.04347
0.65 0.043187
0.651 0.0428367
0.652 0.0424217
0.653 0.0419446
0.654 0.0414081
0.655 0.0408149
0.656 0.0401676
0.657 0.0394689
0.658 0.0387215
0.659 0.0379278
0.66 0.0370906
0.661 0.0362125
0.662 0.0352959
0.663 0.0343435
0.664 0.0333577
0.665 0.0323411
0.666 0.0312961
0.667 0.030225
0.668 0.0291304
0.669 0.0280146
0.67 0.0268798
0.671 0.0257284
0.672 0.0245625
0.673 0.0233845
0.674 0.0221963
0.675 0.0210001
0.676 0.019798
0.677 0.018592
0.678 0.017384
0.679 0.0161758
0.68 0.0149694
0.681 0.0137665
0.682 0.0125688
0.683 0.011378
0.684 0.0101958
0.685 0.00902367
0.686 0.0078631
0.687 0.00671554
0.688 0.00558237
0.689 0.0044649
0.69 0.00336438
0.691 0.002282
0.692 0.00121889
0.693 0.000176116
0.694 0.000845323
0.695 0.00184448
0.696 0.00282049
0.697 0.00377253
0.698 0.00469984
0.699 0.00560174
0.7 0.00647759
0.701 0.00732683
0.702 0.00814895
0.703 0.00894349
0.704 0.00971008
0.705 0.0104484
0.706 0.0111581
0.707 0.0118391
0.708 0.0124911
0.709 0.0131141
0.71 0.0137081
0.711 0.0142729
0.712 0.0148087
0.713 0.0153157
0.714 0.0157938
0.715 0.0162435
0.716 0.0166648
0.717 0.0170582
0.718 0.0174239
0.719 0.0177624
0.72 0.0180741
0.721 0.0183594
0.722 0.018619
0.723 0.0188532
0.724 0.0190627
0.725 0.0192482
0.726 0.0194103
0.727 0.0195496
0.728 0.0196668
0.729 0.0197628
0.73 0.0198383
0.731 0.0198941
0.732 0.0199309
0.733 0.0199496
0.734 0.0199511
0.735 0.0199362
0.736 0.0199058
0.737 0.0198609
0.738 0.0198023
0.739 0.0197309
0.74 0.0196476
0.741 0.0195535
0.742 0.0194494
0.743 0.0193363
0.744 0.0192152
0.745 0.0190869
0.746 0.0189524
0.747 0.0188127
0.748 0.0186686
0.749 0.0185212
0.75 0.0183712
0.751 0.0182198
0.752 0.0180676
0.753 0.0179157
0.754 0.0177649
0.755 0.017616
0.756 0.0174699
0.757 0.0173274
0.758 0.0171893
0.759 0.0170563
0.76 0.0169294
0.761 0.016809
0.762 0.0166961
0.763 0.0165913
0.764 0.0164951
0.765 0.0164083
0.766 0.0163315
0.767 0.0162653
0.768 0.0162101
0.769 0.0161665
0.77 0.0161349
0.771 0.0161159
0.772 0.0161099
0.773 0.0161172
0.774 0.0161381
0.775 0.0161731
0.776 0.0162223
0.777 0.0162861
0.778 0.0163647
0.779 0.0164581
0.78 0.0165666
0.781 0.0166903
0.782 0.0168293
0.783 0.0169835
0.784 0.017153
0.785 0.0173378
0.786 0.0175377
0.787 0.0177527
0.788 0.0179827
0.789 0.0182274
0.79 0.0184867
0.791 0.0187603
0.792 0.019048
0.793 0.0193494
0.794 0.0196641
0.795 0.019992
0.796 0.0203324
0.797 0.0206851
0.798 0.0210494
0.799 0.0214251
0.8 0.0218114
0.801 0.022208
0.802 0.0226142
0.803 0.0230294
0.804 0.023453
0.805 0.0238844
0.806 0.0243229
0.807 0.0247679
0.808 0.0252185
0.809 0.0256742
0.81 0.0261341
0.811 0.0265975
0.812 0.0270637
0.813 0.0275318
0.814 0.028001
0.815 0.0284706
0.816 0.0289398
0.817 0.0294076
0.818 0.0298733
0.819 0.030336
0.82 0.0307949
0.821 0.0312491
0.822 0.0316977
0.823 0.03214
0.824 0.032575
0.825 0.033002
0.826 0.03342
0.827 0.0338282
0.828 0.0342258
0.829 0.0346119
0.83 0.0349857
0.831 0.0353465
0.832 0.0356933
0.833 0.0360254
0.834 0.0363421
0.835 0.0366425
0.836 0.0369259
0.837 0.0371915
0.838 0.0374387
0.839 0.0376668
0.84 0.0378751
0.841 0.0380628
0.842 0.0382294
0.843 0.0383743
0.844 0.0384969
0.845 0.0385966
0.846 0.0386729
0.847 0.0387253
0.848 0.0387532
0.849 0.0387563
0.85 0.0387341
0.851 0.0386862
0.852 0.0386122
0.853 0.0385118
0.854 0.0383848
0.855 0.0382308
0.856 0.0380495
0.857 0.0378409
0.858 0.0376047
0.859 0.0373408
0.86 0.037049
0.861 0.0367294
0.862 0.0363818
0.863 0.0360063
0.864 0.035603
0.865 0.0351718
0.866 0.0347129
0.867 0.0342264
0.868 0.0337126
0.869 0.0331716
0.87 0.0326036
0.871 0.032009
0.872 0.0313881
0.873 0.0307412
0.874 0.0300687
0.875 0.0293711
0.876 0.0286487
0.877 0.0279021
0.878 0.0271318
0.879 0.0263383
0.88 0.0255222
0.881 0.0246841
0.882 0.0238247
0.883 0.0229446
0.884 0.0220446
0.885 0.0211253
0.886 0.0201875
0.887 0.019232
0.888 0.0182596
0.889 0.0172712
0.89 0.0162675
0.891 0.0152494
0.892 0.0142179
0.893 0.0131738
0.894 0.0121182
0.895 0.0110518
0.896 0.00997583
0.897 0.00889113
0.898 0.00779872
0.899 0.00669964
0.9 0.00559489
0.901 0.00448553
0.902 0.0033726
0.903 0.00225715
0.904 0.00114025
0.905 2.29676e-05
0.906 0.00109362
0.907 0.00220843
0.908 0.00332038
0.909 0.0044284
0.91 0.00553139
0.911 0.00662828
0.912 0.00771799
0.913 0.00879945
0.914 0.00987157
0.915 0.0109333
0.916 0.0119836
0.917 0.0130214
0.918 0.0140457
0.919 0.0150554
0.92 0.0160496
0.921 0.0170272
0.922 0.0179873
0.923 0.0189288
0.924 0.019851
0.925 0.0207527
0.926 0.0216331
0.927 0.0224913
0.928 0.0233265
0.929 0.0241378
0.93 0.0249243
0.931 0.0256853
0.932 0.0264201
0.933 0.0271278
0.934 0.0278077
0.935 0.0284592
0.936 0.0290816
0.937 0.0296743
0.938 0.0302367
0.939 0.0307681
0.94 0.0312681
0.941 0.0317362
0.942 0.0321719
0.943 0.0325748
0.944 0.0329444
0.945 0.0332804
0.946 0.0335825
0.947 0.0338504
0.948 0.0340838
0.949 0.0342824
0.95 0.0344462
0.951 0.034575
0.952 0.0346686
0.953 0.0347269
0.954 0.03475
0.955 0.0347379
0.956 0.0346905
0.957 0.034608
0.958 0.0344904
0.959 0.034338
0.96 0.0341508
0.961 0.0339292
0.962 0.0336733
0.963 0.0333835
0.964 0.0330602
0.965 0.0327036
0.966 0.0323141
0.967 0.0318923
0.968 0.0314386
0.969 0.0309534
0.97 0.0304374
0.971 0.029891
0.972 0.0293149
0.973 0.0287098
0.974 0.0280762
0.975 0.0274148
0.976 0.0267265
0.977 0.0260118
0.978 0.0252717
0.979 0.0245068
0.98 0.0237181
0.981 0.0229063
0.982 0.0220724
0.983 0.0212172
0.984 0.0203416
0.985 0.0194466
0.986 0.0185332
0.987 0.0176022
0.988 0.0166547
0.989 0.0156917
0.99 0.0147142
0.991 0.0137232
0.992 0.0127198
0.993 0.011705
0.994 0.0106799
0.995 0.00964554
0.996 0.00860302
0.997 0.00755341
0.998 0.00649781
0.999 0.00543731
