  0.0000  66.80777955
  0.0010  66.77450961
  0.0020  66.67471614
  0.0030  66.50844817
  0.0040  66.27578739
  0.0050  65.97684809
  0.0060  65.61177714
  0.0070  65.18075386
  0.0080  64.68398997
  0.0090  64.12172943
  0.0100  63.49424838
  0.0110  62.80185491
  0.0120  62.04488895
  0.0130  61.22372209
  0.0140  60.33875734
  0.0150  59.39042898
  0.0160  58.37920226
  0.0170  57.30557321
  0.0180  56.17006835
  0.0190  54.97324441
  0.0200  53.71568803
  0.0210  52.39801546
  0.0220  51.02087226
  0.0230  49.58493290
  0.0240  48.09090043
  0.0250  46.53950612
  0.0260  44.93150908
  0.0270  43.26769581
  0.0280  41.54887984
  0.0290  39.77590126
  0.0300  37.94962632
  0.0310  36.07094692
  0.0320  34.14078019
  0.0330  32.16006798
  0.0340  30.12977635
  0.0350  28.05089512
  0.0360  25.92443731
  0.0370  23.75143861
  0.0380  21.53295687
  0.0390  19.27007154
  0.0400  16.96388315
  0.0410  14.61551281
  0.0420  12.22610173
  0.0430  9.79681099
  0.0440  7.32882205
  0.0450  4.82334072
  0.0460  2.28163215
  0.0470  0.29681791
  0.0480  2.90624329
  0.0490  5.54941274
  0.0500  8.22390266
  0.0510  10.92838996
  0.0520  13.66156293
  0.0530  16.42210161
  0.0540  19.20867522
  0.0550  22.01994208
  0.0560  24.85454996
  0.0570  27.71113669
  0.0580  30.58833080
  0.0590  33.48475219
  0.0600  36.39901286
  0.0610  39.32971753
  0.0620  42.27546446
  0.0630  45.23484605
  0.0640  48.20644965
  0.0650  51.18885821
  0.0660  54.18065103
  0.0670  57.18040448
  0.0680  60.18669272
  0.0690  63.19808840
  0.0700  66.21316341
  0.0710  69.23048958
  0.0720  72.24863941
  0.0730  75.26618677
  0.0740  78.28170763
  0.0750  81.29378076
  0.0760  84.30098847
  0.0770  87.30191727
  0.0780  90.29515859
  0.0790  93.27930950
  0.0800  96.25297338
  0.0810  99.21476063
  0.0820  102.16328931
  0.0830  105.09718589
  0.0840  108.01508585
  0.0850  110.91563442
  0.0860  113.79748716
  0.0870  116.65931069
  0.0880  119.49978329
  0.0890  122.31759555
  0.0900  125.11145102
  0.0910  127.88006680
  0.0920  130.62217418
  0.0930  133.33651925
  0.0940  136.02186348
  0.0950  138.67698431
  0.0960  141.30067574
  0.0970  143.89174888
  0.0980  146.44903256
  0.0990  148.97137378
  0.1000  151.45763834
  0.1010  153.90671133
  0.1020  156.31749765
  0.1030  158.68892247
  0.1040  161.01993182
  0.1050  163.30949296
  0.1060  165.55659492
  0.1070  167.76024893
  0.1080  169.91948886
  0.1090  172.03337166
  0.1100  174.10097775
  0.1110  176.12141146
  0.1120  178.09380141
  0.1130  180.01730085
  0.1140  181.89108808
  0.1150  183.71436676
  0.1160  185.48636623
  0.1170  187.20634189
  0.1180  188.87357545
  0.1190  190.48737524
  0.1200  192.04707650
  0.1210  193.55204161
  0.1220  195.00166038
  0.1230  196.39535024
  0.1240  197.73255650
  0.1250  199.01275252
  0.1260  200.23543989
  0.1270  201.40014865
  0.1280  202.50643740
  0.1290  203.55389346
  0.1300  204.54213302
  0.1310  205.47080119
  0.1320  206.33957217
  0.1330  207.14814926
  0.1340  207.89626500
  0.1350  208.58368114
  0.1360  209.21018876
  0.1370  209.77560820
  0.1380  210.27978914
  0.1390  210.72261055
  0.1400  211.10398067
  0.1410  211.42383699
  0.1420  211.68214614
  0.1430  211.87890390
  0.1440  212.01413504
  0.1450  212.08789325
  0.1460  212.10026104
  0.1470  212.05134958
  0.1480  211.94129856
  0.1490  211.77027608
  0.1500  211.53847839
  0.1510  211.24612978
  0.1520  210.89348234
  0.1530  210.48081577
  0.1540  210.00843710
  0.1550  209.47668053
  0.1560  208.88590711
  0.1570  208.23650447
  0.1580  207.52888660
  0.1590  206.76349348
  0.1600  205.94079083
  0.1610  205.06126976
  0.1620  204.12544646
  0.1630  203.13386184
  0.1640  202.08708117
  0.1650  200.98569373
  0.1660  199.83031244
  0.1670  198.62157343
  0.1680  197.36013571
  0.1690  196.04668066
  0.1700  194.68191173
  0.1710  193.26655389
  0.1720  191.80135328
  0.1730  190.28707673
  0.1740  188.72451127
  0.1750  187.11446372
  0.1760  185.45776016
  0.1770  183.75524547
  0.1780  182.00778285
  0.1790  180.21625330
  0.1800  178.38155509
  0.1810  176.50460331
  0.1820  174.58632926
  0.1830  172.62768001
  0.1840  170.62961779
  0.1850  168.59311950
  0.1860  166.51917613
  0.1870  164.40879221
  0.1880  162.26298530
  0.1890  160.08278534
  0.1900  157.86923417
  0.1910  155.62338490
  0.1920  153.34630137
  0.1930  151.03905754
  0.1940  148.70273696
  0.1950  146.33843211
  0.1960  143.94724388
  0.1970  141.53028098
  0.1980  139.08865928
  0.1990  136.62350130
  0.2000  134.13593557
  0.2010  131.62709606
  0.2020  129.09812156
  0.2030  126.55015512
  0.2040  123.98434342
  0.2050  121.40183620
  0.2060  118.80378567
  0.2070  116.19134590
  0.2080  113.56567224
  0.2090  110.92792073
  0.2100  108.27924754
  0.2110  105.62080833
  0.2120  102.95375772
  0.2130  100.27924871
  0.2140  97.59843208
  0.2150  94.91245582
  0.2160  92.22246460
  0.2170  89.52959917
  0.2180  86.83499585
  0.2190  84.13978590
  0.2200  81.44509508
  0.2210  78.75204302
  0.2220  76.06174273
  0.2230  73.37530007
  0.2240  70.69381322
  0.2250  68.01837219
  0.2260  65.35005829
  0.2270  62.68994363
  0.2280  60.03909069
  0.2290  57.39855178
  0.2300  54.76936859
  0.2310  52.15257180
  0.2320  49.54918054
  0.2330  46.96020205
  0.2340  44.38663128
  0.2350  41.82945045
  0.2360  39.28962877
  0.2370  36.76812213
  0.2380  34.26587283
  0.2390  31.78380946
  0.2400  29.32284681
  0.2410  26.88388609
  0.2420  24.46781530
  0.2430  22.07551030
  0.2440  19.70783660
  0.2450  17.36565302
  0.2460  15.04981877
  0.2470  12.76120811
  0.2480  10.50074384
  0.2490  8.26948335
  0.2500  6.06888797
  0.2510  3.90197191
  0.2520  1.78258949
  0.2530  0.54127007
  0.2540  2.48407836
  0.2550  4.51719552
  0.2560  6.52584419
  0.2570  8.50309885
  0.2580  10.44692012
  0.2590  12.35622902
  0.2600  14.23025348
  0.2610  16.06835362
  0.2620  17.86996120
  0.2630  19.63455474
  0.2640  21.36164814
  0.2650  23.05078484
  0.2660  24.70153478
  0.2670  26.31349258
  0.2680  27.88627652
  0.2690  29.41952787
  0.2700  30.91291050
  0.2710  32.36611057
  0.2720  33.77883636
  0.2730  35.15081814
  0.2740  36.48180801
  0.2750  37.77157987
  0.2760  39.01992929
  0.2770  40.22667342
  0.2780  41.39165093
  0.2790  42.51472194
  0.2800  43.59576785
  0.2810  44.63469133
  0.2820  45.63141614
  0.2830  46.58588705
  0.2840  47.49806971
  0.2850  48.36795049
  0.2860  49.19553637
  0.2870  49.98085476
  0.2880  50.72395335
  0.2890  51.42489993
  0.2900  52.08378219
  0.2910  52.70070759
  0.2920  53.27580309
  0.2930  53.80921496
  0.2940  54.30110858
  0.2950  54.75166821
  0.2960  55.16109673
  0.2970  55.52961541
  0.2980  55.85746367
  0.2990  56.14489881
  0.3000  56.39219572
  0.3010  56.59964664
  0.3020  56.76756086
  0.3030  56.89626441
  0.3040  56.98609981
  0.3050  57.03742572
  0.3060  57.05061665
  0.3070  57.02606263
  0.3080  56.96416891
  0.3090  56.86535562
  0.3100  56.73005741
  0.3110  56.55872315
  0.3120  56.35181557
  0.3130  56.10981089
  0.3140  55.83319848
  0.3150  55.52248052
  0.3160  55.17817162
  0.3170  54.80079842
  0.3180  54.39089928
  0.3190  53.94902386
  0.3200  53.47573277
  0.3210  52.97159716
  0.3220  52.43719837
  0.3230  51.87312752
  0.3240  51.27998513
  0.3250  50.65838072
  0.3260  50.00893244
  0.3270  49.33226666
  0.3280  48.62901757
  0.3290  47.89982682
  0.3300  47.14534306
  0.3310  46.36622162
  0.3320  45.56312404
  0.3330  44.73671773
  0.3340  43.88767554
  0.3350  43.01667538
  0.3360  42.12439983
  0.3370  41.21153570
  0.3380  40.27877372
  0.3390  39.32680806
  0.3400  38.35633602
  0.3410  37.36805757
  0.3420  36.36267503
  0.3430  35.34089266
  0.3440  34.30341627
  0.3450  33.25095286
  0.3460  32.18421028
  0.3470  31.10389681
  0.3480  30.01072084
  0.3490  28.90539053
  0.3500  27.78861344
  0.3510  26.66109623
  0.3520  25.52354430
  0.3530  24.37666154
  0.3540  23.22115005
  0.3550  22.05770984
  0.3560  20.88703868
  0.3570  19.70983191
  0.3580  18.52678237
  0.3590  17.33858043
  0.3600  16.14591418
  0.3610  14.94946989
  0.3620  13.74993286
  0.3630  12.54798895
  0.3640  11.34432732
  0.3650  10.13964527
  0.3660  8.93465727
  0.3670  7.73011262
  0.3680  6.52683286
  0.3690  5.32579979
  0.3700  4.12839595
  0.3710  2.93722728
  0.3720  1.76023995
  0.3730  0.65929519
  0.3740  0.77971768
  0.3750  1.89336278
  0.3760  3.05392437
  0.3770  4.21768876
  0.3780  5.37803144
  0.3790  6.53266351
  0.3800  7.68036229
  0.3810  8.82027641
  0.3820  9.95171552
  0.3830  11.07407168
  0.3840  12.18678533
  0.3850  13.28932895
  0.3860  14.38119861
  0.3870  15.46190933
  0.3880  16.53099235
  0.3890  17.58799355
  0.3900  18.63247248
  0.3910  19.66400172
  0.3920  20.68216653
  0.3930  21.68656459
  0.3940  22.67680587
  0.3950  23.65251256
  0.3960  24.61331901
  0.3970  25.55887172
  0.3980  26.48882933
  0.3990  27.40286266
  0.4000  28.30065467
  0.4010  29.18190055
  0.4020  30.04630766
  0.4030  30.89359562
  0.4040  31.72349627
  0.4050  32.53575369
  0.4060  33.33012422
  0.4070  34.10637644
  0.4080  34.86429119
  0.4090  35.60366153
  0.4100  36.32429274
  0.4110  37.02600231
  0.4120  37.70861988
  0.4130  38.37198721
  0.4140  39.01595819
  0.4150  39.64039873
  0.4160  40.24518673
  0.4170  40.83021204
  0.4180  41.39537638
  0.4190  41.94059326
  0.4200  42.46578794
  0.4210  42.97089729
  0.4220  43.45586977
  0.4230  43.92066529
  0.4240  44.36525514
  0.4250  44.78962185
  0.4260  45.19375914
  0.4270  45.57767173
  0.4280  45.94137530
  0.4290  46.28489631
  0.4300  46.60827189
  0.4310  46.91154971
  0.4320  47.19478782
  0.4330  47.45805455
  0.4340  47.70142832
  0.4350  47.92499751
  0.4360  48.12886029
  0.4370  48.31312449
  0.4380  48.47790738
  0.4390  48.62333556
  0.4400  48.74954476
  0.4410  48.85667967
  0.4420  48.94489375
  0.4430  49.01434906
  0.4440  49.06521609
  0.4450  49.09767354
  0.4460  49.11190813
  0.4470  49.10811444
  0.4480  49.08649469
  0.4490  49.04725853
  0.4500  48.99062285
  0.4510  48.91681159
  0.4520  48.82605551
  0.4530  48.71859200
  0.4540  48.59466485
  0.4550  48.45452406
  0.4560  48.29842562
  0.4570  48.12663128
  0.4580  47.93940835
  0.4590  47.73702950
  0.4600  47.51977250
  0.4610  47.28792001
  0.4620  47.04175942
  0.4630  46.78158254
  0.4640  46.50768543
  0.4650  46.22036819
  0.4660  45.91993470
  0.4670  45.60669243
  0.4680  45.28095221
  0.4690  44.94302799
  0.4700  44.59323666
  0.4710  44.23189780
  0.4720  43.85933345
  0.4730  43.47586793
  0.4740  43.08182760
  0.4750  42.67754063
  0.4760  42.26333682
  0.4770  41.83954734
  0.4780  41.40650458
  0.4790  40.96454186
  0.4800  40.51399330
  0.4810  40.05519355
  0.4820  39.58847762
  0.4830  39.11418066
  0.4840  38.63263776
  0.4850  38.14418377
  0.4860  37.64915308
  0.4870  37.14787942
  0.4880  36.64069569
  0.4890  36.12793377
  0.4900  35.60992432
  0.4910  35.08699657
  0.4920  34.55947822
  0.4930  34.02769518
  0.4940  33.49197144
  0.4950  32.95262887
  0.4960  32.40998708
  0.4970  31.86436325
  0.4980  31.31607194
  0.4990  30.76542497
  0.5000  30.21273124
  0.5010  29.65829660
  0.5020  29.10242368
  0.5030  28.54541176
  0.5040  27.98755664
  0.5050  27.42915048
  0.5060  26.87048169
  0.5070  26.31183481
  0.5080  25.75349034
  0.5090  25.19572469
  0.5100  24.63881000
  0.5110  24.08301408
  0.5120  23.52860026
  0.5130  22.97582732
  0.5140  22.42494939
  0.5150  21.87621584
  0.5160  21.32987120
  0.5170  20.78615506
  0.5180  20.24530202
  0.5190  19.70754160
  0.5200  19.17309816
  0.5210  18.64219082
  0.5220  18.11503344
  0.5230  17.59183452
  0.5240  17.07279717
  0.5250  16.55811907
  0.5260  16.04799237
  0.5270  15.54260371
  0.5280  15.04213416
  0.5290  14.54675919
  0.5300  14.05664864
  0.5310  13.57196670
  0.5320  13.09287189
  0.5330  12.61951704
  0.5340  12.15204931
  0.5350  11.69061014
  0.5360  11.23533529
  0.5370  10.78635483
  0.5380  10.34379315
  0.5390  9.90776896
  0.5400  9.47839536
  0.5410  9.05577981
  0.5420  8.64002421
  0.5430  8.23122490
  0.5440  7.82947275
  0.5450  7.43485317
  0.5460  7.04744624
  0.5470  6.66732674
  0.5480  6.29456426
  0.5490  5.92922334
  0.5500  5.57136359
  0.5510  5.22103987
  0.5520  4.87830252
  0.5530  4.54319763
  0.5540  4.21576745
  0.5550  3.89605085
  0.5560  3.58408404
  0.5570  3.27990154
  0.5580  2.98353762
  0.5590  2.69502850
  0.5600  2.41441574
  0.5610  2.14175183
  0.5620  1.87710987
  0.5630  1.62060107
  0.5640  1.37240899
  0.5650  1.13286246
  0.5660  0.90260882
  0.5670  0.68309150
  0.5680  0.47816147
  0.5690  0.30117011
  0.5700  0.20770401
  0.5710  0.27692904
  0.5720  0.42719657
  0.5730  0.59339609
  0.5740  0.75994777
  0.5750  0.92253678
  0.5760  1.07960934
  0.5770  1.23050631
  0.5780  1.37492493
  0.5790  1.51272715
  0.5800  1.64386016
  0.5810  1.76831939
  0.5820  1.88612975
  0.5830  1.99733538
  0.5840  2.10199366
  0.5850  2.20017162
  0.5860  2.29194364
  0.5870  2.37738988
  0.5880  2.45659525
  0.5890  2.52964867
  0.5900  2.59664245
  0.5910  2.65767194
  0.5920  2.71283512
  0.5930  2.76223238
  0.5940  2.80596626
  0.5950  2.84414126
  0.5960  2.87686367
  0.5970  2.90424141
  0.5980  2.92638388
  0.5990  2.94340185
  0.6000  2.95540732
  0.6010  2.96251340
  0.6020  2.96483422
  0.6030  2.96248480
  0.6040  2.95558098
  0.6050  2.94423926
  0.6060  2.92857679
  0.6070  2.90871122
  0.6080  2.88476061
  0.6090  2.85684336
  0.6100  2.82507813
  0.6110  2.78958374
  0.6120  2.75047909
  0.6130  2.70788310
  0.6140  2.66191461
  0.6150  2.61269231
  0.6160  2.56033469
  0.6170  2.50495993
  0.6180  2.44668587
  0.6190  2.38562990
  0.6200  2.32190897
  0.6210  2.25563945
  0.6220  2.18693711
  0.6230  2.11591707
  0.6240  2.04269375
  0.6250  1.96738080
  0.6260  1.89009111
  0.6270  1.81093672
  0.6280  1.73002886
  0.6290  1.64747789
  0.6300  1.56339336
  0.6310  1.47788397
  0.6320  1.39105775
  0.6330  1.30302207
  0.6340  1.21388392
  0.6350  1.12375019
  0.6360  1.03272823
  0.6370  0.94092673
  0.6380  0.84845715
  0.6390  0.75543643
  0.6400  0.66199181
  0.6410  0.56827068
  0.6420  0.47446198
  0.6430  0.38084917
  0.6440  0.28796492
  0.6450  0.19717065
  0.6460  0.11386998
  0.6470  0.07205865
  0.6480  0.12445880
  0.6490  0.20912568
  0.6500  0.29956425
  0.6510  0.39148997
  0.6520  0.48375082
  0.6530  0.57588396
  0.6540  0.66764468
  0.6550  0.75887521
  0.6560  0.84945860
  0.6570  0.93929957
  0.6580  1.02831573
  0.6590  1.11643303
  0.6600  1.20358334
  0.6610  1.28970304
  0.6620  1.37473216
  0.6630  1.45861386
  0.6640  1.54129408
  0.6650  1.62272128
  0.6660  1.70284633
  0.6670  1.78162235
  0.6680  1.85900465
  0.6690  1.93495067
  0.6700  2.00941990
  0.6710  2.08237389
  0.6720  2.15377616
  0.6730  2.22359225
  0.6740  2.29178959
  0.6750  2.35833760
  0.6760  2.42320756
  0.6770  2.48637265
  0.6780  2.54780794
  0.6790  2.60749032
  0.6800  2.66539853
  0.6810  2.72151311
  0.6820  2.77581640
  0.6830  2.82829250
  0.6840  2.87892728
  0.6850  2.92770832
  0.6860  2.97462494
  0.6870  3.01966812
  0.6880  3.06283051
  0.6890  3.10410643
  0.6900  3.14349177
  0.6910  3.18098406
  0.6920  3.21658238
  0.6930  3.25028737
  0.6940  3.28210116
  0.6950  3.31202740
  0.6960  3.34007119
  0.6970  3.36623909
  0.6980  3.39053903
  0.6990  3.41298037
  0.7000  3.43357378
  0.7010  3.45233127
  0.7020  3.46926615
  0.7030  3.48439298
  0.7040  3.49772755
  0.7050  3.50928685
  0.7060  3.51908905
  0.7070  3.52715343
  0.7080  3.53350040
  0.7090  3.53815142
  0.7100  3.54112898
  0.7110  3.54245660
  0.7120  3.54215874
  0.7130  3.54026080
  0.7140  3.53678909
  0.7150  3.53177079
  0.7160  3.52523387
  0.7170  3.51720715
  0.7180  3.50772016
  0.7190  3.49680318
  0.7200  3.48448718
  0.7210  3.47080376
  0.7220  3.45578517
  0.7230  3.43946421
  0.7240  3.42187423
  0.7250  3.40304911
  0.7260  3.38302318
  0.7270  3.36183122
  0.7280  3.33950840
  0.7290  3.31609027
  0.7300  3.29161269
  0.7310  3.26611184
  0.7320  3.23962414
  0.7330  3.21218625
  0.7340  3.18383501
  0.7350  3.15460740
  0.7360  3.12454056
  0.7370  3.09367167
  0.7380  3.06203800
  0.7390  3.02967682
  0.7400  2.99662540
  0.7410  2.96292095
  0.7420  2.92860060
  0.7430  2.89370138
  0.7440  2.85826017
  0.7450  2.82231370
  0.7460  2.78589846
  0.7470  2.74905074
  0.7480  2.71180655
  0.7490  2.67420161
  0.7500  2.63627133
  0.7510  2.59805076
  0.7520  2.55957461
  0.7530  2.52087715
  0.7540  2.48199225
  0.7550  2.44295333
  0.7560  2.40379332
  0.7570  2.36454468
  0.7580  2.32523934
  0.7590  2.28590869
  0.7600  2.24658354
  0.7610  2.20729417
  0.7620  2.16807020
  0.7630  2.12894068
  0.7640  2.08993399
  0.7650  2.05107789
  0.7660  2.01239945
  0.7670  1.97392506
  0.7680  1.93568042
  0.7690  1.89769053
  0.7700  1.85997964
  0.7710  1.82257130
  0.7720  1.78548830
  0.7730  1.74875269
  0.7740  1.71238576
  0.7750  1.67640801
  0.7760  1.64083921
  0.7770  1.60569831
  0.7780  1.57100351
  0.7790  1.53677221
  0.7800  1.50302102
  0.7810  1.46976578
  0.7820  1.43702151
  0.7830  1.40480246
  0.7840  1.37312209
  0.7850  1.34199308
  0.7860  1.31142732
  0.7870  1.28143593
  0.7880  1.25202924
  0.7890  1.22321682
  0.7900  1.19500750
  0.7910  1.16740933
  0.7920  1.14042963
  0.7930  1.11407498
  0.7940  1.08835123
  0.7950  1.06326352
  0.7960  1.03881628
  0.7970  1.01501327
  0.7980  0.99185753
  0.7990  0.96935147
  0.8000  0.94749683
  0.8010  0.92629472
  0.8020  0.90574561
  0.8030  0.88584938
  0.8040  0.86660531
  0.8050  0.84801209
  0.8060  0.83006787
  0.8070  0.81277025
  0.8080  0.79611628
  0.8090  0.78010252
  0.8100  0.76472504
  0.8110  0.74997942
  0.8120  0.73586079
  0.8130  0.72236382
  0.8140  0.70948278
  0.8150  0.69721152
  0.8160  0.68554350
  0.8170  0.67447181
  0.8180  0.66398919
  0.8190  0.65408805
  0.8200  0.64476046
  0.8210  0.63599820
  0.8220  0.62779278
  0.8230  0.62013544
  0.8240  0.61301716
  0.8250  0.60642870
  0.8260  0.60036062
  0.8270  0.59480326
  0.8280  0.58974682
  0.8290  0.58518132
  0.8300  0.58109664
  0.8310  0.57748257
  0.8320  0.57432876
  0.8330  0.57162480
  0.8340  0.56936022
  0.8350  0.56752447
  0.8360  0.56610701
  0.8370  0.56509725
  0.8380  0.56448464
  0.8390  0.56425860
  0.8400  0.56440864
  0.8410  0.56492428
  0.8420  0.56579512
  0.8430  0.56701084
  0.8440  0.56856121
  0.8450  0.57043610
  0.8460  0.57262549
  0.8470  0.57511951
  0.8480  0.57790840
  0.8490  0.58098255
  0.8500  0.58433253
  0.8510  0.58794905
  0.8520  0.59182298
  0.8530  0.59594538
  0.8540  0.60030748
  0.8550  0.60490071
  0.8560  0.60971667
  0.8570  0.61474715
  0.8580  0.61998414
  0.8590  0.62541983
  0.8600  0.63104657
  0.8610  0.63685694
  0.8620  0.64284370
  0.8630  0.64899979
  0.8640  0.65531836
  0.8650  0.66179272
  0.8660  0.66841640
  0.8670  0.67518307
  0.8680  0.68208659
  0.8690  0.68912101
  0.8700  0.69628053
  0.8710  0.70355949
  0.8720  0.71095243
  0.8730  0.71845399
  0.8740  0.72605900
  0.8750  0.73376238
  0.8760  0.74155921
  0.8770  0.74944468
  0.8780  0.75741409
  0.8790  0.76546285
  0.8800  0.77358647
  0.8810  0.78178054
  0.8820  0.79004074
  0.8830  0.79836282
  0.8840  0.80674261
  0.8850  0.81517596
  0.8860  0.82365882
  0.8870  0.83218714
  0.8880  0.84075692
  0.8890  0.84936417
  0.8900  0.85800495
  0.8910  0.86667529
  0.8920  0.87537124
  0.8930  0.88408885
  0.8940  0.89282413
  0.8950  0.90157311
  0.8960  0.91033175
  0.8970  0.91909601
  0.8980  0.92786178
  0.8990  0.93662492
  0.9000  0.94538124
  0.9010  0.95412649
  0.9020  0.96285635
  0.9030  0.97156644
  0.9040  0.98025230
  0.9050  0.98890939
  0.9060  0.99753311
  0.9070  1.00611876
  0.9080  1.01466157
  0.9090  1.02315665
  0.9100  1.03159905
  0.9110  1.03998372
  0.9120  1.04830551
  0.9130  1.05655919
  0.9140  1.06473941
  0.9150  1.07284074
  0.9160  1.08085768
  0.9170  1.08878459
  0.9180  1.09661577
  0.9190  1.10434543
  0.9200  1.11196768
  0.9210  1.11947656
  0.9220  1.12686600
  0.9230  1.13412989
  0.9240  1.14126202
  0.9250  1.14825611
  0.9260  1.15510584
  0.9270  1.16180481
  0.9280  1.16834657
  0.9290  1.17472461
  0.9300  1.18093241
  0.9310  1.18696339
  0.9320  1.19281095
  0.9330  1.19846847
  0.9340  1.20392931
  0.9350  1.20918685
  0.9360  1.21423445
  0.9370  1.21906548
  0.9380  1.22367337
  0.9390  1.22805153
  0.9400  1.23219345
  0.9410  1.23609265
  0.9420  1.23974272
  0.9430  1.24313732
  0.9440  1.24627019
  0.9450  1.24913516
  0.9460  1.25172616
  0.9470  1.25403723
  0.9480  1.25606254
  0.9490  1.25779640
  0.9500  1.25923325
  0.9510  1.26036768
  0.9520  1.26119448
  0.9530  1.26170858
  0.9540  1.26190511
  0.9550  1.26177940
  0.9560  1.26132700
  0.9570  1.26054365
  0.9580  1.25942535
  0.9590  1.25796831
  0.9600  1.25616902
  0.9610  1.25402420
  0.9620  1.25153085
  0.9630  1.24868624
  0.9640  1.24548794
  0.9650  1.24193379
  0.9660  1.23802196
  0.9670  1.23375090
  0.9680  1.22911939
  0.9690  1.22412653
  0.9700  1.21877176
  0.9710  1.21305485
  0.9720  1.20697589
  0.9730  1.20053534
  0.9740  1.19373401
  0.9750  1.18657305
  0.9760  1.17905398
  0.9770  1.17117868
  0.9780  1.16294938
  0.9790  1.15436870
  0.9800  1.14543959
  0.9810  1.13616540
  0.9820  1.12654984
  0.9830  1.11659698
  0.9840  1.10631125
  0.9850  1.09569747
  0.9860  1.08476079
  0.9870  1.07350674
  0.9880  1.06194121
  0.9890  1.05007042
  0.9900  1.03790096
  0.9910  1.02543976
  0.9920  1.01269407
  0.9930  0.99967149
  0.9940  0.98637994
  0.9950  0.97282765
  0.9960  0.95902317
  0.9970  0.94497535
  0.9980  0.93069333
  0.9990  0.91618654
