  0.0000  105.93541072
  0.0010  105.90426789
  0.0020  105.81085250
  0.0030  105.65520388
  0.0040  105.43738752
  0.0050  105.15749510
  0.0060  104.81564442
  0.0070  104.41197934
  0.0080  103.94666974
  0.0090  103.41991144
  0.0100  102.83192611
  0.0110  102.18296120
  0.0120  101.47328977
  0.0130  100.70321047
  0.0140  99.87304732
  0.0150  98.98314963
  0.0160  98.03389183
  0.0170  97.02567333
  0.0180  95.95891831
  0.0190  94.83407558
  0.0200  93.65161841
  0.0210  92.41204425
  0.0220  91.11587464
  0.0230  89.76365488
  0.0240  88.35595389
  0.0250  86.89336397
  0.0260  85.37650050
  0.0270  83.80600181
  0.0280  82.18252880
  0.0290  80.50676482
  0.0300  78.77941534
  0.0310  77.00120769
  0.0320  75.17289087
  0.0330  73.29523527
  0.0340  71.36903242
  0.0350  69.39509482
  0.0360  67.37425567
  0.0370  65.30736877
  0.0380  63.19530834
  0.0390  61.03896894
  0.0400  58.83926551
  0.0410  56.59713340
  0.0420  54.31352867
  0.0430  51.98942846
  0.0440  49.62583171
  0.0450  47.22376021
  0.0460  44.78426017
  0.0470  42.30840468
  0.0480  39.79729714
  0.0490  37.25207666
  0.0500  34.67392606
  0.0510  32.06408437
  0.0520  29.42386665
  0.0530  26.75469662
  0.0540  24.05816235
  0.0550  21.33611662
  0.0560  18.59086902
  0.0570  15.82558444
  0.0580  13.04519994
  0.0590  10.25885155
  0.0600  7.48772188
  0.0610  4.79957961
  0.0620  2.55392840
  0.0630  2.62092618
  0.0640  4.93901675
  0.0650  7.70635645
  0.0660  10.58848248
  0.0670  13.52091426
  0.0680  16.48316216
  0.0690  19.46626221
  0.0700  22.46529397
  0.0710  25.47704617
  0.0720  28.49912944
  0.0730  31.52958902
  0.0740  34.56671752
  0.0750  37.60895683
  0.0760  40.65484366
  0.0770  43.70297758
  0.0780  46.75200161
  0.0790  49.80059008
  0.0800  52.84744075
  0.0810  55.89126968
  0.0820  58.93080790
  0.0830  61.96479912
  0.0840  64.99199830
  0.0850  68.01117075
  0.0860  71.02109152
  0.0870  74.02054518
  0.0880  77.00832570
  0.0890  79.98323653
  0.0900  82.94409071
  0.0910  85.88971115
  0.0920  88.81893091
  0.0930  91.73059355
  0.0940  94.62355344
  0.0950  97.49667625
  0.0960  100.34883927
  0.0970  103.17893189
  0.0980  105.98585604
  0.0990  108.76852659
  0.1000  111.52587180
  0.1010  114.25683381
  0.1020  116.96036904
  0.1030  119.63544866
  0.1040  122.28105901
  0.1050  124.89620205
  0.1060  127.47989580
  0.1070  130.03117476
  0.1080  132.54909033
  0.1090  135.03271122
  0.1100  137.48112388
  0.1110  139.89343288
  0.1120  142.26876130
  0.1130  144.60625115
  0.1140  146.90506370
  0.1150  149.16437988
  0.1160  151.38340060
  0.1170  153.56134716
  0.1180  155.69746152
  0.1190  157.79100668
  0.1200  159.84126695
  0.1210  161.84754831
  0.1220  163.80917866
  0.1230  165.72550813
  0.1240  167.59590933
  0.1250  169.41977765
  0.1260  171.19653146
  0.1270  172.92561239
  0.1280  174.60648553
  0.1290  176.23863967
  0.1300  177.82158747
  0.1310  179.35486565
  0.1320  180.83803521
  0.1330  182.27068155
  0.1340  183.65241463
  0.1350  184.98286910
  0.1360  186.26170445
  0.1370  187.48860512
  0.1380  188.66328056
  0.1390  189.78546536
  0.1400  190.85491927
  0.1410  191.87142734
  0.1420  192.83479989
  0.1430  193.74487255
  0.1440  194.60150633
  0.1450  195.40458758
  0.1460  196.15402797
  0.1470  196.84976454
  0.1480  197.49175956
  0.1490  198.08000057
  0.1500  198.61450029
  0.1510  199.09529651
  0.1520  199.52245206
  0.1530  199.89605468
  0.1540  200.21621687
  0.1550  200.48307584
  0.1560  200.69679330
  0.1570  200.85755535
  0.1580  200.96557229
  0.1590  201.02107844
  0.1600  201.02433198
  0.1610  200.97561472
  0.1620  200.87523187
  0.1630  200.72351184
  0.1640  200.52080602
  0.1650  200.26748847
  0.1660  199.96395569
  0.1670  199.61062637
  0.1680  199.20794106
  0.1690  198.75636190
  0.1700  198.25637232
  0.1710  197.70847670
  0.1720  197.11320005
  0.1730  196.47108769
  0.1740  195.78270489
  0.1750  195.04863649
  0.1760  194.26948660
  0.1770  193.44587814
  0.1780  192.57845252
  0.1790  191.66786922
  0.1800  190.71480540
  0.1810  189.71995548
  0.1820  188.68403073
  0.1830  187.60775884
  0.1840  186.49188351
  0.1850  185.33716397
  0.1860  184.14437459
  0.1870  182.91430437
  0.1880  181.64775654
  0.1890  180.34554804
  0.1900  179.00850910
  0.1910  177.63748274
  0.1920  176.23332429
  0.1930  174.79690093
  0.1940  173.32909118
  0.1950  171.83078440
  0.1960  170.30288034
  0.1970  168.74628859
  0.1980  167.16192811
  0.1990  165.55072672
  0.2000  163.91362058
  0.2010  162.25155370
  0.2020  160.56547741
  0.2030  158.85634989
  0.2040  157.12513558
  0.2050  155.37280476
  0.2060  153.60033295
  0.2070  151.80870046
  0.2080  149.99889182
  0.2090  148.17189533
  0.2100  146.32870246
  0.2110  144.47030744
  0.2120  142.59770665
  0.2130  140.71189816
  0.2140  138.81388124
  0.2150  136.90465579
  0.2160  134.98522189
  0.2170  133.05657927
  0.2180  131.11972683
  0.2190  129.17566210
  0.2200  127.22538082
  0.2210  125.26987636
  0.2220  123.31013931
  0.2230  121.34715695
  0.2240  119.38191280
  0.2250  117.41538612
  0.2260  115.44855146
  0.2270  113.48237818
  0.2280  111.51783001
  0.2290  109.55586457
  0.2300  107.59743293
  0.2310  105.64347919
  0.2320  103.69493999
  0.2330  101.75274412
  0.2340  99.81781210
  0.2350  97.89105571
  0.2360  95.97337763
  0.2370  94.06567100
  0.2380  92.16881904
  0.2390  90.28369462
  0.2400  88.41115994
  0.2410  86.55206608
  0.2420  84.70725268
  0.2430  82.87754754
  0.2440  81.06376628
  0.2450  79.26671200
  0.2460  77.48717491
  0.2470  75.72593203
  0.2480  73.98374684
  0.2490  72.26136898
  0.2500  70.55953391
  0.2510  68.87896266
  0.2520  67.22036149
  0.2530  65.58442164
  0.2540  63.97181903
  0.2550  62.38321400
  0.2560  60.81925107
  0.2570  59.28055868
  0.2580  57.76774895
  0.2590  56.28141743
  0.2600  54.82214292
  0.2610  53.39048724
  0.2620  51.98699501
  0.2630  50.61219349
  0.2640  49.26659237
  0.2650  47.95068362
  0.2660  46.66494130
  0.2670  45.40982143
  0.2680  44.18576185
  0.2690  42.99318205
  0.2700  41.83248309
  0.2710  40.70404747
  0.2720  39.60823902
  0.2730  38.54540281
  0.2740  37.51586507
  0.2750  36.51993312
  0.2760  35.55789527
  0.2770  34.63002083
  0.2780  33.73655999
  0.2790  32.87774383
  0.2800  32.05378426
  0.2810  31.26487402
  0.2820  30.51118663
  0.2830  29.79287637
  0.2840  29.11007833
  0.2850  28.46290834
  0.2860  27.85146296
  0.2870  27.27581956
  0.2880  26.73603622
  0.2890  26.23215180
  0.2900  25.76418591
  0.2910  25.33213891
  0.2920  24.93599194
  0.2930  24.57570692
  0.2940  24.25122654
  0.2950  23.96247431
  0.2960  23.70935457
  0.2970  23.49175251
  0.2980  23.30953426
  0.2990  23.16254691
  0.3000  23.05061861
  0.3010  22.97355870
  0.3020  22.93115776
  0.3030  22.92318782
  0.3040  22.94940249
  0.3050  23.00953718
  0.3060  23.10330926
  0.3070  23.23041835
  0.3080  23.39054653
  0.3090  23.58335862
  0.3100  23.80850248
  0.3110  24.06560926
  0.3120  24.35429375
  0.3130  24.67415467
  0.3140  25.02477498
  0.3150  25.40572220
  0.3160  25.81654874
  0.3170  26.25679221
  0.3180  26.72597575
  0.3190  27.22360834
  0.3200  27.74918513
  0.3210  28.30218776
  0.3220  28.88208465
  0.3230  29.48833138
  0.3240  30.12037094
  0.3250  30.77763413
  0.3260  31.45953981
  0.3270  32.16549529
  0.3280  32.89489663
  0.3290  33.64712898
  0.3300  34.42156694
  0.3310  35.21757488
  0.3320  36.03450730
  0.3330  36.87170921
  0.3340  37.72851646
  0.3350  38.60425610
  0.3360  39.49824680
  0.3370  40.40979917
  0.3380  41.33821618
  0.3390  42.28279354
  0.3400  43.24282007
  0.3410  44.21757812
  0.3420  45.20634396
  0.3430  46.20838819
  0.3440  47.22297614
  0.3450  48.24936827
  0.3460  49.28682061
  0.3470  50.33458518
  0.3480  51.39191035
  0.3490  52.45804134
  0.3500  53.53222060
  0.3510  54.61368824
  0.3520  55.70168245
  0.3530  56.79543994
  0.3540  57.89419638
  0.3550  58.99718680
  0.3560  60.10364603
  0.3570  61.21280913
  0.3580  62.32391181
  0.3590  63.43619089
  0.3600  64.54888469
  0.3610  65.66123344
  0.3620  66.77247976
  0.3630  67.88186906
  0.3640  68.98864991
  0.3650  70.09207453
  0.3660  71.19139917
  0.3670  72.28588451
  0.3680  73.37479608
  0.3690  74.45740469
  0.3700  75.53298677
  0.3710  76.60082484
  0.3720  77.66020784
  0.3730  78.71043154
  0.3740  79.75079896
  0.3750  80.78062067
  0.3760  81.79921523
  0.3770  82.80590953
  0.3780  83.80003916
  0.3790  84.78094875
  0.3800  85.74799233
  0.3810  86.70053366
  0.3820  87.63794660
  0.3830  88.55961539
  0.3840  89.46493501
  0.3850  90.35331147
  0.3860  91.22416214
  0.3870  92.07691601
  0.3880  92.91101403
  0.3890  93.72590934
  0.3900  94.52106761
  0.3910  95.29596722
  0.3920  96.05009961
  0.3930  96.78296945
  0.3940  97.49409493
  0.3950  98.18300797
  0.3960  98.84925442
  0.3970  99.49239434
  0.3980  100.11200212
  0.3990  100.70766672
  0.4000  101.27899186
  0.4010  101.82559616
  0.4020  102.34711333
  0.4030  102.84319230
  0.4040  103.31349740
  0.4050  103.75770846
  0.4060  104.17552095
  0.4070  104.56664608
  0.4080  104.93081093
  0.4090  105.26775852
  0.4100  105.57724790
  0.4110  105.85905422
  0.4120  106.11296880
  0.4130  106.33879918
  0.4140  106.53636917
  0.4150  106.70551886
  0.4160  106.84610467
  0.4170  106.95799933
  0.4180  107.04109194
  0.4190  107.09528788
  0.4200  107.12050888
  0.4210  107.11669293
  0.4220  107.08379426
  0.4230  107.02178331
  0.4240  106.93064667
  0.4250  106.81038700
  0.4260  106.66102295
  0.4270  106.48258912
  0.4280  106.27513592
  0.4290  106.03872949
  0.4300  105.77345160
  0.4310  105.47939950
  0.4320  105.15668584
  0.4330  104.80543847
  0.4340  104.42580036
  0.4350  104.01792943
  0.4360  103.58199836
  0.4370  103.11819445
  0.4380  102.62671946
  0.4390  102.10778940
  0.4400  101.56163435
  0.4410  100.98849827
  0.4420  100.38863879
  0.4430  99.76232702
  0.4440  99.10984730
  0.4450  98.43149702
  0.4460  97.72758635
  0.4470  96.99843806
  0.4480  96.24438722
  0.4490  95.46578100
  0.4500  94.66297843
  0.4510  93.83635009
  0.4520  92.98627791
  0.4530  92.11315488
  0.4540  91.21738478
  0.4550  90.29938193
  0.4560  89.35957088
  0.4570  88.39838617
  0.4580  87.41627202
  0.4590  86.41368206
  0.4600  85.39107904
  0.4610  84.34893452
  0.4620  83.28772860
  0.4630  82.20794962
  0.4640  81.11009384
  0.4650  79.99466515
  0.4660  78.86217481
  0.4670  77.71314105
  0.4680  76.54808887
  0.4690  75.36754966
  0.4700  74.17206091
  0.4710  72.96216592
  0.4720  71.73841346
  0.4730  70.50135750
  0.4740  69.25155684
  0.4750  67.98957485
  0.4760  66.71597913
  0.4770  65.43134123
  0.4780  64.13623629
  0.4790  62.83124275
  0.4800  61.51694208
  0.4810  60.19391840
  0.4820  58.86275821
  0.4830  57.52405009
  0.4840  56.17838437
  0.4850  54.82635281
  0.4860  53.46854836
  0.4870  52.10556478
  0.4880  50.73799639
  0.4890  49.36643774
  0.4900  47.99148331
  0.4910  46.61372727
  0.4920  45.23376310
  0.4930  43.85218335
  0.4940  42.46957934
  0.4950  41.08654090
  0.4960  39.70365601
  0.4970  38.32151059
  0.4980  36.94068819
  0.4990  35.56176974
  0.5000  34.18533321
  0.5010  32.81195342
  0.5020  31.44220172
  0.5030  30.07664575
  0.5040  28.71584917
  0.5050  27.36037140
  0.5060  26.01076737
  0.5070  24.66758729
  0.5080  23.33137637
  0.5090  22.00267464
  0.5100  20.68201663
  0.5110  19.36993125
  0.5120  18.06694149
  0.5130  16.77356428
  0.5140  15.49031026
  0.5150  14.21768364
  0.5160  12.95618209
  0.5170  11.70629666
  0.5180  10.46851184
  0.5190  9.24330583
  0.5200  8.03115112
  0.5210  6.83251608
  0.5220  5.64786848
  0.5230  4.47768477
  0.5240  3.32247864
  0.5250  2.18291753
  0.5260  1.06067083
  0.5270  0.11317866
  0.5280  1.14920865
  0.5290  2.22238293
  0.5300  3.27970525
  0.5310  4.31977856
  0.5320  5.34202834
  0.5330  6.34603131
  0.5340  7.33141534
  0.5350  8.29783402
  0.5360  9.24495818
  0.5370  10.17247253
  0.5380  11.08007422
  0.5390  11.96747210
  0.5400  12.83438644
  0.5410  13.68054874
  0.5420  14.50570172
  0.5430  15.30959927
  0.5440  16.09200649
  0.5450  16.85269970
  0.5460  17.59146655
  0.5470  18.30810597
  0.5480  19.00242830
  0.5490  19.67425525
  0.5500  20.32342003
  0.5510  20.94976731
  0.5520  21.55315328
  0.5530  22.13344569
  0.5540  22.69052384
  0.5550  23.22427863
  0.5560  23.73461253
  0.5570  24.22143965
  0.5580  24.68468566
  0.5590  25.12428785
  0.5600  25.54019508
  0.5610  25.93236779
  0.5620  26.30077795
  0.5630  26.64540906
  0.5640  26.96625612
  0.5650  27.26332554
  0.5660  27.53663518
  0.5670  27.78621423
  0.5680  28.01210318
  0.5690  28.21435378
  0.5700  28.39302896
  0.5710  28.54820274
  0.5720  28.67996020
  0.5730  28.78839736
  0.5740  28.87362114
  0.5750  28.93574922
  0.5760  28.97491000
  0.5770  28.99124247
  0.5780  28.98489612
  0.5790  28.95603085
  0.5800  28.90481683
  0.5810  28.83143444
  0.5820  28.73607410
  0.5830  28.61893622
  0.5840  28.48023102
  0.5850  28.32017845
  0.5860  28.13900808
  0.5870  27.93695894
  0.5880  27.71427945
  0.5890  27.47122726
  0.5900  27.20806918
  0.5910  26.92508104
  0.5920  26.62254758
  0.5930  26.30076238
  0.5940  25.96002776
  0.5950  25.60065468
  0.5960  25.22296272
  0.5970  24.82727998
  0.5980  24.41394310
  0.5990  23.98329722
  0.6000  23.53569605
  0.6010  23.07150191
  0.6020  22.59108585
  0.6030  22.09482785
  0.6040  21.58311705
  0.6050  21.05635209
  0.6060  20.51494156
  0.6070  19.95930461
  0.6080  19.38987169
  0.6090  18.80708557
  0.6100  18.21140260
  0.6110  17.60329436
  0.6120  16.98324981
  0.6130  16.35177798
  0.6140  15.70941161
  0.6150  15.05671175
  0.6160  14.39427400
  0.6170  13.72273668
  0.6180  13.04279185
  0.6190  12.35520038
  0.6200  11.66081267
  0.6210  10.96059771
  0.6220  10.25568444
  0.6230  9.54742186
  0.6240  8.83746788
  0.6250  8.12792388
  0.6260  7.42154300
  0.6270  6.72206041
  0.6280  6.03472869
  0.6290  5.36720074
  0.6300  4.73099037
  0.6310  4.14381348
  0.6320  3.63290436
  0.6330  3.23797258
  0.6340  3.00828180
  0.6350  2.98502448
  0.6360  3.17492206
  0.6370  3.54544568
  0.6380  4.04833312
  0.6390  4.64137489
  0.6400  5.29465509
  0.6410  5.98852919
  0.6420  6.71025263
  0.6430  7.45141461
  0.6440  8.20629875
  0.6450  8.97088629
  0.6460  9.74225216
  0.6470  10.51819402
  0.6480  11.29699941
  0.6490  12.07729618
  0.6500  12.85795417
  0.6510  13.63801907
  0.6520  14.41666706
  0.6530  15.19317307
  0.6540  15.96688818
  0.6550  16.73722327
  0.6560  17.50363704
  0.6570  18.26562709
  0.6580  19.02272319
  0.6590  19.77448223
  0.6600  20.52048425
  0.6610  21.26032941
  0.6620  21.99363565
  0.6630  22.72003678
  0.6640  23.43918103
  0.6650  24.15072989
  0.6660  24.85435711
  0.6670  25.54974802
  0.6680  26.23659884
  0.6690  26.91461626
  0.6700  27.58351697
  0.6710  28.24302739
  0.6720  28.89288337
  0.6730  29.53282997
  0.6740  30.16262128
  0.6750  30.78202030
  0.6760  31.39079878
  0.6770  31.98873712
  0.6780  32.57562433
  0.6790  33.15125788
  0.6800  33.71544372
  0.6810  34.26799614
  0.6820  34.80873781
  0.6830  35.33749968
  0.6840  35.85412095
  0.6850  36.35844905
  0.6860  36.85033959
  0.6870  37.32965632
  0.6880  37.79627114
  0.6890  38.25006400
  0.6900  38.69092292
  0.6910  39.11874390
  0.6920  39.53343094
  0.6930  39.93489597
  0.6940  40.32305879
  0.6950  40.69784708
  0.6960  41.05919628
  0.6970  41.40704961
  0.6980  41.74135798
  0.6990  42.06207994
  0.7000  42.36918161
  0.7010  42.66263668
  0.7020  42.94242625
  0.7030  43.20853885
  0.7040  43.46097033
  0.7050  43.69972378
  0.7060  43.92480950
  0.7070  44.13624486
  0.7080  44.33405428
  0.7090  44.51826910
  0.7100  44.68892752
  0.7110  44.84607450
  0.7120  44.98976169
  0.7130  45.12004729
  0.7140  45.23699601
  0.7150  45.34067892
  0.7160  45.43117339
  0.7170  45.50856296
  0.7180  45.57293724
  0.7190  45.62439181
  0.7200  45.66302809
  0.7210  45.68895326
  0.7220  45.70228011
  0.7230  45.70312694
  0.7240  45.69161745
  0.7250  45.66788060
  0.7260  45.63205051
  0.7270  45.58426633
  0.7280  45.52467209
  0.7290  45.45341660
  0.7300  45.37065335
  0.7310  45.27654030
  0.7320  45.17123983
  0.7330  45.05491856
  0.7340  44.92774726
  0.7350  44.78990066
  0.7360  44.64155737
  0.7370  44.48289972
  0.7380  44.31411363
  0.7390  44.13538845
  0.7400  43.94691689
  0.7410  43.74889479
  0.7420  43.54152108
  0.7430  43.32499757
  0.7440  43.09952883
  0.7450  42.86532208
  0.7460  42.62258702
  0.7470  42.37153571
  0.7480  42.11238244
  0.7490  41.84534355
  0.7500  41.57063736
  0.7510  41.28848398
  0.7520  40.99910518
  0.7530  40.70272430
  0.7540  40.39956604
  0.7550  40.08985639
  0.7560  39.77382248
  0.7570  39.45169243
  0.7580  39.12369521
  0.7590  38.79006057
  0.7600  38.45101883
  0.7610  38.10680079
  0.7620  37.75763761
  0.7630  37.40376068
  0.7640  37.04540145
  0.7650  36.68279138
  0.7660  36.31616174
  0.7670  35.94574354
  0.7680  35.57176740
  0.7690  35.19446339
  0.7700  34.81406096
  0.7710  34.43078880
  0.7720  34.04487474
  0.7730  33.65654557
  0.7740  33.26602704
  0.7750  32.87354363
  0.7760  32.47931851
  0.7770  32.08357342
  0.7780  31.68652853
  0.7790  31.28840236
  0.7800  30.88941166
  0.7810  30.48977132
  0.7820  30.08969423
  0.7830  29.68939123
  0.7840  29.28907095
  0.7850  28.88893973
  0.7860  28.48920156
  0.7870  28.09005789
  0.7880  27.69170764
  0.7890  27.29434699
  0.7900  26.89816937
  0.7910  26.50336531
  0.7920  26.11012239
  0.7930  25.71862507
  0.7940  25.32905467
  0.7950  24.94158923
  0.7960  24.55640344
  0.7970  24.17366851
  0.7980  23.79355210
  0.7990  23.41621824
  0.8000  23.04182718
  0.8010  22.67053537
  0.8020  22.30249528
  0.8030  21.93785539
  0.8040  21.57676002
  0.8050  21.21934929
  0.8060  20.86575900
  0.8070  20.51612055
  0.8080  20.17056082
  0.8090  19.82920211
  0.8100  19.49216202
  0.8110  19.15955339
  0.8120  18.83148420
  0.8130  18.50805746
  0.8140  18.18937116
  0.8150  17.87551818
  0.8160  17.56658620
  0.8170  17.26265766
  0.8180  16.96380967
  0.8190  16.67011393
  0.8200  16.38163672
  0.8210  16.09843886
  0.8220  15.82057562
  0.8230  15.54809674
  0.8240  15.28104640
  0.8250  15.01946323
  0.8260  14.76338032
  0.8270  14.51282522
  0.8280  14.26782005
  0.8290  14.02838150
  0.8300  13.79452092
  0.8310  13.56624446
  0.8320  13.34355315
  0.8330  13.12644309
  0.8340  12.91490557
  0.8350  12.70892728
  0.8360  12.50849054
  0.8370  12.31357353
  0.8380  12.12415054
  0.8390  11.94019228
  0.8400  11.76166619
  0.8410  11.58853674
  0.8420  11.42076583
  0.8430  11.25831313
  0.8440  11.10113649
  0.8450  10.94919234
  0.8460  10.80243610
  0.8470  10.66082262
  0.8480  10.52430659
  0.8490  10.39284300
  0.8500  10.26638755
  0.8510  10.14489710
  0.8520  10.02833006
  0.8530  9.91664678
  0.8540  9.80980996
  0.8550  9.70778499
  0.8560  9.61054026
  0.8570  9.51804745
  0.8580  9.43028179
  0.8590  9.34722228
  0.8600  9.26885180
  0.8610  9.19515726
  0.8620  9.12612964
  0.8630  9.06176399
  0.8640  9.00205938
  0.8650  8.94701873
  0.8660  8.89664870
  0.8670  8.85095941
  0.8680  8.80996413
  0.8690  8.77367898
  0.8700  8.74212245
  0.8710  8.71531502
  0.8720  8.69327859
  0.8730  8.67603601
  0.8740  8.66361046
  0.8750  8.65602490
  0.8760  8.65330143
  0.8770  8.65546071
  0.8780  8.66252133
  0.8790  8.67449920
  0.8800  8.69140702
  0.8810  8.71325367
  0.8820  8.74004373
  0.8830  8.77177699
  0.8840  8.80844805
  0.8850  8.85004592
  0.8860  8.89655376
  0.8870  8.94794856
  0.8880  9.00420103
  0.8890  9.06527544
  0.8900  9.13112958
  0.8910  9.20171474
  0.8920  9.27697581
  0.8930  9.35685139
  0.8940  9.44127393
  0.8950  9.53016997
  0.8960  9.62346040
  0.8970  9.72106075
  0.8980  9.82288147
  0.8990  9.92882832
  0.9000  10.03880270
  0.9010  10.15270203
  0.9020  10.27042012
  0.9030  10.39184756
  0.9040  10.51687208
  0.9050  10.64537895
  0.9060  10.77725131
  0.9070  10.91237058
  0.9080  11.05061674
  0.9090  11.19186868
  0.9100  11.33600456
  0.9110  11.48290202
  0.9120  11.63243852
  0.9130  11.78449161
  0.9140  11.93893910
  0.9150  12.09565940
  0.9160  12.25453161
  0.9170  12.41543583
  0.9180  12.57825323
  0.9190  12.74286631
  0.9200  12.90915899
  0.9210  13.07701676
  0.9220  13.24632682
  0.9230  13.41697818
  0.9240  13.58886174
  0.9250  13.76187044
  0.9260  13.93589928
  0.9270  14.11084541
  0.9280  14.28660820
  0.9290  14.46308931
  0.9300  14.64019271
  0.9310  14.81782473
  0.9320  14.99589411
  0.9330  15.17431202
  0.9340  15.35299209
  0.9350  15.53185039
  0.9360  15.71080553
  0.9370  15.88977858
  0.9380  16.06869315
  0.9390  16.24747532
  0.9400  16.42605373
  0.9410  16.60435949
  0.9420  16.78232622
  0.9430  16.95989004
  0.9440  17.13698953
  0.9450  17.31356576
  0.9460  17.48956222
  0.9470  17.66492486
  0.9480  17.83960200
  0.9490  18.01354436
  0.9500  18.18670504
  0.9510  18.35903944
  0.9520  18.53050527
  0.9530  18.70106253
  0.9540  18.87067343
  0.9550  19.03930243
  0.9560  19.20691612
  0.9570  19.37348326
  0.9580  19.53897469
  0.9590  19.70336333
  0.9600  19.86662413
  0.9610  20.02873400
  0.9620  20.18967181
  0.9630  20.34941835
  0.9640  20.50795626
  0.9650  20.66526999
  0.9660  20.82134579
  0.9670  20.97617164
  0.9680  21.12973720
  0.9690  21.28203379
  0.9700  21.43305434
  0.9710  21.58279334
  0.9720  21.73124678
  0.9730  21.87841214
  0.9740  22.02428834
  0.9750  22.16887566
  0.9760  22.31217574
  0.9770  22.45419151
  0.9780  22.59492716
  0.9790  22.73438810
  0.9800  22.87258089
  0.9810  23.00951324
  0.9820  23.14519393
  0.9830  23.27963278
  0.9840  23.41284063
  0.9850  23.54482928
  0.9860  23.67561144
  0.9870  23.80520070
  0.9880  23.93361152
  0.9890  24.06085913
  0.9900  24.18695954
  0.9910  24.31192950
  0.9920  24.43578643
  0.9930  24.55854842
  0.9940  24.68023416
  0.9950  24.80086294
  0.9960  24.92045458
  0.9970  25.03902942
  0.9980  25.15660825
  0.9990  25.27321234
