  0.0000  63.06957769
  0.0010  63.04294574
  0.0020  62.96306108
  0.0030  62.82995735
  0.0040  62.64369054
  0.0050  62.40433903
  0.0060  62.11200352
  0.0070  61.76680701
  0.0080  61.36889472
  0.0090  60.91843402
  0.0100  60.41561437
  0.0110  59.86064723
  0.0120  59.25376596
  0.0130  58.59522569
  0.0140  57.88530326
  0.0150  57.12429701
  0.0160  56.31252671
  0.0170  55.45033341
  0.0180  54.53807921
  0.0190  53.57614719
  0.0200  52.56494118
  0.0210  51.50488556
  0.0220  50.39642511
  0.0230  49.24002478
  0.0240  48.03616947
  0.0250  46.78536382
  0.0260  45.48813196
  0.0270  44.14501732
  0.0280  42.75658229
  0.0290  41.32340806
  0.0300  39.84609428
  0.0310  38.32525883
  0.0320  36.76153752
  0.0330  35.15558379
  0.0340  33.50806843
  0.0350  31.81967925
  0.0360  30.09112082
  0.0370  28.32311406
  0.0380  26.51639601
  0.0390  24.67171943
  0.0400  22.78985252
  0.0410  20.87157851
  0.0420  18.91769541
  0.0430  16.92901561
  0.0440  14.90636562
  0.0450  12.85058582
  0.0460  10.76253041
  0.0470  8.64306774
  0.0480  6.49308232
  0.0490  4.31348400
  0.0500  2.10527837
  0.0510  0.13749388
  0.0520  2.39484092
  0.0530  4.68379054
  0.0540  6.99787972
  0.0550  9.33607350
  0.0560  11.69739221
  0.0570  14.08085878
  0.0580  16.48549120
  0.0590  18.91030090
  0.0600  21.35429251
  0.0610  23.81646404
  0.0620  26.29580720
  0.0630  28.79130776
  0.0640  31.30194599
  0.0650  33.82669709
  0.0660  36.36453164
  0.0670  38.91441601
  0.0680  41.47531286
  0.0690  44.04618157
  0.0700  46.62597870
  0.0710  49.21365846
  0.0720  51.80817312
  0.0730  54.40847355
  0.0740  57.01350962
  0.0750  59.62223065
  0.0760  62.23358591
  0.0770  64.84652506
  0.0780  67.45999860
  0.0790  70.07295831
  0.0800  72.68435774
  0.0810  75.29315263
  0.0820  77.89830139
  0.0830  80.49876551
  0.0840  83.09351003
  0.0850  85.68150399
  0.0860  88.26172082
  0.0870  90.83313885
  0.0880  93.39474169
  0.0890  95.94551869
  0.0900  98.48446532
  0.0910  101.01058366
  0.0920  103.52288277
  0.0930  106.02037911
  0.0940  108.50209698
  0.0950  110.96706887
  0.0960  113.41433593
  0.0970  115.84294831
  0.0980  118.25196558
  0.0990  120.64045708
  0.1000  123.00750236
  0.1010  125.35219150
  0.1020  127.67362549
  0.1030  129.97091663
  0.1040  132.24318882
  0.1050  134.48957796
  0.1060  136.70923230
  0.1070  138.90131272
  0.1080  141.06499312
  0.1090  143.19946071
  0.1100  145.30391633
  0.1110  147.37757479
  0.1120  149.41966510
  0.1130  151.42943086
  0.1140  153.40613047
  0.1150  155.34903743
  0.1160  157.25744063
  0.1170  159.13064461
  0.1180  160.96796978
  0.1190  162.76875273
  0.1200  164.53234639
  0.1210  166.25812035
  0.1220  167.94546100
  0.1230  169.59377180
  0.1240  171.20247347
  0.1250  172.77100417
  0.1260  174.29881973
  0.1270  175.78539377
  0.1280  177.23021793
  0.1290  178.63280200
  0.1300  179.99267407
  0.1310  181.30938071
  0.1320  182.58248706
  0.1330  183.81157699
  0.1340  184.99625320
  0.1350  186.13613734
  0.1360  187.23087010
  0.1370  188.28011130
  0.1380  189.28353999
  0.1390  190.24085452
  0.1400  191.15177255
  0.1410  192.01603120
  0.1420  192.83338701
  0.1430  193.60361601
  0.1440  194.32651378
  0.1450  195.00189538
  0.1460  195.62959547
  0.1470  196.20946822
  0.1480  196.74138735
  0.1490  197.22524609
  0.1500  197.66095718
  0.1510  198.04845280
  0.1520  198.38768455
  0.1530  198.67862340
  0.1540  198.92125960
  0.1550  199.11560265
  0.1560  199.26168119
  0.1570  199.35954295
  0.1580  199.40925460
  0.1590  199.41090169
  0.1600  199.36458853
  0.1610  199.27043808
  0.1620  199.12859179
  0.1630  198.93920949
  0.1640  198.70246924
  0.1650  198.41856719
  0.1660  198.08771742
  0.1670  197.71015175
  0.1680  197.28611958
  0.1690  196.81588774
  0.1700  196.29974026
  0.1710  195.73797818
  0.1720  195.13091939
  0.1730  194.47889836
  0.1740  193.78226599
  0.1750  193.04138933
  0.1760  192.25665139
  0.1770  191.42845090
  0.1780  190.55720206
  0.1790  189.64333428
  0.1800  188.68729199
  0.1810  187.68953431
  0.1820  186.65053482
  0.1830  185.57078131
  0.1840  184.45077545
  0.1850  183.29103259
  0.1860  182.09208140
  0.1870  180.85446365
  0.1880  179.57873387
  0.1890  178.26545906
  0.1900  176.91521842
  0.1910  175.52860300
  0.1920  174.10621543
  0.1930  172.64866959
  0.1940  171.15659029
  0.1950  169.63061297
  0.1960  168.07138334
  0.1970  166.47955711
  0.1980  164.85579960
  0.1990  163.20078547
  0.2000  161.51519832
  0.2010  159.79973042
  0.2020  158.05508232
  0.2030  156.28196254
  0.2040  154.48108723
  0.2050  152.65317980
  0.2060  150.79897060
  0.2070  148.91919654
  0.2080  147.01460081
  0.2090  145.08593245
  0.2100  143.13394606
  0.2110  141.15940142
  0.2120  139.16306316
  0.2130  137.14570038
  0.2140  135.10808633
  0.2150  133.05099806
  0.2160  130.97521602
  0.2170  128.88152379
  0.2180  126.77070767
  0.2190  124.64355633
  0.2200  122.50086051
  0.2210  120.34341265
  0.2220  118.17200650
  0.2230  115.98743687
  0.2240  113.79049918
  0.2250  111.58198921
  0.2260  109.36270271
  0.2270  107.13343508
  0.2280  104.89498104
  0.2290  102.64813426
  0.2300  100.39368711
  0.2310  98.13243023
  0.2320  95.86515229
  0.2330  93.59263963
  0.2340  91.31567594
  0.2350  89.03504196
  0.2360  86.75151516
  0.2370  84.46586942
  0.2380  82.17887473
  0.2390  79.89129692
  0.2400  77.60389730
  0.2410  75.31743243
  0.2420  73.03265378
  0.2430  70.75030748
  0.2440  68.47113401
  0.2450  66.19586793
  0.2460  63.92523764
  0.2470  61.65996504
  0.2480  59.40076536
  0.2490  57.14834681
  0.2500  54.90341038
  0.2510  52.66664957
  0.2520  50.43875018
  0.2530  48.22039002
  0.2540  46.01223868
  0.2550  43.81495737
  0.2560  41.62919861
  0.2570  39.45560606
  0.2580  37.29481430
  0.2590  35.14744862
  0.2600  33.01412480
  0.2610  30.89544896
  0.2620  28.79201733
  0.2630  26.70441607
  0.2640  24.63322112
  0.2650  22.57899798
  0.2660  20.54230161
  0.2670  18.52367620
  0.2680  16.52365504
  0.2690  14.54276042
  0.2700  12.58150339
  0.2710  10.64038374
  0.2720  8.71988979
  0.2730  6.82049830
  0.2740  4.94267446
  0.2750  3.08687197
  0.2760  1.25353552
  0.2770  0.55694593
  0.2780  2.34407232
  0.2790  4.10749935
  0.2800  5.84682165
  0.2810  7.56165794
  0.2820  9.25164007
  0.2830  10.91641248
  0.2840  12.55563223
  0.2850  14.16896896
  0.2860  15.75610499
  0.2870  17.31673526
  0.2880  18.85056748
  0.2890  20.35732204
  0.2900  21.83673211
  0.2910  23.28854363
  0.2920  24.71251529
  0.2930  26.10841860
  0.2940  27.47603780
  0.2950  28.81516991
  0.2960  30.12562472
  0.2970  31.40722472
  0.2980  32.65980513
  0.2990  33.88321383
  0.3000  35.07731133
  0.3010  36.24197074
  0.3020  37.37707772
  0.3030  38.48253041
  0.3040  39.55823939
  0.3050  40.60412761
  0.3060  41.62013032
  0.3070  42.60619499
  0.3080  43.56228124
  0.3090  44.48836076
  0.3100  45.38441722
  0.3110  46.25044614
  0.3120  47.08645487
  0.3130  47.89246241
  0.3140  48.66849934
  0.3150  49.41460771
  0.3160  50.13084090
  0.3170  50.81726353
  0.3180  51.47395134
  0.3190  52.10099100
  0.3200  52.69848006
  0.3210  53.26652677
  0.3220  53.80524993
  0.3230  54.31477878
  0.3240  54.79525283
  0.3250  55.24682172
  0.3260  55.66964505
  0.3270  56.06389226
  0.3280  56.42974242
  0.3290  56.76738411
  0.3300  57.07701521
  0.3310  57.35884280
  0.3320  57.61308292
  0.3330  57.83996040
  0.3340  58.03970875
  0.3350  58.21256991
  0.3360  58.35879409
  0.3370  58.47863960
  0.3380  58.57237266
  0.3390  58.64026719
  0.3400  58.68260464
  0.3410  58.69967381
  0.3420  58.69177064
  0.3430  58.65919800
  0.3440  58.60226553
  0.3450  58.52128943
  0.3460  58.41659223
  0.3470  58.28850263
  0.3480  58.13735530
  0.3490  57.96349065
  0.3500  57.76725465
  0.3510  57.54899860
  0.3520  57.30907896
  0.3530  57.04785714
  0.3540  56.76569926
  0.3550  56.46297601
  0.3560  56.14006236
  0.3570  55.79733744
  0.3580  55.43518427
  0.3590  55.05398961
  0.3600  54.65414369
  0.3610  54.23604008
  0.3620  53.80007543
  0.3630  53.34664928
  0.3640  52.87616388
  0.3650  52.38902394
  0.3660  51.88563650
  0.3670  51.36641066
  0.3680  50.83175740
  0.3690  50.28208944
  0.3700  49.71782093
  0.3710  49.13936736
  0.3720  48.54714532
  0.3730  47.94157228
  0.3740  47.32306647
  0.3750  46.69204661
  0.3760  46.04893178
  0.3770  45.39414120
  0.3780  44.72809407
  0.3790  44.05120937
  0.3800  43.36390568
  0.3810  42.66660100
  0.3820  41.95971257
  0.3830  41.24365673
  0.3840  40.51884868
  0.3850  39.78570237
  0.3860  39.04463032
  0.3870  38.29604342
  0.3880  37.54035079
  0.3890  36.77795964
  0.3900  36.00927509
  0.3910  35.23469999
  0.3920  34.45463481
  0.3930  33.66947748
  0.3940  32.87962322
  0.3950  32.08546442
  0.3960  31.28739049
  0.3970  30.48578770
  0.3980  29.68103908
  0.3990  28.87352427
  0.4000  28.06361939
  0.4010  27.25169691
  0.4020  26.43812552
  0.4030  25.62327004
  0.4040  24.80749126
  0.4050  23.99114586
  0.4060  23.17458627
  0.4070  22.35816060
  0.4080  21.54221248
  0.4090  20.72708103
  0.4100  19.91310067
  0.4110  19.10060112
  0.4120  18.28990725
  0.4130  17.48133900
  0.4140  16.67521131
  0.4150  15.87183401
  0.4160  15.07151179
  0.4170  14.27454406
  0.4180  13.48122493
  0.4190  12.69184314
  0.4200  11.90668195
  0.4210  11.12601911
  0.4220  10.35012681
  0.4230  9.57927161
  0.4240  8.81371438
  0.4250  8.05371027
  0.4260  7.29950866
  0.4270  6.55135309
  0.4280  5.80948127
  0.4290  5.07412501
  0.4300  4.34551019
  0.4310  3.62385674
  0.4320  2.90937860
  0.4330  2.20228374
  0.4340  1.50277406
  0.4350  0.81104547
  0.4360  0.12728777
  0.4370  0.54831524
  0.4380  1.21558589
  0.4390  1.87435255
  0.4400  2.52444968
  0.4410  3.16571782
  0.4420  3.79800358
  0.4430  4.42115962
  0.4440  5.03504469
  0.4450  5.63952354
  0.4460  6.23446700
  0.4470  6.81975186
  0.4480  7.39526093
  0.4490  7.96088297
  0.4500  8.51651270
  0.4510  9.06205071
  0.4520  9.59740353
  0.4530  10.12248348
  0.4540  10.63720872
  0.4550  11.14150319
  0.4560  11.63529653
  0.4570  12.11852411
  0.4580  12.59112690
  0.4590  13.05305151
  0.4600  13.50425007
  0.4610  13.94468022
  0.4620  14.37430502
  0.4630  14.79309295
  0.4640  15.20101780
  0.4650  15.59805864
  0.4660  15.98419973
  0.4670  16.35943051
  0.4680  16.72374548
  0.4690  17.07714416
  0.4700  17.41963102
  0.4710  17.75121542
  0.4720  18.07191150
  0.4730  18.38173817
  0.4740  18.68071899
  0.4750  18.96888211
  0.4760  19.24626017
  0.4770  19.51289029
  0.4780  19.76881391
  0.4790  20.01407676
  0.4800  20.24872875
  0.4810  20.47282394
  0.4820  20.68642038
  0.4830  20.88958010
  0.4840  21.08236897
  0.4850  21.26485666
  0.4860  21.43711651
  0.4870  21.59922548
  0.4880  21.75126405
  0.4890  21.89331613
  0.4900  22.02546897
  0.4910  22.14781307
  0.4920  22.26044210
  0.4930  22.36345280
  0.4940  22.45694491
  0.4950  22.54102105
  0.4960  22.61578665
  0.4970  22.68134985
  0.4980  22.73782143
  0.4990  22.78531469
  0.5000  22.82394537
  0.5010  22.85383157
  0.5020  22.87509365
  0.5030  22.88785414
  0.5040  22.89223765
  0.5050  22.88837079
  0.5060  22.87638206
  0.5070  22.85640176
  0.5080  22.82856195
  0.5090  22.79299629
  0.5100  22.74983999
  0.5110  22.69922973
  0.5120  22.64130356
  0.5130  22.57620079
  0.5140  22.50406196
  0.5150  22.42502870
  0.5160  22.33924366
  0.5170  22.24685045
  0.5180  22.14799354
  0.5190  22.04281815
  0.5200  21.93147023
  0.5210  21.81409630
  0.5220  21.69084345
  0.5230  21.56185920
  0.5240  21.42729145
  0.5250  21.28728840
  0.5260  21.14199847
  0.5270  20.99157021
  0.5280  20.83615226
  0.5290  20.67589323
  0.5300  20.51094169
  0.5310  20.34144602
  0.5320  20.16755441
  0.5330  19.98941476
  0.5340  19.80717459
  0.5350  19.62098104
  0.5360  19.43098071
  0.5370  19.23731969
  0.5380  19.04014344
  0.5390  18.83959672
  0.5400  18.63582360
  0.5410  18.42896730
  0.5420  18.21917022
  0.5430  18.00657383
  0.5440  17.79131864
  0.5450  17.57354412
  0.5460  17.35338869
  0.5470  17.13098962
  0.5480  16.90648301
  0.5490  16.68000374
  0.5500  16.45168542
  0.5510  16.22166031
  0.5520  15.99005935
  0.5530  15.75701203
  0.5540  15.52264642
  0.5550  15.28708908
  0.5560  15.05046505
  0.5570  14.81289780
  0.5580  14.57450920
  0.5590  14.33541946
  0.5600  14.09574715
  0.5610  13.85560910
  0.5620  13.61512043
  0.5630  13.37439449
  0.5640  13.13354281
  0.5650  12.89267513
  0.5660  12.65189933
  0.5670  12.41132142
  0.5680  12.17104551
  0.5690  11.93117380
  0.5700  11.69180656
  0.5710  11.45304210
  0.5720  11.21497675
  0.5730  10.97770486
  0.5740  10.74131877
  0.5750  10.50590882
  0.5760  10.27156331
  0.5770  10.03836847
  0.5780  9.80640854
  0.5790  9.57576564
  0.5800  9.34651985
  0.5810  9.11874919
  0.5820  8.89252957
  0.5830  8.66793484
  0.5840  8.44503675
  0.5850  8.22390497
  0.5860  8.00460707
  0.5870  7.78720856
  0.5880  7.57177283
  0.5890  7.35836121
  0.5900  7.14703293
  0.5910  6.93784515
  0.5920  6.73085298
  0.5930  6.52610945
  0.5940  6.32366552
  0.5950  6.12357013
  0.5960  5.92587016
  0.5970  5.73061048
  0.5980  5.53783393
  0.5990  5.34758136
  0.6000  5.15989162
  0.6010  4.97480157
  0.6020  4.79234615
  0.6030  4.61255830
  0.6040  4.43546908
  0.6050  4.26110758
  0.6060  4.08950106
  0.6070  3.92067484
  0.6080  3.75465243
  0.6090  3.59145547
  0.6100  3.43110381
  0.6110  3.27361547
  0.6120  3.11900672
  0.6130  2.96729208
  0.6140  2.81848432
  0.6150  2.67259452
  0.6160  2.52963207
  0.6170  2.38960471
  0.6180  2.25251855
  0.6190  2.11837808
  0.6200  1.98718623
  0.6210  1.85894437
  0.6220  1.73365233
  0.6230  1.61130847
  0.6240  1.49190968
  0.6250  1.37545142
  0.6260  1.26192772
  0.6270  1.15133130
  0.6280  1.04365352
  0.6290  0.93888449
  0.6300  0.83701311
  0.6310  0.73802716
  0.6320  0.64191345
  0.6330  0.54865802
  0.6340  0.45824661
  0.6350  0.37066562
  0.6360  0.28590466
  0.6370  0.20396470
  0.6380  0.12489588
  0.6390  0.04917634
  0.6400  0.02833719
  0.6410  0.09774797
  0.6420  0.16592951
  0.6430  0.23163132
  0.6440  0.29476865
  0.6450  0.35534061
  0.6460  0.41336498
  0.6470  0.46886606
  0.6480  0.52187123
  0.6490  0.57240968
  0.6500  0.62051185
  0.6510  0.66620919
  0.6520  0.70953398
  0.6530  0.75051923
  0.6540  0.78919863
  0.6550  0.82560646
  0.6560  0.85977759
  0.6570  0.89174741
  0.6580  0.92155183
  0.6590  0.94922717
  0.6600  0.97481024
  0.6610  0.99833822
  0.6620  1.01984865
  0.6630  1.03937945
  0.6640  1.05696882
  0.6650  1.07265527
  0.6660  1.08647757
  0.6670  1.09847471
  0.6680  1.10868592
  0.6690  1.11715058
  0.6700  1.12390826
  0.6710  1.12899863
  0.6720  1.13246149
  0.6730  1.13433674
  0.6740  1.13466432
  0.6750  1.13348421
  0.6760  1.13083641
  0.6770  1.12676094
  0.6780  1.12129774
  0.6790  1.11448675
  0.6800  1.10636782
  0.6810  1.09698070
  0.6820  1.08636504
  0.6830  1.07456036
  0.6840  1.06160602
  0.6850  1.04754123
  0.6860  1.03240498
  0.6870  1.01623610
  0.6880  0.99907315
  0.6890  0.98095448
  0.6900  0.96191817
  0.6910  0.94200203
  0.6920  0.92124358
  0.6930  0.89968004
  0.6940  0.87734831
  0.6950  0.85428495
  0.6960  0.83052619
  0.6970  0.80610789
  0.6980  0.78106554
  0.6990  0.75543424
  0.7000  0.72924871
  0.7010  0.70254327
  0.7020  0.67535180
  0.7030  0.64770780
  0.7040  0.61964429
  0.7050  0.59119392
  0.7060  0.56238885
  0.7070  0.53326085
  0.7080  0.50384122
  0.7090  0.47416087
  0.7100  0.44425028
  0.7110  0.41413957
  0.7120  0.38385853
  0.7130  0.35343668
  0.7140  0.32290340
  0.7150  0.29228815
  0.7160  0.26162077
  0.7170  0.23093213
  0.7180  0.20025530
  0.7190  0.16962798
  0.7200  0.13909820
  0.7210  0.10873931
  0.7220  0.07869894
  0.7230  0.04942150
  0.7240  0.02349205
  0.7250  0.02229628
  0.7260  0.04741895
  0.7270  0.07597138
  0.7280  0.10501085
  0.7290  0.13405954
  0.7300  0.16296664
  0.7310  0.19166215
  0.7320  0.22010396
  0.7330  0.24826191
  0.7340  0.27611185
  0.7350  0.30363303
  0.7360  0.33080687
  0.7370  0.35761634
  0.7380  0.38404560
  0.7390  0.41007974
  0.7400  0.43570469
  0.7410  0.46090714
  0.7420  0.48567445
  0.7430  0.50999464
  0.7440  0.53385634
  0.7450  0.55724877
  0.7460  0.58016174
  0.7470  0.60258562
  0.7480  0.62451134
  0.7490  0.64593035
  0.7500  0.66683465
  0.7510  0.68721677
  0.7520  0.70706973
  0.7530  0.72638707
  0.7540  0.74516285
  0.7550  0.76339159
  0.7560  0.78106832
  0.7570  0.79818852
  0.7580  0.81474816
  0.7590  0.83074368
  0.7600  0.84617194
  0.7610  0.86103029
  0.7620  0.87531648
  0.7630  0.88902871
  0.7640  0.90216562
  0.7650  0.91472624
  0.7660  0.92671000
  0.7670  0.93811676
  0.7680  0.94894676
  0.7690  0.95920062
  0.7700  0.96887932
  0.7710  0.97798423
  0.7720  0.98651708
  0.7730  0.99447992
  0.7740  1.00187518
  0.7750  1.00870560
  0.7760  1.01497425
  0.7770  1.02068451
  0.7780  1.02584007
  0.7790  1.03044493
  0.7800  1.03450338
  0.7810  1.03801997
  0.7820  1.04099953
  0.7830  1.04344719
  0.7840  1.04536828
  0.7850  1.04676843
  0.7860  1.04765346
  0.7870  1.04802947
  0.7880  1.04790274
  0.7890  1.04727979
  0.7900  1.04616733
  0.7910  1.04457229
  0.7920  1.04250175
  0.7930  1.03996301
  0.7940  1.03696353
  0.7950  1.03351091
  0.7960  1.02961294
  0.7970  1.02527754
  0.7980  1.02051279
  0.7990  1.01532686
  0.8000  1.00972809
  0.8010  1.00372492
  0.8020  0.99732590
  0.8030  0.99053968
  0.8040  0.98337500
  0.8050  0.97584070
  0.8060  0.96794570
  0.8070  0.95969898
  0.8080  0.95110960
  0.8090  0.94218667
  0.8100  0.93293935
  0.8110  0.92337687
  0.8120  0.91350848
  0.8130  0.90334345
  0.8140  0.89289111
  0.8150  0.88216078
  0.8160  0.87116183
  0.8170  0.85990360
  0.8180  0.84839545
  0.8190  0.83664675
  0.8200  0.82466685
  0.8210  0.81246509
  0.8220  0.80005078
  0.8230  0.78743322
  0.8240  0.77462168
  0.8250  0.76162540
  0.8260  0.74845356
  0.8270  0.73511533
  0.8280  0.72161981
  0.8290  0.70797605
  0.8300  0.69419306
  0.8310  0.68027978
  0.8320  0.66624509
  0.8330  0.65209780
  0.8340  0.63784665
  0.8350  0.62350032
  0.8360  0.60906739
  0.8370  0.59455639
  0.8380  0.57997575
  0.8390  0.56533381
  0.8400  0.55063885
  0.8410  0.53589903
  0.8420  0.52112245
  0.8430  0.50631709
  0.8440  0.49149088
  0.8450  0.47665160
  0.8460  0.46180699
  0.8470  0.44696468
  0.8480  0.43213219
  0.8490  0.41731697
  0.8500  0.40252638
  0.8510  0.38776771
  0.8520  0.37304813
  0.8530  0.35837479
  0.8540  0.34375473
  0.8550  0.32919497
  0.8560  0.31470247
  0.8570  0.30028418
  0.8580  0.28594705
  0.8590  0.27169804
  0.8600  0.25754420
  0.8610  0.24349271
  0.8620  0.22955091
  0.8630  0.21572645
  0.8640  0.20202736
  0.8650  0.18846229
  0.8660  0.17504071
  0.8670  0.16177328
  0.8680  0.14867241
  0.8690  0.13575304
  0.8700  0.12303393
  0.8710  0.11053968
  0.8720  0.09830414
  0.8730  0.08637626
  0.8740  0.07483079
  0.8750  0.06378840
  0.8760  0.05345504
  0.8770  0.04419869
  0.8780  0.03668036
  0.8790  0.03195778
  0.8800  0.03112916
  0.8810  0.03429965
  0.8820  0.04039041
  0.8830  0.04818180
  0.8840  0.05687214
  0.8850  0.06601451
  0.8860  0.07536304
  0.8870  0.08477723
  0.8880  0.09417250
  0.8890  0.10349537
  0.8900  0.11271038
  0.8910  0.12179306
  0.8920  0.13072591
  0.8930  0.13949604
  0.8940  0.14809367
  0.8950  0.15651122
  0.8960  0.16474272
  0.8970  0.17278336
  0.8980  0.18062926
  0.8990  0.18827722
  0.9000  0.19572461
  0.9010  0.20296925
  0.9020  0.21000935
  0.9030  0.21684343
  0.9040  0.22347029
  0.9050  0.22988898
  0.9060  0.23609875
  0.9070  0.24209904
  0.9080  0.24788950
  0.9090  0.25346990
  0.9100  0.25884017
  0.9110  0.26400039
  0.9120  0.26895076
  0.9130  0.27369161
  0.9140  0.27822339
  0.9150  0.28254664
  0.9160  0.28666204
  0.9170  0.29057034
  0.9180  0.29427242
  0.9190  0.29776923
  0.9200  0.30106182
  0.9210  0.30415134
  0.9220  0.30703902
  0.9230  0.30972615
  0.9240  0.31221415
  0.9250  0.31450447
  0.9260  0.31659867
  0.9270  0.31849836
  0.9280  0.32020526
  0.9290  0.32172111
  0.9300  0.32304777
  0.9310  0.32418712
  0.9320  0.32514114
  0.9330  0.32591186
  0.9340  0.32650137
  0.9350  0.32691183
  0.9360  0.32714545
  0.9370  0.32720451
  0.9380  0.32709132
  0.9390  0.32680828
  0.9400  0.32635781
  0.9410  0.32574241
  0.9420  0.32496461
  0.9430  0.32402701
  0.9440  0.32293224
  0.9450  0.32168299
  0.9460  0.32028200
  0.9470  0.31873203
  0.9480  0.31703593
  0.9490  0.31519655
  0.9500  0.31321681
  0.9510  0.31109968
  0.9520  0.30884814
  0.9530  0.30646526
  0.9540  0.30395411
  0.9550  0.30131782
  0.9560  0.29855958
  0.9570  0.29568259
  0.9580  0.29269012
  0.9590  0.28958548
  0.9600  0.28637201
  0.9610  0.28305312
  0.9620  0.27963225
  0.9630  0.27611290
  0.9640  0.27249861
  0.9650  0.26879300
  0.9660  0.26499971
  0.9670  0.26112246
  0.9680  0.25716505
  0.9690  0.25313131
  0.9700  0.24902518
  0.9710  0.24485066
  0.9720  0.24061183
  0.9730  0.23631287
  0.9740  0.23195806
  0.9750  0.22755180
  0.9760  0.22309858
  0.9770  0.21860304
  0.9780  0.21406998
  0.9790  0.20950432
  0.9800  0.20491120
  0.9810  0.20029592
  0.9820  0.19566401
  0.9830  0.19102126
  0.9840  0.18637368
  0.9850  0.18172762
  0.9860  0.17708975
  0.9870  0.17246709
  0.9880  0.16786708
  0.9890  0.16329761
  0.9900  0.15876709
  0.9910  0.15428444
  0.9920  0.14985922
  0.9930  0.14550164
  0.9940  0.14122264
  0.9950  0.13703395
  0.9960  0.13294809
  0.9970  0.12897850
  0.9980  0.12513947
  0.9990  0.12144625
