  0.0000  36.70949652
  0.0010  36.67324258
  0.0020  36.56450111
  0.0030  36.38333323
  0.0040  36.12984072
  0.0050  35.80416602
  0.0060  35.40649210
  0.0070  34.93704238
  0.0080  34.39608057
  0.0090  33.78391057
  0.0100  33.10087621
  0.0110  32.34736112
  0.0120  31.52378844
  0.0130  30.63062063
  0.0140  29.66835915
  0.0150  28.63754417
  0.0160  27.53875428
  0.0170  26.37260611
  0.0180  25.13975399
  0.0190  23.84088954
  0.0200  22.47674129
  0.0210  21.04807421
  0.0220  19.55568931
  0.0230  18.00042310
  0.0240  16.38314716
  0.0250  14.70476758
  0.0260  12.96622443
  0.0270  11.16849126
  0.0280  9.31257445
  0.0290  7.39951273
  0.0300  5.43037662
  0.0310  3.40626833
  0.0320  1.32832656
  0.0330  0.80235603
  0.0340  2.98445790
  0.0350  5.21685038
  0.0360  7.49827057
  0.0370  9.82744405
  0.0380  12.20307134
  0.0390  14.62382787
  0.0400  17.08836462
  0.0410  19.59530885
  0.0420  22.14326489
  0.0430  24.73081499
  0.0440  27.35652012
  0.0450  30.01892082
  0.0460  32.71653809
  0.0470  35.44787423
  0.0480  38.21141371
  0.0490  41.00562411
  0.0500  43.82895697
  0.0510  46.67984874
  0.0520  49.55672167
  0.0530  52.45798475
  0.0540  55.38203465
  0.0550  58.32725664
  0.0560  61.29202554
  0.0570  64.27470671
  0.0580  67.27365694
  0.0590  70.28722548
  0.0600  73.31375493
  0.0610  76.35158228
  0.0620  79.39903984
  0.0630  82.45445620
  0.0640  85.51615725
  0.0650  88.58246709
  0.0660  91.65170905
  0.0670  94.72220667
  0.0680  97.79228460
  0.0690  100.86026966
  0.0700  103.92449174
  0.0710  106.98328479
  0.0720  110.03498779
  0.0730  113.07794565
  0.0740  116.11051025
  0.0750  119.13104128
  0.0760  122.13790728
  0.0770  125.12948649
  0.0780  128.10416780
  0.0790  131.06035170
  0.0800  133.99645113
  0.0810  136.91089241
  0.0820  139.80211613
  0.0830  142.66857802
  0.0840  145.50874980
  0.0850  148.32112008
  0.0860  151.10419514
  0.0870  153.85649984
  0.0880  156.57657836
  0.0890  159.26299506
  0.0900  161.91433524
  0.0910  164.52920594
  0.0920  167.10623667
  0.0930  169.64408018
  0.0940  172.14141321
  0.0950  174.59693715
  0.0960  177.00937879
  0.0970  179.37749094
  0.0980  181.70005318
  0.0990  183.97587241
  0.1000  186.20378356
  0.1010  188.38265013
  0.1020  190.51136483
  0.1030  192.58885012
  0.1040  194.61405877
  0.1050  196.58597439
  0.1060  198.50361193
  0.1070  200.36601821
  0.1080  202.17227234
  0.1090  203.92148618
  0.1100  205.61280478
  0.1110  207.24540679
  0.1120  208.81850483
  0.1130  210.33134586
  0.1140  211.78321150
  0.1150  213.17341838
  0.1160  214.50131843
  0.1170  215.76629913
  0.1180  216.96778379
  0.1190  218.10523176
  0.1200  219.17813865
  0.1210  220.18603649
  0.1220  221.12849394
  0.1230  222.00511637
  0.1240  222.81554602
  0.1250  223.55946208
  0.1260  224.23658076
  0.1270  224.84665532
  0.1280  225.38947613
  0.1290  225.86487068
  0.1300  226.27270349
  0.1310  226.61287618
  0.1320  226.88532730
  0.1330  227.09003233
  0.1340  227.22700350
  0.1350  227.29628974
  0.1360  227.29797646
  0.1370  227.23218544
  0.1380  227.09907460
  0.1390  226.89883778
  0.1400  226.63170455
  0.1410  226.29793993
  0.1420  225.89784413
  0.1430  225.43175223
  0.1440  224.90003390
  0.1450  224.30309306
  0.1460  223.64136753
  0.1470  222.91532865
  0.1480  222.12548091
  0.1490  221.27236155
  0.1500  220.35654011
  0.1510  219.37861802
  0.1520  218.33922813
  0.1530  217.23903425
  0.1540  216.07873064
  0.1550  214.85904153
  0.1560  213.58072059
  0.1570  212.24455040
  0.1580  210.85134189
  0.1590  209.40193378
  0.1600  207.89719203
  0.1610  206.33800923
  0.1620  204.72530396
  0.1630  203.06002028
  0.1640  201.34312697
  0.1650  199.57561700
  0.1660  197.75850684
  0.1670  195.89283578
  0.1680  193.97966530
  0.1690  192.02007836
  0.1700  190.01517873
  0.1710  187.96609028
  0.1720  185.87395629
  0.1730  183.73993871
  0.1740  181.56521748
  0.1750  179.35098974
  0.1760  177.09846917
  0.1770  174.80888519
  0.1780  172.48348223
  0.1790  170.12351901
  0.1800  167.73026772
  0.1810  165.30501333
  0.1820  162.84905279
  0.1830  160.36369423
  0.1840  157.85025628
  0.1850  155.31006720
  0.1860  152.74446416
  0.1870  150.15479246
  0.1880  147.54240474
  0.1890  144.90866020
  0.1900  142.25492384
  0.1910  139.58256566
  0.1920  136.89295989
  0.1930  134.18748422
  0.1940  131.46751905
  0.1950  128.73444663
  0.1960  125.98965041
  0.1970  123.23451416
  0.1980  120.47042129
  0.1990  117.69875404
  0.2000  114.92089275
  0.2010  112.13821506
  0.2020  109.35209525
  0.2030  106.56390339
  0.2040  103.77500469
  0.2050  100.98675872
  0.2060  98.20051870
  0.2070  95.41763079
  0.2080  92.63943335
  0.2090  89.86725626
  0.2100  87.10242021
  0.2110  84.34623604
  0.2120  81.60000401
  0.2130  78.86501316
  0.2140  76.14254065
  0.2150  73.43385110
  0.2160  70.74019592
  0.2170  68.06281275
  0.2180  65.40292474
  0.2190  62.76174002
  0.2200  60.14045105
  0.2210  57.54023407
  0.2220  54.96224848
  0.2230  52.40763632
  0.2240  49.87752169
  0.2250  47.37301023
  0.2260  44.89518860
  0.2270  42.44512399
  0.2280  40.02386360
  0.2290  37.63243421
  0.2300  35.27184174
  0.2310  32.94307083
  0.2320  30.64708449
  0.2330  28.38482375
  0.2340  26.15720745
  0.2350  23.96513204
  0.2360  21.80947162
  0.2370  19.69107818
  0.2380  17.61078222
  0.2390  15.56939420
  0.2400  13.56770734
  0.2410  11.60650344
  0.2420  9.68656549
  0.2430  7.80870770
  0.2440  5.97385857
  0.2450  4.18334880
  0.2460  2.44039656
  0.2470  0.77100683
  0.2480  0.98130042
  0.2490  2.57128486
  0.2500  4.13475599
  0.2510  5.65505688
  0.2520  7.12964980
  0.2530  8.55752217
  0.2540  9.93804973
  0.2550  11.27075905
  0.2560  12.55525622
  0.2570  13.79120025
  0.2580  14.97829151
  0.2590  16.11626625
  0.2600  17.20489368
  0.2610  18.24397437
  0.2620  19.23333927
  0.2630  20.17284907
  0.2640  21.06239381
  0.2650  21.90189255
  0.2660  22.69129313
  0.2670  23.43057193
  0.2680  24.11973374
  0.2690  24.75881148
  0.2700  25.34786610
  0.2710  25.88698632
  0.2720  26.37628848
  0.2730  26.81591629
  0.2740  27.20604064
  0.2750  27.54685932
  0.2760  27.83859685
  0.2770  28.08150415
  0.2780  28.27585829
  0.2790  28.42196222
  0.2800  28.52014447
  0.2810  28.57075881
  0.2820  28.57418395
  0.2830  28.53082320
  0.2840  28.44110410
  0.2850  28.30547809
  0.2860  28.12442010
  0.2870  27.89842819
  0.2880  27.62802312
  0.2890  27.31374796
  0.2900  26.95616767
  0.2910  26.55586867
  0.2920  26.11345836
  0.2930  25.62956471
  0.2940  25.10483579
  0.2950  24.53993929
  0.2960  23.93556203
  0.2970  23.29240953
  0.2980  22.61120545
  0.2990  21.89269116
  0.3000  21.13762522
  0.3010  20.34678290
  0.3020  19.52095570
  0.3030  18.66095089
  0.3040  17.76759106
  0.3050  16.84171374
  0.3060  15.88417105
  0.3070  14.89582951
  0.3080  13.87756993
  0.3090  12.83028770
  0.3100  11.75489353
  0.3110  10.65231507
  0.3120  9.52350031
  0.3130  8.36942456
  0.3140  7.19110517
  0.3150  5.98963590
  0.3160  4.76627700
  0.3170  3.52274324
  0.3180  2.26247703
  0.3190  1.00179225
  0.3200  0.46411641
  0.3210  1.70221072
  0.3220  3.03063298
  0.3230  4.38212088
  0.3240  5.75056297
  0.3250  7.13371329
  0.3260  8.53012027
  0.3270  9.93858111
  0.3280  11.35799165
  0.3290  12.78729353
  0.3300  14.22545263
  0.3310  15.67144922
  0.3320  17.12427329
  0.3330  18.58292218
  0.3340  20.04639946
  0.3350  21.51371452
  0.3360  22.98388246
  0.3370  24.45592424
  0.3380  25.92886695
  0.3390  27.40174418
  0.3400  28.87359638
  0.3410  30.34347135
  0.3420  31.81042467
  0.3430  33.27352016
  0.3440  34.73183037
  0.3450  36.18443702
  0.3460  37.63043151
  0.3470  39.06891536
  0.3480  40.49900067
  0.3490  41.91981059
  0.3500  43.33047975
  0.3510  44.73015470
  0.3520  46.11799437
  0.3530  47.49317043
  0.3540  48.85486775
  0.3550  50.20228477
  0.3560  51.53463391
  0.3570  52.85114194
  0.3580  54.15105032
  0.3590  55.43361561
  0.3600  56.69810976
  0.3610  57.94382046
  0.3620  59.17005148
  0.3630  60.37612295
  0.3640  61.56137166
  0.3650  62.72515134
  0.3660  63.86683296
  0.3670  64.98580495
  0.3680  66.08147346
  0.3690  67.15326259
  0.3700  68.20061461
  0.3710  69.22299017
  0.3720  70.21986851
  0.3730  71.19074758
  0.3740  72.13514427
  0.3750  73.05259457
  0.3760  73.94265364
  0.3770  74.80489602
  0.3780  75.63891568
  0.3790  76.44432619
  0.3800  77.22076075
  0.3810  77.96787230
  0.3820  78.68533357
  0.3830  79.37283715
  0.3840  80.03009551
  0.3850  80.65684104
  0.3860  81.25282605
  0.3870  81.81782282
  0.3880  82.35162350
  0.3890  82.85404018
  0.3900  83.32490481
  0.3910  83.76406915
  0.3920  84.17140474
  0.3930  84.54680280
  0.3940  84.89017418
  0.3950  85.20144925
  0.3960  85.48057779
  0.3970  85.72752890
  0.3980  85.94229087
  0.3990  86.12487101
  0.4000  86.27529555
  0.4010  86.39360947
  0.4020  86.47987632
  0.4030  86.53417806
  0.4040  86.55661486
  0.4050  86.54730494
  0.4060  86.50638430
  0.4070  86.43400658
  0.4080  86.33034279
  0.4090  86.19558109
  0.4100  86.02992656
  0.4110  85.83360094
  0.4120  85.60684240
  0.4130  85.34990523
  0.4140  85.06305962
  0.4150  84.74659133
  0.4160  84.40080148
  0.4170  84.02600617
  0.4180  83.62253624
  0.4190  83.19073694
  0.4200  82.73096763
  0.4210  82.24360147
  0.4220  81.72902506
  0.4230  81.18763817
  0.4240  80.61985336
  0.4250  80.02609564
  0.4260  79.40680216
  0.4270  78.76242185
  0.4280  78.09341505
  0.4290  77.40025318
  0.4300  76.68341834
  0.4310  75.94340302
  0.4320  75.18070964
  0.4330  74.39585026
  0.4340  73.58934617
  0.4350  72.76172750
  0.4360  71.91353289
  0.4370  71.04530908
  0.4380  70.15761051
  0.4390  69.25099899
  0.4400  68.32604327
  0.4410  67.38331867
  0.4420  66.42340670
  0.4430  65.44689466
  0.4440  64.45437527
  0.4450  63.44644626
  0.4460  62.42371001
  0.4470  61.38677313
  0.4480  60.33624611
  0.4490  59.27274288
  0.4500  58.19688049
  0.4510  57.10927868
  0.4520  56.01055952
  0.4530  54.90134700
  0.4540  53.78226669
  0.4550  52.65394532
  0.4560  51.51701044
  0.4570  50.37209002
  0.4580  49.21981211
  0.4590  48.06080443
  0.4600  46.89569404
  0.4610  45.72510695
  0.4620  44.54966780
  0.4630  43.36999945
  0.4640  42.18672269
  0.4650  41.00045583
  0.4660  39.81181441
  0.4670  38.62141084
  0.4680  37.42985403
  0.4690  36.23774913
  0.4700  35.04569713
  0.4710  33.85429462
  0.4720  32.66413337
  0.4730  31.47580014
  0.4740  30.28987626
  0.4750  29.10693741
  0.4760  27.92755329
  0.4770  26.75228735
  0.4780  25.58169648
  0.4790  24.41633077
  0.4800  23.25673321
  0.4810  22.10343944
  0.4820  20.95697750
  0.4830  19.81786757
  0.4840  18.68662172
  0.4850  17.56374369
  0.4860  16.44972868
  0.4870  15.34506309
  0.4880  14.25022436
  0.4890  13.16568072
  0.4900  12.09189109
  0.4910  11.02930484
  0.4920  9.97836172
  0.4930  8.93949174
  0.4940  7.91311520
  0.4950  6.89964282
  0.4960  5.89947621
  0.4970  4.91300905
  0.4980  3.94063018
  0.4990  2.98273274
  0.5000  2.03974834
  0.5010  1.11234964
  0.5020  0.20701886
  0.5030  0.70149797
  0.5040  1.58087915
  0.5050  2.44492029
  0.5060  3.29250942
  0.5070  4.12323704
  0.5080  4.93679912
  0.5090  5.73292807
  0.5100  6.51137707
  0.5110  7.27191503
  0.5120  8.01432472
  0.5130  8.73840196
  0.5140  9.44395518
  0.5150  10.13080522
  0.5160  10.79878523
  0.5170  11.44774056
  0.5180  12.07752874
  0.5190  12.68801941
  0.5200  13.27909426
  0.5210  13.85064704
  0.5220  14.40258344
  0.5230  14.93482111
  0.5240  15.44728955
  0.5250  15.93993005
  0.5260  16.41269567
  0.5270  16.86555109
  0.5280  17.29847262
  0.5290  17.71144800
  0.5300  18.10447643
  0.5310  18.47756835
  0.5320  18.83074544
  0.5330  19.16404044
  0.5340  19.47749706
  0.5350  19.77116984
  0.5360  20.04512404
  0.5370  20.29943551
  0.5380  20.53419052
  0.5390  20.74948564
  0.5400  20.94542758
  0.5410  21.12213306
  0.5420  21.27972860
  0.5430  21.41835040
  0.5440  21.53814416
  0.5450  21.63926490
  0.5460  21.72187678
  0.5470  21.78615292
  0.5480  21.83227523
  0.5490  21.86043420
  0.5500  21.87082872
  0.5510  21.86366587
  0.5520  21.83916076
  0.5530  21.79753625
  0.5540  21.73902282
  0.5550  21.66385833
  0.5560  21.57228780
  0.5570  21.46456322
  0.5580  21.34094330
  0.5590  21.20169329
  0.5600  21.04708473
  0.5610  20.87739525
  0.5620  20.69290831
  0.5630  20.49391303
  0.5640  20.28070391
  0.5650  20.05358062
  0.5660  19.81284779
  0.5670  19.55881475
  0.5680  19.29179531
  0.5690  19.01210755
  0.5700  18.72007354
  0.5710  18.41601915
  0.5720  18.10027380
  0.5730  17.77317023
  0.5740  17.43504427
  0.5750  17.08623459
  0.5760  16.72708250
  0.5770  16.35793168
  0.5780  15.97912800
  0.5790  15.59101923
  0.5800  15.19395485
  0.5810  14.78828582
  0.5820  14.37436435
  0.5830  13.95254365
  0.5840  13.52317775
  0.5850  13.08662124
  0.5860  12.64322907
  0.5870  12.19335633
  0.5880  11.73735802
  0.5890  11.27558887
  0.5900  10.80840308
  0.5910  10.33615413
  0.5920  9.85919462
  0.5930  9.37787598
  0.5940  8.89254834
  0.5950  8.40356033
  0.5960  7.91125883
  0.5970  7.41598886
  0.5980  6.91809335
  0.5990  6.41791302
  0.6000  5.91578616
  0.6010  5.41204857
  0.6020  4.90703341
  0.6030  4.40107120
  0.6040  3.89448988
  0.6050  3.38761507
  0.6060  2.88077095
  0.6070  2.37428221
  0.6080  1.86847960
  0.6090  1.36371809
  0.6100  0.86045892
  0.6110  0.36003670
  0.6120  0.15057554
  0.6130  0.64312496
  0.6140  1.13815510
  0.6150  1.63092374
  0.6160  2.12084623
  0.6170  2.60757677
  0.6180  3.09082277
  0.6190  3.57031207
  0.6200  4.04578393
  0.6210  4.51698593
  0.6220  4.98367274
  0.6230  5.44560555
  0.6240  5.90255187
  0.6250  6.35428544
  0.6260  6.80058621
  0.6270  7.24124033
  0.6280  7.67604022
  0.6290  8.10478461
  0.6300  8.52727855
  0.6310  8.94333349
  0.6320  9.35276734
  0.6330  9.75540448
  0.6340  10.15107582
  0.6350  10.53961884
  0.6360  10.92087762
  0.6370  11.29470287
  0.6380  11.66095197
  0.6390  12.01948897
  0.6400  12.37018462
  0.6410  12.71291640
  0.6420  13.04756849
  0.6430  13.37403182
  0.6440  13.69220404
  0.6450  14.00198951
  0.6460  14.30329934
  0.6470  14.59605132
  0.6480  14.88016993
  0.6490  15.15558633
  0.6500  15.42223831
  0.6510  15.68007029
  0.6520  15.92903325
  0.6530  16.16908472
  0.6540  16.40018873
  0.6550  16.62231578
  0.6560  16.83544273
  0.6570  17.03955285
  0.6580  17.23463565
  0.6590  17.42068691
  0.6600  17.59770856
  0.6610  17.76570862
  0.6620  17.92470116
  0.6630  18.07470618
  0.6640  18.21574955
  0.6650  18.34786294
  0.6660  18.47108371
  0.6670  18.58545485
  0.6680  18.69102484
  0.6690  18.78784763
  0.6700  18.87598244
  0.6710  18.95549377
  0.6720  19.02645119
  0.6730  19.08892934
  0.6740  19.14300771
  0.6750  19.18877062
  0.6760  19.22630705
  0.6770  19.25571057
  0.6780  19.27707916
  0.6790  19.29051514
  0.6800  19.29612503
  0.6810  19.29401943
  0.6820  19.28431289
  0.6830  19.26712378
  0.6840  19.24257415
  0.6850  19.21078964
  0.6860  19.17189931
  0.6870  19.12603550
  0.6880  19.07333373
  0.6890  19.01393255
  0.6900  18.94797340
  0.6910  18.87560046
  0.6920  18.79696054
  0.6930  18.71220293
  0.6940  18.62147927
  0.6950  18.52494338
  0.6960  18.42275116
  0.6970  18.31506044
  0.6980  18.20203082
  0.6990  18.08382358
  0.7000  17.96060146
  0.7010  17.83252864
  0.7020  17.69977047
  0.7030  17.56249345
  0.7040  17.42086502
  0.7050  17.27505346
  0.7060  17.12522774
  0.7070  16.97155739
  0.7080  16.81421238
  0.7090  16.65336298
  0.7100  16.48917963
  0.7110  16.32183282
  0.7120  16.15149296
  0.7130  15.97833025
  0.7140  15.80251457
  0.7150  15.62421534
  0.7160  15.44360142
  0.7170  15.26084100
  0.7180  15.07610145
  0.7190  14.88954924
  0.7200  14.70134982
  0.7210  14.51166752
  0.7220  14.32066542
  0.7230  14.12850526
  0.7240  13.93534735
  0.7250  13.74135046
  0.7260  13.54667172
  0.7270  13.35146655
  0.7280  13.15588853
  0.7290  12.96008935
  0.7300  12.76421869
  0.7310  12.56842418
  0.7320  12.37285127
  0.7330  12.17764320
  0.7340  11.98294089
  0.7350  11.78888289
  0.7360  11.59560530
  0.7370  11.40324171
  0.7380  11.21192314
  0.7390  11.02177796
  0.7400  10.83293186
  0.7410  10.64550778
  0.7420  10.45962587
  0.7430  10.27540341
  0.7440  10.09295481
  0.7450  9.91239154
  0.7460  9.73382209
  0.7470  9.55735193
  0.7480  9.38308350
  0.7490  9.21111615
  0.7500  9.04154611
  0.7510  8.87446650
  0.7520  8.70996726
  0.7530  8.54813515
  0.7540  8.38905376
  0.7550  8.23280344
  0.7560  8.07946131
  0.7570  7.92910126
  0.7580  7.78179395
  0.7590  7.63760677
  0.7600  7.49660384
  0.7610  7.35884607
  0.7620  7.22439107
  0.7630  7.09329323
  0.7640  6.96560367
  0.7650  6.84137031
  0.7660  6.72063781
  0.7670  6.60344763
  0.7680  6.48983804
  0.7690  6.37984412
  0.7700  6.27349780
  0.7710  6.17082786
  0.7720  6.07185997
  0.7730  5.97661669
  0.7740  5.88511756
  0.7750  5.79737902
  0.7760  5.71341457
  0.7770  5.63323468
  0.7780  5.55684691
  0.7790  5.48425591
  0.7800  5.41546347
  0.7810  5.35046852
  0.7820  5.28926721
  0.7830  5.23185297
  0.7840  5.17821646
  0.7850  5.12834571
  0.7860  5.08222611
  0.7870  5.03984047
  0.7880  5.00116905
  0.7890  4.96618962
  0.7900  4.93487750
  0.7910  4.90720560
  0.7920  4.88314445
  0.7930  4.86266231
  0.7940  4.84572513
  0.7950  4.83229666
  0.7960  4.82233845
  0.7970  4.81580994
  0.7980  4.81266848
  0.7990  4.81286939
  0.8000  4.81636599
  0.8010  4.82310967
  0.8020  4.83304992
  0.8030  4.84613440
  0.8040  4.86230897
  0.8050  4.88151775
  0.8060  4.90370315
  0.8070  4.92880595
  0.8080  4.95676536
  0.8090  4.98751901
  0.8100  5.02100308
  0.8110  5.05715231
  0.8120  5.09590006
  0.8130  5.13717835
  0.8140  5.18091797
  0.8150  5.22704847
  0.8160  5.27549826
  0.8170  5.32619464
  0.8180  5.37906389
  0.8190  5.43403129
  0.8200  5.49102120
  0.8210  5.54995712
  0.8220  5.61076175
  0.8230  5.67335702
  0.8240  5.73766420
  0.8250  5.80360392
  0.8260  5.87109623
  0.8270  5.94006069
  0.8280  6.01041641
  0.8290  6.08208209
  0.8300  6.15497612
  0.8310  6.22901662
  0.8320  6.30412149
  0.8330  6.38020848
  0.8340  6.45719526
  0.8350  6.53499946
  0.8360  6.61353873
  0.8370  6.69273081
  0.8380  6.77249358
  0.8390  6.85274514
  0.8400  6.93340381
  0.8410  7.01438828
  0.8420  7.09561756
  0.8430  7.17701112
  0.8440  7.25848892
  0.8450  7.33997143
  0.8460  7.42137975
  0.8470  7.50263561
  0.8480  7.58366145
  0.8490  7.66438049
  0.8500  7.74471671
  0.8510  7.82459501
  0.8520  7.90394115
  0.8530  7.98268190
  0.8540  8.06074502
  0.8550  8.13805933
  0.8560  8.21455477
  0.8570  8.29016244
  0.8580  8.36481462
  0.8590  8.43844486
  0.8600  8.51098800
  0.8610  8.58238020
  0.8620  8.65255902
  0.8630  8.72146342
  0.8640  8.78903381
  0.8650  8.85521211
  0.8660  8.91994175
  0.8670  8.98316776
  0.8680  9.04483673
  0.8690  9.10489691
  0.8700  9.16329820
  0.8710  9.21999221
  0.8720  9.27493225
  0.8730  9.32807338
  0.8740  9.37937246
  0.8750  9.42878811
  0.8760  9.47628079
  0.8770  9.52181279
  0.8780  9.56534827
  0.8790  9.60685325
  0.8800  9.64629563
  0.8810  9.68364522
  0.8820  9.71887376
  0.8830  9.75195489
  0.8840  9.78286417
  0.8850  9.81157913
  0.8860  9.83807921
  0.8870  9.86234581
  0.8880  9.88436224
  0.8890  9.90411380
  0.8900  9.92158769
  0.8910  9.93677306
  0.8920  9.94966096
  0.8930  9.96024438
  0.8940  9.96851822
  0.8950  9.97447924
  0.8960  9.97812611
  0.8970  9.97945935
  0.8980  9.97848132
  0.8990  9.97519621
  0.9000  9.96961002
  0.9010  9.96173051
  0.9020  9.95156722
  0.9030  9.93913141
  0.9040  9.92443603
  0.9050  9.90749572
  0.9060  9.88832676
  0.9070  9.86694703
  0.9080  9.84337600
  0.9090  9.81763468
  0.9100  9.78974558
  0.9110  9.75973269
  0.9120  9.72762141
  0.9130  9.69343855
  0.9140  9.65721227
  0.9150  9.61897204
  0.9160  9.57874859
  0.9170  9.53657389
  0.9180  9.49248107
  0.9190  9.44650441
  0.9200  9.39867929
  0.9210  9.34904211
  0.9220  9.29763030
  0.9230  9.24448222
  0.9240  9.18963715
  0.9250  9.13313523
  0.9260  9.07501740
  0.9270  9.01532537
  0.9280  8.95410159
  0.9290  8.89138914
  0.9300  8.82723175
  0.9310  8.76167372
  0.9320  8.69475988
  0.9330  8.62653555
  0.9340  8.55704646
  0.9350  8.48633876
  0.9360  8.41445894
  0.9370  8.34145376
  0.9380  8.26737028
  0.9390  8.19225575
  0.9400  8.11615759
  0.9410  8.03912335
  0.9420  7.96120068
  0.9430  7.88243725
  0.9440  7.80288076
  0.9450  7.72257887
  0.9460  7.64157918
  0.9470  7.55992917
  0.9480  7.47767620
  0.9490  7.39486744
  0.9500  7.31154985
  0.9510  7.22777017
  0.9520  7.14357484
  0.9530  7.05901004
  0.9540  6.97412159
  0.9550  6.88895497
  0.9560  6.80355526
  0.9570  6.71796715
  0.9580  6.63223490
  0.9590  6.54640232
  0.9600  6.46051272
  0.9610  6.37460896
  0.9620  6.28873335
  0.9630  6.20292769
  0.9640  6.11723322
  0.9650  6.03169064
  0.9660  5.94634005
  0.9670  5.86122097
  0.9680  5.77637233
  0.9690  5.69183244
  0.9700  5.60763898
  0.9710  5.52382901
  0.9720  5.44043896
  0.9730  5.35750460
  0.9740  5.27506105
  0.9750  5.19314280
  0.9760  5.11178364
  0.9770  5.03101674
  0.9780  4.95087456
  0.9790  4.87138892
  0.9800  4.79259098
  0.9810  4.71451121
  0.9820  4.63717942
  0.9830  4.56062474
  0.9840  4.48487566
  0.9850  4.40995998
  0.9860  4.33590484
  0.9870  4.26273674
  0.9880  4.19048150
  0.9890  4.11916431
  0.9900  4.04880967
  0.9910  3.97944148
  0.9920  3.91108296
  0.9930  3.84375673
  0.9940  3.77748474
  0.9950  3.71228834
  0.9960  3.64818824
  0.9970  3.58520454
  0.9980  3.52335671
  0.9990  3.46266364
