  0.0000  37.65193590
  0.0010  37.63002478
  0.0020  37.56429965
  0.0030  37.45478514
  0.0040  37.30152232
  0.0050  37.10456865
  0.0060  36.86399796
  0.0070  36.57990044
  0.0080  36.25238262
  0.0090  35.88156726
  0.0100  35.46759340
  0.0110  35.01061623
  0.0120  34.51080706
  0.0130  33.96835328
  0.0140  33.38345824
  0.0150  32.75634120
  0.0160  32.08723728
  0.0170  31.37639730
  0.0180  30.62408776
  0.0190  29.83059070
  0.0200  28.99620361
  0.0210  28.12123933
  0.0220  27.20602594
  0.0230  26.25090665
  0.0240  25.25623965
  0.0250  24.22239808
  0.0260  23.14976983
  0.0270  22.03875751
  0.0280  20.88977833
  0.0290  19.70326404
  0.0300  18.47966091
  0.0310  17.21942980
  0.0320  15.92304628
  0.0330  14.59100106
  0.0340  13.22380066
  0.0350  11.82196899
  0.0360  10.38605022
  0.0370  8.91661520
  0.0380  7.41427614
  0.0390  5.87972594
  0.0400  4.31386647
  0.0410  2.71840126
  0.0420  1.10175985
  0.0430  0.61790558
  0.0440  2.27832065
  0.0450  3.99183701
  0.0460  5.73621984
  0.0470  7.50900820
  0.0480  9.30908202
  0.0490  11.13559938
  0.0500  12.98780089
  0.0510  14.86495470
  0.0520  16.76633702
  0.0530  18.69122403
  0.0540  20.63888828
  0.0550  22.60859690
  0.0560  24.59961079
  0.0570  26.61118427
  0.0580  28.64256492
  0.0590  30.69299367
  0.0600  32.76170489
  0.0610  34.84792660
  0.0620  36.95088065
  0.0630  39.06978300
  0.0640  41.20384394
  0.0650  43.35226840
  0.0660  45.51425622
  0.0670  47.68900241
  0.0680  49.87569748
  0.0690  52.07352771
  0.0700  54.28167547
  0.0710  56.49931951
  0.0720  58.72563527
  0.0730  60.95979520
  0.0740  63.20096904
  0.0750  65.44832418
  0.0760  67.70102591
  0.0770  69.95823777
  0.0780  72.21912189
  0.0790  74.48283923
  0.0800  76.74854996
  0.0810  79.01541376
  0.0820  81.28259012
  0.0830  83.54923864
  0.0840  85.81451942
  0.0850  88.07759327
  0.0860  90.33762211
  0.0870  92.59376923
  0.0880  94.84519964
  0.0890  97.09108035
  0.0900  99.33058071
  0.0910  101.56287268
  0.0920  103.78713119
  0.0930  106.00253441
  0.0940  108.20826407
  0.0950  110.40350574
  0.0960  112.58744919
  0.0970  114.75928863
  0.0980  116.91822302
  0.0990  119.06345640
  0.1000  121.19419815
  0.1010  123.30966331
  0.1020  125.40907283
  0.1030  127.49165389
  0.1040  129.55664019
  0.1050  131.60327218
  0.1060  133.63079741
  0.1070  135.63847075
  0.1080  137.62555469
  0.1090  139.59131960
  0.1100  141.53504399
  0.1110  143.45601480
  0.1120  145.35352762
  0.1130  147.22688696
  0.1140  149.07540653
  0.1150  150.89840944
  0.1160  152.69522849
  0.1170  154.46520637
  0.1180  156.20769593
  0.1190  157.92206037
  0.1200  159.60767352
  0.1210  161.26392003
  0.1220  162.89019559
  0.1230  164.48590714
  0.1240  166.05047312
  0.1250  167.58332360
  0.1260  169.08390057
  0.1270  170.55165805
  0.1280  171.98606235
  0.1290  173.38659221
  0.1300  174.75273899
  0.1310  176.08400687
  0.1320  177.37991298
  0.1330  178.63998760
  0.1340  179.86377430
  0.1350  181.05083012
  0.1360  182.20072566
  0.1370  183.31304530
  0.1380  184.38738727
  0.1390  185.42336384
  0.1400  186.42060141
  0.1410  187.37874063
  0.1420  188.29743653
  0.1430  189.17635864
  0.1440  190.01519107
  0.1450  190.81363261
  0.1460  191.57139685
  0.1470  192.28821224
  0.1480  192.96382215
  0.1490  193.59798502
  0.1500  194.19047434
  0.1510  194.74107878
  0.1520  195.24960220
  0.1530  195.71586375
  0.1540  196.13969785
  0.1550  196.52095430
  0.1560  196.85949825
  0.1570  197.15521027
  0.1580  197.40798635
  0.1590  197.61773793
  0.1600  197.78439187
  0.1610  197.90789053
  0.1620  197.98819167
  0.1630  198.02526852
  0.1640  198.01910972
  0.1650  197.96971932
  0.1660  197.87711674
  0.1670  197.74133674
  0.1680  197.56242939
  0.1690  197.34046001
  0.1700  197.07550915
  0.1710  196.76767247
  0.1720  196.41706077
  0.1730  196.02379981
  0.1740  195.58803036
  0.1750  195.10990800
  0.1760  194.58960314
  0.1770  194.02730083
  0.1780  193.42320077
  0.1790  192.77751710
  0.1800  192.09047838
  0.1810  191.36232742
  0.1820  190.59332121
  0.1830  189.78373075
  0.1840  188.93384093
  0.1850  188.04395044
  0.1860  187.11437157
  0.1870  186.14543011
  0.1880  185.13746519
  0.1890  184.09082910
  0.1900  183.00588717
  0.1910  181.88301759
  0.1920  180.72261122
  0.1930  179.52507147
  0.1940  178.29081405
  0.1950  177.02026688
  0.1960  175.71386980
  0.1970  174.37207446
  0.1980  172.99534408
  0.1990  171.58415330
  0.2000  170.13898790
  0.2010  168.66034467
  0.2020  167.14873115
  0.2030  165.60466544
  0.2040  164.02867597
  0.2050  162.42130127
  0.2060  160.78308978
  0.2070  159.11459959
  0.2080  157.41639819
  0.2090  155.68906230
  0.2100  153.93317756
  0.2110  152.14933835
  0.2120  150.33814748
  0.2130  148.50021600
  0.2140  146.63616294
  0.2150  144.74661504
  0.2160  142.83220648
  0.2170  140.89357868
  0.2180  138.93138000
  0.2190  136.94626546
  0.2200  134.93889654
  0.2210  132.90994085
  0.2220  130.86007190
  0.2230  128.78996882
  0.2240  126.70031609
  0.2250  124.59180328
  0.2260  122.46512476
  0.2270  120.32097943
  0.2280  118.16007045
  0.2290  115.98310496
  0.2300  113.79079380
  0.2310  111.58385126
  0.2320  109.36299474
  0.2330  107.12894455
  0.2340  104.88242355
  0.2350  102.62415695
  0.2360  100.35487195
  0.2370  98.07529753
  0.2380  95.78616412
  0.2390  93.48820337
  0.2400  91.18214781
  0.2410  88.86873061
  0.2420  86.54868532
  0.2430  84.22274554
  0.2440  81.89164469
  0.2450  79.55611569
  0.2460  77.21689073
  0.2470  74.87470098
  0.2480  72.53027630
  0.2490  70.18434501
  0.2500  67.83763356
  0.2510  65.49086634
  0.2520  63.14476534
  0.2530  60.80004994
  0.2540  58.45743663
  0.2550  56.11763876
  0.2560  53.78136627
  0.2570  51.44932547
  0.2580  49.12221875
  0.2590  46.80074440
  0.2600  44.48559631
  0.2610  42.17746380
  0.2620  39.87703138
  0.2630  37.58497852
  0.2640  35.30197953
  0.2650  33.02870332
  0.2660  30.76581334
  0.2670  28.51396746
  0.2680  26.27381800
  0.2690  24.04601184
  0.2700  21.83119077
  0.2710  19.62999221
  0.2720  17.44305059
  0.2730  15.27100002
  0.2740  13.11447987
  0.2750  10.97414677
  0.2760  8.85070388
  0.2770  6.74498433
  0.2780  4.65825621
  0.2790  2.59397040
  0.2800  0.59625964
  0.2810  1.53153308
  0.2820  3.52958798
  0.2830  5.51775455
  0.2840  7.48702604
  0.2850  9.43554554
  0.2860  11.36240339
  0.2870  13.26694294
  0.2880  15.14860384
  0.2890  17.00687295
  0.2900  18.84126553
  0.2910  20.65131698
  0.2920  22.43657892
  0.2930  24.19661712
  0.2940  25.93101041
  0.2950  27.63935007
  0.2960  29.32123949
  0.2970  30.97629399
  0.2980  32.60414073
  0.2990  34.20441869
  0.3000  35.77677864
  0.3010  37.32088319
  0.3020  38.83640681
  0.3030  40.32303588
  0.3040  41.78046874
  0.3050  43.20841570
  0.3060  44.60659914
  0.3070  45.97475352
  0.3080  47.31262540
  0.3090  48.61997355
  0.3100  49.89656890
  0.3110  51.14219464
  0.3120  52.35664620
  0.3130  53.53973129
  0.3140  54.69126991
  0.3150  55.81109438
  0.3160  56.89904932
  0.3170  57.95499167
  0.3180  58.97879070
  0.3190  59.97032796
  0.3200  60.92949733
  0.3210  61.85620493
  0.3220  62.75036919
  0.3230  63.61192072
  0.3240  64.44080236
  0.3250  65.23696911
  0.3260  66.00038810
  0.3270  66.73103853
  0.3280  67.42891163
  0.3290  68.09401060
  0.3300  68.72635056
  0.3310  69.32595849
  0.3320  69.89287314
  0.3330  70.42714495
  0.3340  70.92883602
  0.3350  71.39801999
  0.3360  71.83478195
  0.3370  72.23921837
  0.3380  72.61143699
  0.3390  72.95155672
  0.3400  73.25970755
  0.3410  73.53603043
  0.3420  73.78067716
  0.3430  73.99381029
  0.3440  74.17560296
  0.3450  74.32623882
  0.3460  74.44591189
  0.3470  74.53482639
  0.3480  74.59319669
  0.3490  74.62124708
  0.3500  74.61921168
  0.3510  74.58733429
  0.3520  74.52586822
  0.3530  74.43507618
  0.3540  74.31523007
  0.3550  74.16661086
  0.3560  73.98950842
  0.3570  73.78422135
  0.3580  73.55105682
  0.3590  73.29033040
  0.3600  73.00236588
  0.3610  72.68749509
  0.3620  72.34605776
  0.3630  71.97840128
  0.3640  71.58488058
  0.3650  71.16585788
  0.3660  70.72170258
  0.3670  70.25279100
  0.3680  69.75950623
  0.3690  69.24223792
  0.3700  68.70138210
  0.3710  68.13734096
  0.3720  67.55052270
  0.3730  66.94134127
  0.3740  66.31021620
  0.3750  65.65757242
  0.3760  64.98384001
  0.3770  64.28945403
  0.3780  63.57485431
  0.3790  62.84048522
  0.3800  62.08679549
  0.3810  61.31423802
  0.3820  60.52326960
  0.3830  59.71435079
  0.3840  58.88794564
  0.3850  58.04452152
  0.3860  57.18454889
  0.3870  56.30850113
  0.3880  55.41685426
  0.3890  54.51008680
  0.3900  53.58867953
  0.3910  52.65311526
  0.3920  51.70387867
  0.3930  50.74145607
  0.3940  49.76633521
  0.3950  48.77900504
  0.3960  47.77995555
  0.3970  46.76967754
  0.3980  45.74866243
  0.3990  44.71740204
  0.4000  43.67638841
  0.4010  42.62611360
  0.4020  41.56706948
  0.4030  40.49974755
  0.4040  39.42463875
  0.4050  38.34223327
  0.4060  37.25302036
  0.4070  36.15748816
  0.4080  35.05612353
  0.4090  33.94941184
  0.4100  32.83783688
  0.4110  31.72188062
  0.4120  30.60202313
  0.4130  29.47874239
  0.4140  28.35251423
  0.4150  27.22381214
  0.4160  26.09310726
  0.4170  24.96086827
  0.4180  23.82756139
  0.4190  22.69365038
  0.4200  21.55959664
  0.4210  20.42585934
  0.4220  19.29289575
  0.4230  18.16116161
  0.4240  17.03111186
  0.4250  15.90320163
  0.4260  14.77788776
  0.4270  13.65563119
  0.4280  12.53690058
  0.4290  11.42217809
  0.4300  10.31196898
  0.4310  9.20681784
  0.4320  8.10733804
  0.4330  7.01426783
  0.4340  5.92858710
  0.4350  4.85178589
  0.4360  3.78657706
  0.4370  2.73921329
  0.4380  1.72985391
  0.4390  0.87170290
  0.4400  0.87028443
  0.4410  1.71292179
  0.4420  2.69010318
  0.4430  3.68909277
  0.4440  4.68982993
  0.4450  5.68612689
  0.4460  6.67533950
  0.4470  7.65605664
  0.4480  8.62738928
  0.4490  9.58870232
  0.4500  10.53949810
  0.4510  11.47936020
  0.4520  12.40792407
  0.4530  13.32486065
  0.4540  14.22986676
  0.4550  15.12265922
  0.4560  16.00297110
  0.4570  16.87054927
  0.4580  17.72515278
  0.4590  18.56655168
  0.4600  19.39452627
  0.4610  20.20886649
  0.4620  21.00937155
  0.4630  21.79584960
  0.4640  22.56811749
  0.4650  23.32600063
  0.4660  24.06933281
  0.4670  24.79795614
  0.4680  25.51172091
  0.4690  26.21048558
  0.4700  26.89411665
  0.4710  27.56248867
  0.4720  28.21548413
  0.4730  28.85299347
  0.4740  29.47491499
  0.4750  30.08115484
  0.4760  30.67162696
  0.4770  31.24625303
  0.4780  31.80496245
  0.4790  32.34769227
  0.4800  32.87438716
  0.4810  33.38499934
  0.4820  33.87948855
  0.4830  34.35782199
  0.4840  34.81997426
  0.4850  35.26592730
  0.4860  35.69567032
  0.4870  36.10919977
  0.4880  36.50651925
  0.4890  36.88763944
  0.4900  37.25257804
  0.4910  37.60135967
  0.4920  37.93401584
  0.4930  38.25058484
  0.4940  38.55111167
  0.4950  38.83564795
  0.4960  39.10425183
  0.4970  39.35698793
  0.4980  39.59392721
  0.4990  39.81514693
  0.5000  40.02073048
  0.5010  40.21076738
  0.5020  40.38535310
  0.5030  40.54458898
  0.5040  40.68858216
  0.5050  40.81744546
  0.5060  40.93129724
  0.5070  41.03026134
  0.5080  41.11446695
  0.5090  41.18404849
  0.5100  41.23914550
  0.5110  41.27990256
  0.5120  41.30646913
  0.5130  41.31899943
  0.5140  41.31765239
  0.5150  41.30259143
  0.5160  41.27398443
  0.5170  41.23200355
  0.5180  41.17682513
  0.5190  41.10862956
  0.5200  41.02760116
  0.5210  40.93392806
  0.5220  40.82780205
  0.5230  40.70941847
  0.5240  40.57897610
  0.5250  40.43667700
  0.5260  40.28272638
  0.5270  40.11733250
  0.5280  39.94070652
  0.5290  39.75306238
  0.5300  39.55461665
  0.5310  39.34558843
  0.5320  39.12619919
  0.5330  38.89667265
  0.5340  38.65723468
  0.5350  38.40811311
  0.5360  38.14953764
  0.5370  37.88173971
  0.5380  37.60495236
  0.5390  37.31941008
  0.5400  37.02534875
  0.5410  36.72300541
  0.5420  36.41261824
  0.5430  36.09442633
  0.5440  35.76866964
  0.5450  35.43558883
  0.5460  35.09542511
  0.5470  34.74842020
  0.5480  34.39481612
  0.5490  34.03485509
  0.5500  33.66877946
  0.5510  33.29683153
  0.5520  32.91925343
  0.5530  32.53628705
  0.5540  32.14817389
  0.5550  31.75515493
  0.5560  31.35747057
  0.5570  30.95536045
  0.5580  30.54906339
  0.5590  30.13881725
  0.5600  29.72485884
  0.5610  29.30742380
  0.5620  28.88674649
  0.5630  28.46305991
  0.5640  28.03659559
  0.5650  27.60758346
  0.5660  27.17625180
  0.5670  26.74282709
  0.5680  26.30753397
  0.5690  25.87059510
  0.5700  25.43223109
  0.5710  24.99266043
  0.5720  24.55209935
  0.5730  24.11076178
  0.5740  23.66885927
  0.5750  23.22660087
  0.5760  22.78419308
  0.5770  22.34183976
  0.5780  21.89974206
  0.5790  21.45809837
  0.5800  21.01710419
  0.5810  20.57695212
  0.5820  20.13783179
  0.5830  19.69992974
  0.5840  19.26342942
  0.5850  18.82851110
  0.5860  18.39535183
  0.5870  17.96412536
  0.5880  17.53500213
  0.5890  17.10814915
  0.5900  16.68373003
  0.5910  16.26190489
  0.5920  15.84283033
  0.5930  15.42665937
  0.5940  15.01354143
  0.5950  14.60362232
  0.5960  14.19704414
  0.5970  13.79394531
  0.5980  13.39446051
  0.5990  12.99872067
  0.6000  12.60685292
  0.6010  12.21898060
  0.6020  11.83522323
  0.6030  11.45569650
  0.6040  11.08051222
  0.6050  10.70977838
  0.6060  10.34359906
  0.6070  9.98207448
  0.6080  9.62530101
  0.6090  9.27337110
  0.6100  8.92637334
  0.6110  8.58439248
  0.6120  8.24750938
  0.6130  7.91580108
  0.6140  7.58934079
  0.6150  7.26819792
  0.6160  6.95243810
  0.6170  6.64212325
  0.6180  6.33731155
  0.6190  6.03805756
  0.6200  5.74441224
  0.6210  5.45642302
  0.6220  5.17413388
  0.6230  4.89758548
  0.6240  4.62681523
  0.6250  4.36185747
  0.6260  4.10274365
  0.6270  3.84950256
  0.6280  3.60216063
  0.6290  3.36074230
  0.6300  3.12527056
  0.6310  2.89576764
  0.6320  2.67225592
  0.6330  2.45475932
  0.6340  2.24330520
  0.6350  2.03792721
  0.6360  1.83866962
  0.6370  1.64559415
  0.6380  1.45879108
  0.6390  1.27839830
  0.6400  1.10463536
  0.6410  0.93786849
  0.6420  0.77874362
  0.6430  0.62848254
  0.6440  0.48960762
  0.6450  0.36786556
  0.6460  0.27705891
  0.6470  0.24331802
  0.6480  0.27939946
  0.6490  0.35915059
  0.6500  0.45591322
  0.6510  0.55747161
  0.6520  0.65884486
  0.6530  0.75783947
  0.6540  0.85339622
  0.6550  0.94496798
  0.6560  1.03226237
  0.6570  1.11512458
  0.6580  1.19347954
  0.6590  1.26730111
  0.6600  1.33659489
  0.6610  1.40138799
  0.6620  1.46172277
  0.6630  1.51765280
  0.6640  1.56924024
  0.6650  1.61655402
  0.6660  1.65966863
  0.6670  1.69866323
  0.6680  1.73362101
  0.6690  1.76462871
  0.6700  1.79177633
  0.6710  1.81515685
  0.6720  1.83486604
  0.6730  1.85100239
  0.6740  1.86366696
  0.6750  1.87296339
  0.6760  1.87899786
  0.6770  1.88187913
  0.6780  1.88171856
  0.6790  1.87863021
  0.6800  1.87273092
  0.6810  1.86414048
  0.6820  1.85298174
  0.6830  1.83938086
  0.6840  1.82346750
  0.6850  1.80537514
  0.6860  1.78524132
  0.6870  1.76320806
  0.6880  1.73942225
  0.6890  1.71403607
  0.6900  1.68720751
  0.6910  1.65910091
  0.6920  1.62988759
  0.6930  1.59974639
  0.6940  1.56886443
  0.6950  1.53743770
  0.6960  1.50567172
  0.6970  1.47378212
  0.6980  1.44199510
  0.6990  1.41054770
  0.7000  1.37968779
  0.7010  1.34967367
  0.7020  1.32077315
  0.7030  1.29326191
  0.7040  1.26742116
  0.7050  1.24353416
  0.7060  1.22188192
  0.7070  1.20273760
  0.7080  1.18636019
  0.7090  1.17298724
  0.7100  1.16282745
  0.7110  1.15605329
  0.7120  1.15279463
  0.7130  1.15313364
  0.7140  1.15710187
  0.7150  1.16467954
  0.7160  1.17579737
  0.7170  1.19034055
  0.7180  1.20815451
  0.7190  1.22905199
  0.7200  1.25282051
  0.7210  1.27922987
  0.7220  1.30803922
  0.7230  1.33900312
  0.7240  1.37187669
  0.7250  1.40641974
  0.7260  1.44239974
  0.7270  1.47959404
  0.7280  1.51779121
  0.7290  1.55679186
  0.7300  1.59640890
  0.7310  1.63646748
  0.7320  1.67680471
  0.7330  1.71726915
  0.7340  1.75772025
  0.7350  1.79802771
  0.7360  1.83807081
  0.7370  1.87773779
  0.7380  1.91692519
  0.7390  1.95553730
  0.7400  1.99348553
  0.7410  2.03068799
  0.7420  2.06706894
  0.7430  2.10255838
  0.7440  2.13709170
  0.7450  2.17060926
  0.7460  2.20305609
  0.7470  2.23438163
  0.7480  2.26453941
  0.7490  2.29348688
  0.7500  2.32118511
  0.7510  2.34759868
  0.7520  2.37269545
  0.7530  2.39644641
  0.7540  2.41882554
  0.7550  2.43980969
  0.7560  2.45937840
  0.7570  2.47751387
  0.7580  2.49420079
  0.7590  2.50942629
  0.7600  2.52317979
  0.7610  2.53545299
  0.7620  2.54623977
  0.7630  2.55553606
  0.7640  2.56333985
  0.7650  2.56965110
  0.7660  2.57447166
  0.7670  2.57780521
  0.7680  2.57965724
  0.7690  2.58003496
  0.7700  2.57894728
  0.7710  2.57640473
  0.7720  2.57241943
  0.7730  2.56700504
  0.7740  2.56017672
  0.7750  2.55195107
  0.7760  2.54234612
  0.7770  2.53138125
  0.7780  2.51907719
  0.7790  2.50545592
  0.7800  2.49054072
  0.7810  2.47435605
  0.7820  2.45692755
  0.7830  2.43828203
  0.7840  2.41844738
  0.7850  2.39745256
  0.7860  2.37532758
  0.7870  2.35210348
  0.7880  2.32781224
  0.7890  2.30248681
  0.7900  2.27616107
  0.7910  2.24886976
  0.7920  2.22064851
  0.7930  2.19153380
  0.7940  2.16156291
  0.7950  2.13077392
  0.7960  2.09920570
  0.7970  2.06689789
  0.7980  2.03389084
  0.7990  2.00022567
  0.8000  1.96594421
  0.8010  1.93108901
  0.8020  1.89570332
  0.8030  1.85983111
  0.8040  1.82351708
  0.8050  1.78680663
  0.8060  1.74974589
  0.8070  1.71238176
  0.8080  1.67476190
  0.8090  1.63693476
  0.8100  1.59894962
  0.8110  1.56085663
  0.8120  1.52270686
  0.8130  1.48455232
  0.8140  1.44644607
  0.8150  1.40844224
  0.8160  1.37059612
  0.8170  1.33296424
  0.8180  1.29560443
  0.8190  1.25857595
  0.8200  1.22193952
  0.8210  1.18575746
  0.8220  1.15009372
  0.8230  1.11501399
  0.8240  1.08058570
  0.8250  1.04687807
  0.8260  1.01396209
  0.8270  0.98191039
  0.8280  0.95079714
  0.8290  0.92069775
  0.8300  0.89168853
  0.8310  0.86384616
  0.8320  0.83724699
  0.8330  0.81196615
  0.8340  0.78807648
  0.8350  0.76564717
  0.8360  0.74474228
  0.8370  0.72541893
  0.8380  0.70772551
  0.8390  0.69169976
  0.8400  0.67736683
  0.8410  0.66473768
  0.8420  0.65380764
  0.8430  0.64455549
  0.8440  0.63694307
  0.8450  0.63091555
  0.8460  0.62640226
  0.8470  0.62331817
  0.8480  0.62156584
  0.8490  0.62103775
  0.8500  0.62161878
  0.8510  0.62318882
  0.8520  0.62562518
  0.8530  0.62880488
  0.8540  0.63260662
  0.8550  0.63691239
  0.8560  0.64160881
  0.8570  0.64658808
  0.8580  0.65174866
  0.8590  0.65699574
  0.8600  0.66224138
  0.8610  0.66740464
  0.8620  0.67241144
  0.8630  0.67719441
  0.8640  0.68169263
  0.8650  0.68585139
  0.8660  0.68962186
  0.8670  0.69296081
  0.8680  0.69583028
  0.8690  0.69819733
  0.8700  0.70003376
  0.8710  0.70131587
  0.8720  0.70202421
  0.8730  0.70214347
  0.8740  0.70166222
  0.8750  0.70057282
  0.8760  0.69887134
  0.8770  0.69655740
  0.8780  0.69363422
  0.8790  0.69010850
  0.8800  0.68599047
  0.8810  0.68129393
  0.8820  0.67603630
  0.8830  0.67023870
  0.8840  0.66392609
  0.8850  0.65712744
  0.8860  0.64987586
  0.8870  0.64220886
  0.8880  0.63416861
  0.8890  0.62580216
  0.8900  0.61716177
  0.8910  0.60830522
  0.8920  0.59929611
  0.8930  0.59020419
  0.8940  0.58110560
  0.8950  0.57208313
  0.8960  0.56322630
  0.8970  0.55463138
  0.8980  0.54640116
  0.8990  0.53864449
  0.9000  0.53147550
  0.9010  0.52501248
  0.9020  0.51937626
  0.9030  0.51468821
  0.9040  0.51106779
  0.9050  0.50862972
  0.9060  0.50748090
  0.9070  0.50771726
  0.9080  0.50942084
  0.9090  0.51265718
  0.9100  0.51747337
  0.9110  0.52389701
  0.9120  0.53193591
  0.9130  0.54157882
  0.9140  0.55279692
  0.9150  0.56554585
  0.9160  0.57976826
  0.9170  0.59539643
  0.9180  0.61235490
  0.9190  0.63056297
  0.9200  0.64993682
  0.9210  0.67039135
  0.9220  0.69184170
  0.9230  0.71420433
  0.9240  0.73739791
  0.9250  0.76134385
  0.9260  0.78596671
  0.9270  0.81119438
  0.9280  0.83695815
  0.9290  0.86319269
  0.9300  0.88983595
  0.9310  0.91682904
  0.9320  0.94411608
  0.9330  0.97164400
  0.9340  0.99936237
  0.9350  1.02722324
  0.9360  1.05518095
  0.9370  1.08319197
  0.9380  1.11121477
  0.9390  1.13920964
  0.9400  1.16713861
  0.9410  1.19496530
  0.9420  1.22265481
  0.9430  1.25017369
  0.9440  1.27748975
  0.9450  1.30457207
  0.9460  1.33139092
  0.9470  1.35791764
  0.9480  1.38412467
  0.9490  1.40998545
  0.9500  1.43547439
  0.9510  1.46056683
  0.9520  1.48523901
  0.9530  1.50946807
  0.9540  1.53323195
  0.9550  1.55650946
  0.9560  1.57928019
  0.9570  1.60152452
  0.9580  1.62322360
  0.9590  1.64435936
  0.9600  1.66491444
  0.9610  1.68487223
  0.9620  1.70421686
  0.9630  1.72293316
  0.9640  1.74100667
  0.9650  1.75842363
  0.9660  1.77517099
  0.9670  1.79123637
  0.9680  1.80660808
  0.9690  1.82127512
  0.9700  1.83522715
  0.9710  1.84845450
  0.9720  1.86094817
  0.9730  1.87269982
  0.9740  1.88370177
  0.9750  1.89394698
  0.9760  1.90342906
  0.9770  1.91214227
  0.9780  1.92008151
  0.9790  1.92724230
  0.9800  1.93362081
  0.9810  1.93921381
  0.9820  1.94401872
  0.9830  1.94803354
  0.9840  1.95125690
  0.9850  1.95368804
  0.9860  1.95532678
  0.9870  1.95617354
  0.9880  1.95622932
  0.9890  1.95549572
  0.9900  1.95397490
  0.9910  1.95166957
  0.9920  1.94858304
  0.9930  1.94471912
  0.9940  1.94008222
  0.9950  1.93467725
  0.9960  1.92850968
  0.9970  1.92158547
  0.9980  1.91391112
  0.9990  1.90549362
