  0.0000  436.29651968
  0.0010  436.28420177
  0.0020  436.24724964
  0.0030  436.18566811
  0.0040  436.09946520
  0.0050  435.98865215
  0.0060  435.85324338
  0.0070  435.69325654
  0.0080  435.50871246
  0.0090  435.29963517
  0.0100  435.06605189
  0.0110  434.80799300
  0.0120  434.52549209
  0.0130  434.21858590
  0.0140  433.88731431
  0.0150  433.53172040
  0.0160  433.15185034
  0.0170  432.74775346
  0.0180  432.31948220
  0.0190  431.86709212
  0.0200  431.39064187
  0.0210  430.89019317
  0.0220  430.36581085
  0.0230  429.81756275
  0.0240  429.24551978
  0.0250  428.64975587
  0.0260  428.03034796
  0.0270  427.38737599
  0.0280  426.72092285
  0.0290  426.03107443
  0.0300  425.31791952
  0.0310  424.58154985
  0.0320  423.82206006
  0.0330  423.03954766
  0.0340  422.23411300
  0.0350  421.40585931
  0.0360  420.55489259
  0.0370  419.68132167
  0.0380  418.78525813
  0.0390  417.86681630
  0.0400  416.92611324
  0.0410  415.96326869
  0.0420  414.97840508
  0.0430  413.97164746
  0.0440  412.94312354
  0.0450  411.89296358
  0.0460  410.82130042
  0.0470  409.72826946
  0.0480  408.61400856
  0.0490  407.47865811
  0.0500  406.32236091
  0.0510  405.14526222
  0.0520  403.94750965
  0.0530  402.72925319
  0.0540  401.49064517
  0.0550  400.23184020
  0.0560  398.95299517
  0.0570  397.65426918
  0.0580  396.33582355
  0.0590  394.99782177
  0.0600  393.64042947
  0.0610  392.26381436
  0.0620  390.86814623
  0.0630  389.45359691
  0.0640  388.02034022
  0.0650  386.56855196
  0.0660  385.09840983
  0.0670  383.61009346
  0.0680  382.10378431
  0.0690  380.57966567
  0.0700  379.03792264
  0.0710  377.47874203
  0.0720  375.90231241
  0.0730  374.30882398
  0.0740  372.69846862
  0.0750  371.07143980
  0.0760  369.42793255
  0.0770  367.76814344
  0.0780  366.09227053
  0.0790  364.40051333
  0.0800  362.69307277
  0.0810  360.97015117
  0.0820  359.23195216
  0.0830  357.47868071
  0.0840  355.71054304
  0.0850  353.92774659
  0.0860  352.13050001
  0.0870  350.31901308
  0.0880  348.49349670
  0.0890  346.65416286
  0.0900  344.80122457
  0.0910  342.93489584
  0.0920  341.05539165
  0.0930  339.16292790
  0.0940  337.25772137
  0.0950  335.33998970
  0.0960  333.40995132
  0.0970  331.46782544
  0.0980  329.51383202
  0.0990  327.54819169
  0.1000  325.57112576
  0.1010  323.58285615
  0.1020  321.58360536
  0.1030  319.57359647
  0.1040  317.55305302
  0.1050  315.52219906
  0.1060  313.48125908
  0.1070  311.43045794
  0.1080  309.37002090
  0.1090  307.30017352
  0.1100  305.22114167
  0.1110  303.13315148
  0.1120  301.03642930
  0.1130  298.93120165
  0.1140  296.81769524
  0.1150  294.69613685
  0.1160  292.56675339
  0.1170  290.42977179
  0.1180  288.28541901
  0.1190  286.13392198
  0.1200  283.97550761
  0.1210  281.81040269
  0.1220  279.63883392
  0.1230  277.46102783
  0.1240  275.27721080
  0.1250  273.08760898
  0.1260  270.89244827
  0.1270  268.69195432
  0.1280  266.48635246
  0.1290  264.27586769
  0.1300  262.06072465
  0.1310  259.84114759
  0.1320  257.61736033
  0.1330  255.38958624
  0.1340  253.15804821
  0.1350  250.92296864
  0.1360  248.68456939
  0.1370  246.44307173
  0.1380  244.19869638
  0.1390  241.95166343
  0.1400  239.70219233
  0.1410  237.45050187
  0.1420  235.19681014
  0.1430  232.94133452
  0.1440  230.68429166
  0.1450  228.42589743
  0.1460  226.16636692
  0.1470  223.90591442
  0.1480  221.64475337
  0.1490  219.38309637
  0.1500  217.12115514
  0.1510  214.85914050
  0.1520  212.59726236
  0.1530  210.33572968
  0.1540  208.07475047
  0.1550  205.81453176
  0.1560  203.55527959
  0.1570  201.29719896
  0.1580  199.04049387
  0.1590  196.78536724
  0.1600  194.53202094
  0.1610  192.28065574
  0.1620  190.03147132
  0.1630  187.78466623
  0.1640  185.54043789
  0.1650  183.29898257
  0.1660  181.06049538
  0.1670  178.82517025
  0.1680  176.59319990
  0.1690  174.36477586
  0.1700  172.14008845
  0.1710  169.91932673
  0.1720  167.70267853
  0.1730  165.49033043
  0.1740  163.28246772
  0.1750  161.07927444
  0.1760  158.88093331
  0.1770  156.68762576
  0.1780  154.49953192
  0.1790  152.31683058
  0.1800  150.13969921
  0.1810  147.96831393
  0.1820  145.80284954
  0.1830  143.64347944
  0.1840  141.49037571
  0.1850  139.34370904
  0.1860  137.20364872
  0.1870  135.07036269
  0.1880  132.94401747
  0.1890  130.82477821
  0.1900  128.71280863
  0.1910  126.60827104
  0.1920  124.51132635
  0.1930  122.42213405
  0.1940  120.34085219
  0.1950  118.26763740
  0.1960  116.20264488
  0.1970  114.14602838
  0.1980  112.09794023
  0.1990  110.05853128
  0.2000  108.02795098
  0.2010  106.00634730
  0.2020  103.99386675
  0.2030  101.99065441
  0.2040  99.99685389
  0.2050  98.01260734
  0.2060  96.03805546
  0.2070  94.07333747
  0.2080  92.11859114
  0.2090  90.17395279
  0.2100  88.23955724
  0.2110  86.31553788
  0.2120  84.40202662
  0.2130  82.49915389
  0.2140  80.60704869
  0.2150  78.72583852
  0.2160  76.85564944
  0.2170  74.99660603
  0.2180  73.14883143
  0.2190  71.31244730
  0.2200  69.48757383
  0.2210  67.67432979
  0.2220  65.87283246
  0.2230  64.08319767
  0.2240  62.30553983
  0.2250  60.53997186
  0.2260  58.78660527
  0.2270  57.04555011
  0.2280  55.31691500
  0.2290  53.60080712
  0.2300  51.89733226
  0.2310  50.20659474
  0.2320  48.52869752
  0.2330  46.86374213
  0.2340  45.21182871
  0.2350  43.57305604
  0.2360  41.94752153
  0.2370  40.33532124
  0.2380  38.73654992
  0.2390  37.15130101
  0.2400  35.57966670
  0.2410  34.02173795
  0.2420  32.47760454
  0.2430  30.94735516
  0.2440  29.43107744
  0.2450  27.92885811
  0.2460  26.44078307
  0.2470  24.96693763
  0.2480  23.50740669
  0.2490  22.06227510
  0.2500  20.63162806
  0.2510  19.21555177
  0.2520  17.81413428
  0.2530  16.42746682
  0.2540  15.05564572
  0.2550  13.69877546
  0.2560  12.35697358
  0.2570  11.03037890
  0.2580  9.71916605
  0.2590  8.42357278
  0.2600  7.14395542
  0.2610  5.88091307
  0.2620  4.63560541
  0.2630  3.41073697
  0.2640  2.21466966
  0.2650  1.09149393
  0.2660  0.61760033
  0.2670  1.53766571
  0.2680  2.65155036
  0.2690  3.77779554
  0.2700  4.89692777
  0.2710  6.00405628
  0.2720  7.09737172
  0.2730  8.17603682
  0.2740  9.23960042
  0.2750  10.28779008
  0.2760  11.32042566
  0.2770  12.33737907
  0.2780  13.33855358
  0.2790  14.32387259
  0.2800  15.29327310
  0.2810  16.24670171
  0.2820  17.18411216
  0.2830  18.10546371
  0.2840  19.01072003
  0.2850  19.89984847
  0.2860  20.77281950
  0.2870  21.62960639
  0.2880  22.47018487
  0.2890  23.29453302
  0.2900  24.10263102
  0.2910  24.89446109
  0.2920  25.67000743
  0.2930  26.42925609
  0.2940  27.17219497
  0.2950  27.89881376
  0.2960  28.60910390
  0.2970  29.30305859
  0.2980  29.98067276
  0.2990  30.64194302
  0.3000  31.28686772
  0.3010  31.91544686
  0.3020  32.52768217
  0.3030  33.12357705
  0.3040  33.70313658
  0.3050  34.26636754
  0.3060  34.81327838
  0.3070  35.34387925
  0.3080  35.85818198
  0.3090  36.35620012
  0.3100  36.83794888
  0.3110  37.30344520
  0.3120  37.75270772
  0.3130  38.18575678
  0.3140  38.60261446
  0.3150  39.00330453
  0.3160  39.38785251
  0.3170  39.75628565
  0.3180  40.10863292
  0.3190  40.44492507
  0.3200  40.76519455
  0.3210  41.06947560
  0.3220  41.35780423
  0.3230  41.63021818
  0.3240  41.88675699
  0.3250  42.12746197
  0.3260  42.35237622
  0.3270  42.56154462
  0.3280  42.75501387
  0.3290  42.93283243
  0.3300  43.09505061
  0.3310  43.24172051
  0.3320  43.37289606
  0.3330  43.48863299
  0.3340  43.58898888
  0.3350  43.67402315
  0.3360  43.74379704
  0.3370  43.79837363
  0.3380  43.83781786
  0.3390  43.86219653
  0.3400  43.87157827
  0.3410  43.86603359
  0.3420  43.84563485
  0.3430  43.81045630
  0.3440  43.76057403
  0.3450  43.69606604
  0.3460  43.61701216
  0.3470  43.52349414
  0.3480  43.41559560
  0.3490  43.29340204
  0.3500  43.15700085
  0.3510  43.00648130
  0.3520  42.84193457
  0.3530  42.66345372
  0.3540  42.47113369
  0.3550  42.26507133
  0.3560  42.04536538
  0.3570  41.81211648
  0.3580  41.56542715
  0.3590  41.30540183
  0.3600  41.03214683
  0.3610  40.74577037
  0.3620  40.44638256
  0.3630  40.13409540
  0.3640  39.80902279
  0.3650  39.47128052
  0.3660  39.12098627
  0.3670  38.75825961
  0.3680  38.38322201
  0.3690  37.99599682
  0.3700  37.59670927
  0.3710  37.18548650
  0.3720  36.76245752
  0.3730  36.32775323
  0.3740  35.88150644
  0.3750  35.42385181
  0.3760  34.95492593
  0.3770  34.47486726
  0.3780  33.98381618
  0.3790  33.48191496
  0.3800  32.96930778
  0.3810  32.44614075
  0.3820  31.91256191
  0.3830  31.36872124
  0.3840  30.81477069
  0.3850  30.25086419
  0.3860  29.67715768
  0.3870  29.09380915
  0.3880  28.50097866
  0.3890  27.89882842
  0.3900  27.28752280
  0.3910  26.66722844
  0.3920  26.03811429
  0.3930  25.40035178
  0.3940  24.75411487
  0.3950  24.09958021
  0.3960  23.43692737
  0.3970  22.76633899
  0.3980  22.08800111
  0.3990  21.40210345
  0.4000  20.70883985
  0.4010  20.00840878
  0.4020  19.30101393
  0.4030  18.58686508
  0.4040  17.86617907
  0.4050  17.13918110
  0.4060  16.40610644
  0.4070  15.66720260
  0.4080  14.92273221
  0.4090  14.17297691
  0.4100  13.41824258
  0.4110  12.65886652
  0.4120  11.89522753
  0.4130  11.12776028
  0.4140  10.35697617
  0.4150  9.58349458
  0.4160  8.80809060
  0.4170  8.03177059
  0.4180  7.25589585
  0.4190  6.48239340
  0.4200  5.71413237
  0.4210  4.95563231
  0.4220  4.21447589
  0.4230  3.50429601
  0.4240  2.85134345
  0.4250  2.30820179
  0.4260  1.97168141
  0.4270  1.95515119
  0.4280  2.26826779
  0.4290  2.80454566
  0.4300  3.46313456
  0.4310  4.18766819
  0.4320  4.94994849
  0.4330  5.73541280
  0.4340  6.53601649
  0.4350  7.34699457
  0.4360  8.16533767
  0.4370  8.98903256
  0.4380  9.81666089
  0.4390  10.64717555
  0.4400  11.47977018
  0.4410  12.31379971
  0.4420  13.14873026
  0.4430  13.98410663
  0.4440  14.81953047
  0.4450  15.65464542
  0.4460  16.48912663
  0.4470  17.32267337
  0.4480  18.15500363
  0.4490  18.98585010
  0.4500  19.81495729
  0.4510  20.64207921
  0.4520  21.46697771
  0.4530  22.28942118
  0.4540  23.10918348
  0.4550  23.92604316
  0.4560  24.73978286
  0.4570  25.55018876
  0.4580  26.35705023
  0.4590  27.16015950
  0.4600  27.95931142
  0.4610  28.75430323
  0.4620  29.54493446
  0.4630  30.33100675
  0.4640  31.11232378
  0.4650  31.88869120
  0.4660  32.65991657
  0.4670  33.42580930
  0.4680  34.18618068
  0.4690  34.94084377
  0.4700  35.68961348
  0.4710  36.43230653
  0.4720  37.16874143
  0.4730  37.89873854
  0.4740  38.62212007
  0.4750  39.33871007
  0.4760  40.04833449
  0.4770  40.75082116
  0.4780  41.44599987
  0.4790  42.13370236
  0.4800  42.81376237
  0.4810  43.48601565
  0.4820  44.15030002
  0.4830  44.80645538
  0.4840  45.45432375
  0.4850  46.09374933
  0.4860  46.72457849
  0.4870  47.34665986
  0.4880  47.95984431
  0.4890  48.56398504
  0.4900  49.15893756
  0.4910  49.74455978
  0.4920  50.32071203
  0.4930  50.88725707
  0.4940  51.44406016
  0.4950  51.99098908
  0.4960  52.52791418
  0.4970  53.05470839
  0.4980  53.57124728
  0.4990  54.07740908
  0.5000  54.57307473
  0.5010  55.05812789
  0.5020  55.53245500
  0.5030  55.99594530
  0.5040  56.44849085
  0.5050  56.88998660
  0.5060  57.32033039
  0.5070  57.73942296
  0.5080  58.14716806
  0.5090  58.54347238
  0.5100  58.92824565
  0.5110  59.30140066
  0.5120  59.66285324
  0.5130  60.01252234
  0.5140  60.35033004
  0.5150  60.67620156
  0.5160  60.99006530
  0.5170  61.29185286
  0.5180  61.58149907
  0.5190  61.85894198
  0.5200  62.12412295
  0.5210  62.37698657
  0.5220  62.61748079
  0.5230  62.84555686
  0.5240  63.06116935
  0.5250  63.26427624
  0.5260  63.45483883
  0.5270  63.63282186
  0.5280  63.79819345
  0.5290  63.95092512
  0.5300  64.09099185
  0.5310  64.21837205
  0.5320  64.33304758
  0.5330  64.43500375
  0.5340  64.52422935
  0.5350  64.60071665
  0.5360  64.66446137
  0.5370  64.71546276
  0.5380  64.75372353
  0.5390  64.77924990
  0.5400  64.79205156
  0.5410  64.79214174
  0.5420  64.77953711
  0.5430  64.75425788
  0.5440  64.71632774
  0.5450  64.66577387
  0.5460  64.60262691
  0.5470  64.52692103
  0.5480  64.43869381
  0.5490  64.33798636
  0.5500  64.22484320
  0.5510  64.09931231
  0.5520  63.96144511
  0.5530  63.81129645
  0.5540  63.64892457
  0.5550  63.47439112
  0.5560  63.28776113
  0.5570  63.08910300
  0.5580  62.87848847
  0.5590  62.65599261
  0.5600  62.42169380
  0.5610  62.17567370
  0.5620  61.91801726
  0.5630  61.64881266
  0.5640  61.36815128
  0.5650  61.07612773
  0.5660  60.77283978
  0.5670  60.45838833
  0.5680  60.13287739
  0.5690  59.79641408
  0.5700  59.44910855
  0.5710  59.09107399
  0.5720  58.72242658
  0.5730  58.34328544
  0.5740  57.95377263
  0.5750  57.55401310
  0.5760  57.14413465
  0.5770  56.72426788
  0.5780  56.29454618
  0.5790  55.85510569
  0.5800  55.40608522
  0.5810  54.94762626
  0.5820  54.47987291
  0.5830  54.00297182
  0.5840  53.51707219
  0.5850  53.02232571
  0.5860  52.51888649
  0.5870  52.00691104
  0.5880  51.48655820
  0.5890  50.95798913
  0.5900  50.42136723
  0.5910  49.87685808
  0.5920  49.32462943
  0.5930  48.76485111
  0.5940  48.19769501
  0.5950  47.62333499
  0.5960  47.04194686
  0.5970  46.45370832
  0.5980  45.85879889
  0.5990  45.25739987
  0.6000  44.64969426
  0.6010  44.03586674
  0.6020  43.41610359
  0.6030  42.79059261
  0.6040  42.15952314
  0.6050  41.52308588
  0.6060  40.88147295
  0.6070  40.23487776
  0.6080  39.58349497
  0.6090  38.92752040
  0.6100  38.26715104
  0.6110  37.60258490
  0.6120  36.93402102
  0.6130  36.26165936
  0.6140  35.58570075
  0.6150  34.90634686
  0.6160  34.22380006
  0.6170  33.53826345
  0.6180  32.84994072
  0.6190  32.15903611
  0.6200  31.46575438
  0.6210  30.77030068
  0.6220  30.07288054
  0.6230  29.37369977
  0.6240  28.67296444
  0.6250  27.97088074
  0.6260  27.26765500
  0.6270  26.56349356
  0.6280  25.85860274
  0.6290  25.15318877
  0.6300  24.44745770
  0.6310  23.74161539
  0.6320  23.03586738
  0.6330  22.33041889
  0.6340  21.62547472
  0.6350  20.92123918
  0.6360  20.21791607
  0.6370  19.51570859
  0.6380  18.81481930
  0.6390  18.11545005
  0.6400  17.41780193
  0.6410  16.72207523
  0.6420  16.02846939
  0.6430  15.33718295
  0.6440  14.64841355
  0.6450  13.96235785
  0.6460  13.27921157
  0.6470  12.59916945
  0.6480  11.92242531
  0.6490  11.24917207
  0.6500  10.57960186
  0.6510  9.91390619
  0.6520  9.25227614
  0.6530  8.59490278
  0.6540  7.94197770
  0.6550  7.29369393
  0.6560  6.65024733
  0.6570  6.01183888
  0.6580  5.37867861
  0.6590  4.75099241
  0.6600  4.12903502
  0.6610  3.51311602
  0.6620  2.90365774
  0.6630  2.30134157
  0.6640  1.70755216
  0.6650  1.12617367
  0.6660  0.57584587
  0.6670  0.28820483
  0.6680  0.70677605
  0.6690  1.24798230
  0.6700  1.79802819
  0.6710  2.34554388
  0.6720  2.88770853
  0.6730  3.42342875
  0.6740  3.95214451
  0.6750  4.47350568
  0.6760  4.98725939
  0.6770  5.49320371
  0.6780  5.99116618
  0.6790  6.48099296
  0.6800  6.96254291
  0.6810  7.43568419
  0.6820  7.90029227
  0.6830  8.35624860
  0.6840  8.80343988
  0.6850  9.24175743
  0.6860  9.67109693
  0.6870  10.09135809
  0.6880  10.50244455
  0.6890  10.90426372
  0.6900  11.29672672
  0.6910  11.67974834
  0.6920  12.05324697
  0.6930  12.41714462
  0.6940  12.77136685
  0.6950  13.11584283
  0.6960  13.45050528
  0.6970  13.77529049
  0.6980  14.09013835
  0.6990  14.39499228
  0.7000  14.68979934
  0.7010  14.97451015
  0.7020  15.24907892
  0.7030  15.51346347
  0.7040  15.76762523
  0.7050  16.01152923
  0.7060  16.24514411
  0.7070  16.46844214
  0.7080  16.68139921
  0.7090  16.88399481
  0.7100  17.07621207
  0.7110  17.25803772
  0.7120  17.42946212
  0.7130  17.59047925
  0.7140  17.74108669
  0.7150  17.88128561
  0.7160  18.01108081
  0.7170  18.13048065
  0.7180  18.23949708
  0.7190  18.33814563
  0.7200  18.42644538
  0.7210  18.50441896
  0.7220  18.57209252
  0.7230  18.62949574
  0.7240  18.67666180
  0.7250  18.71362736
  0.7260  18.74043254
  0.7270  18.75712091
  0.7280  18.76373945
  0.7290  18.76033857
  0.7300  18.74697203
  0.7310  18.72369694
  0.7320  18.69057376
  0.7330  18.64766622
  0.7340  18.59504135
  0.7350  18.53276939
  0.7360  18.46092382
  0.7370  18.37958127
  0.7380  18.28882155
  0.7390  18.18872755
  0.7400  18.07938526
  0.7410  17.96088369
  0.7420  17.83331488
  0.7430  17.69677381
  0.7440  17.55135842
  0.7450  17.39716951
  0.7460  17.23431074
  0.7470  17.06288858
  0.7480  16.88301224
  0.7490  16.69479369
  0.7500  16.49834754
  0.7510  16.29379105
  0.7520  16.08124407
  0.7530  15.86082899
  0.7540  15.63267068
  0.7550  15.39689648
  0.7560  15.15363611
  0.7570  14.90302167
  0.7580  14.64518754
  0.7590  14.38027038
  0.7600  14.10840905
  0.7610  13.82974460
  0.7620  13.54442016
  0.7630  13.25258099
  0.7640  12.95437433
  0.7650  12.64994945
  0.7660  12.33945755
  0.7670  12.02305177
  0.7680  11.70088712
  0.7690  11.37312047
  0.7700  11.03991053
  0.7710  10.70141786
  0.7720  10.35780481
  0.7730  10.00923560
  0.7740  9.65587633
  0.7750  9.29789500
  0.7760  8.93546165
  0.7770  8.56874848
  0.7780  8.19792999
  0.7790  7.82318330
  0.7800  7.44468849
  0.7810  7.06262913
  0.7820  6.67719299
  0.7830  6.28857312
  0.7840  5.89696931
  0.7850  5.50259029
  0.7860  5.10565702
  0.7870  4.70640769
  0.7880  4.30510565
  0.7890  3.90205234
  0.7900  3.49760933
  0.7910  3.09223779
  0.7920  2.68657391
  0.7930  2.28158419
  0.7940  1.87891856
  0.7950  1.48182225
  0.7960  1.09792246
  0.7970  0.74972668
  0.7980  0.51772025
  0.7990  0.57004810
  0.8000  0.85671500
  0.8010  1.22293930
  0.8020  1.61547677
  0.8030  2.01888306
  0.8040  2.42749915
  0.8050  2.83876499
  0.8060  3.25131654
  0.8070  3.66432503
  0.8080  4.07722927
  0.8090  4.48961380
  0.8100  4.90114815
  0.8110  5.31155428
  0.8120  5.72058816
  0.8130  6.12802873
  0.8140  6.53367112
  0.8150  6.93732225
  0.8160  7.33879795
  0.8170  7.73792105
  0.8180  8.13452003
  0.8190  8.52842806
  0.8200  8.91948236
  0.8210  9.30752372
  0.8220  9.69239617
  0.8230  10.07394669
  0.8240  10.45202512
  0.8250  10.82648392
  0.8260  11.19717817
  0.8270  11.56396548
  0.8280  11.92670596
  0.8290  12.28526216
  0.8300  12.63949912
  0.8310  12.98928431
  0.8320  13.33448770
  0.8330  13.67498172
  0.8340  14.01064130
  0.8350  14.34134389
  0.8360  14.66696949
  0.8370  14.98740066
  0.8380  15.30252255
  0.8390  15.61222294
  0.8400  15.91639226
  0.8410  16.21492363
  0.8420  16.50771286
  0.8430  16.79465849
  0.8440  17.07566186
  0.8450  17.35062707
  0.8460  17.61946106
  0.8470  17.88207359
  0.8480  18.13837732
  0.8490  18.38828780
  0.8500  18.63172350
  0.8510  18.86860582
  0.8520  19.09885916
  0.8530  19.32241087
  0.8540  19.53919134
  0.8550  19.74913398
  0.8560  19.95217524
  0.8570  20.14825464
  0.8580  20.33731477
  0.8590  20.51930131
  0.8600  20.69416308
  0.8610  20.86185199
  0.8620  21.02232307
  0.8630  21.17553454
  0.8640  21.32144771
  0.8650  21.46002709
  0.8660  21.59124034
  0.8670  21.71505829
  0.8680  21.83145494
  0.8690  21.94040745
  0.8700  22.04189619
  0.8710  22.13590467
  0.8720  22.22241960
  0.8730  22.30143086
  0.8740  22.37293148
  0.8750  22.43691768
  0.8760  22.49338880
  0.8770  22.54234737
  0.8780  22.58379905
  0.8790  22.61775260
  0.8800  22.64421994
  0.8810  22.66321608
  0.8820  22.67475911
  0.8830  22.67887024
  0.8840  22.67557369
  0.8850  22.66489676
  0.8860  22.64686978
  0.8870  22.62152605
  0.8880  22.58890191
  0.8890  22.54903661
  0.8900  22.50197238
  0.8910  22.44775435
  0.8920  22.38643055
  0.8930  22.31805186
  0.8940  22.24267203
  0.8950  22.16034758
  0.8960  22.07113783
  0.8970  21.97510485
  0.8980  21.87231343
  0.8990  21.76283102
  0.9000  21.64672776
  0.9010  21.52407637
  0.9020  21.39495218
  0.9030  21.25943304
  0.9040  21.11759932
  0.9050  20.96953387
  0.9060  20.81532193
  0.9070  20.65505119
  0.9080  20.48881163
  0.9090  20.31669558
  0.9100  20.13879761
  0.9110  19.95521455
  0.9120  19.76604536
  0.9130  19.57139118
  0.9140  19.37135522
  0.9150  19.16604275
  0.9160  18.95556103
  0.9170  18.74001928
  0.9180  18.51952865
  0.9190  18.29420213
  0.9200  18.06415453
  0.9210  17.82950246
  0.9220  17.59036422
  0.9230  17.34685981
  0.9240  17.09911086
  0.9250  16.84724058
  0.9260  16.59137374
  0.9270  16.33163657
  0.9280  16.06815680
  0.9290  15.80106353
  0.9300  15.53048726
  0.9310  15.25655978
  0.9320  14.97941420
  0.9330  14.69918487
  0.9340  14.41600735
  0.9350  14.13001839
  0.9360  13.84135590
  0.9370  13.55015891
  0.9380  13.25656756
  0.9390  12.96072311
  0.9400  12.66276786
  0.9410  12.36284524
  0.9420  12.06109974
  0.9430  11.75767698
  0.9440  11.45272370
  0.9450  11.14638784
  0.9460  10.83881855
  0.9470  10.53016635
  0.9480  10.22058315
  0.9490  9.91022243
  0.9500  9.59923943
  0.9510  9.28779132
  0.9520  8.97603750
  0.9530  8.66413994
  0.9540  8.35226358
  0.9550  8.04057688
  0.9560  7.72925245
  0.9570  7.41846789
  0.9580  7.10840682
  0.9590  6.79926018
  0.9600  6.49122789
  0.9610  6.18452097
  0.9620  5.87936430
  0.9630  5.57600015
  0.9640  5.27469285
  0.9650  4.97573500
  0.9660  4.67945573
  0.9670  4.38623193
  0.9680  4.09650365
  0.9690  3.81079549
  0.9700  3.52974667
  0.9710  3.25415395
  0.9720  2.98503345
  0.9730  2.72371059
  0.9740  2.47195122
  0.9750  2.23215112
  0.9760  2.00760136
  0.9770  1.80282998
  0.9780  1.62395498
  0.9790  1.47881106
  0.9800  1.37632339
  0.9810  1.32450058
  0.9820  1.32730111
  0.9830  1.38243086
  0.9840  1.48218583
  0.9850  1.61656276
  0.9860  1.77607750
  0.9870  1.95305364
  0.9880  2.14174813
  0.9890  2.33800443
  0.9900  2.53883628
  0.9910  2.74208377
  0.9920  2.94616250
  0.9930  3.14988961
  0.9940  3.35236500
  0.9950  3.55289039
  0.9960  3.75091374
  0.9970  3.94599071
  0.9980  4.13775746
  0.9990  4.32591140
