  0.0000  88.27816312
  0.0010  88.24281305
  0.0020  88.13678147
  0.0030  87.96012432
  0.0040  87.71293480
  0.0050  87.39534328
  0.0060  87.00751725
  0.0070  86.54966123
  0.0080  86.02201657
  0.0090  85.42486139
  0.0100  84.75851032
  0.0110  84.02331437
  0.0120  83.21966067
  0.0130  82.34797224
  0.0140  81.40870770
  0.0150  80.40236105
  0.0160  79.32946127
  0.0170  78.19057205
  0.0180  76.98629144
  0.0190  75.71725142
  0.0200  74.38411758
  0.0210  72.98758864
  0.0220  71.52839608
  0.0230  70.00730361
  0.0240  68.42510678
  0.0250  66.78263242
  0.0260  65.08073817
  0.0270  63.32031193
  0.0280  61.50227135
  0.0290  59.62756321
  0.0300  57.69716290
  0.0310  55.71207379
  0.0320  53.67332664
  0.0330  51.58197895
  0.0340  49.43911438
  0.0350  47.24584202
  0.0360  45.00329580
  0.0370  42.71263379
  0.0380  40.37503753
  0.0390  37.99171133
  0.0400  35.56388161
  0.0410  33.09279622
  0.0420  30.57972377
  0.0430  28.02595304
  0.0440  25.43279241
  0.0450  22.80156950
  0.0460  20.13363108
  0.0470  17.43034370
  0.0480  14.69309582
  0.0490  11.92330433
  0.0500  9.12243459
  0.0510  6.29207785
  0.0520  3.43442289
  0.0530  0.56739700
  0.0540  2.37266042
  0.0550  5.30540520
  0.0560  8.26279459
  0.0570  11.24168252
  0.0580  14.24029868
  0.0590  17.25705962
  0.0600  20.29042745
  0.0610  23.33887761
  0.0620  26.40088918
  0.0630  29.47494159
  0.0640  32.55951364
  0.0650  35.65308344
  0.0660  38.75412871
  0.0670  41.86112737
  0.0680  44.97255814
  0.0690  48.08690131
  0.0700  51.20263942
  0.0710  54.31825806
  0.0720  57.43224658
  0.0730  60.54309894
  0.0740  63.64931436
  0.0750  66.74939818
  0.0760  69.84186258
  0.0770  72.92522730
  0.0780  75.99802045
  0.0790  79.05877917
  0.0800  82.10605044
  0.0810  85.13839172
  0.0820  88.15437171
  0.0830  91.15257106
  0.0840  94.13158301
  0.0850  97.09001412
  0.0860  100.02648492
  0.0870  102.93963056
  0.0880  105.82810150
  0.0890  108.69056408
  0.0900  111.52570122
  0.0910  114.33221298
  0.0920  117.10881717
  0.0930  119.85424998
  0.0940  122.56726650
  0.0950  125.24664132
  0.0960  127.89116909
  0.0970  130.49966500
  0.0980  133.07096540
  0.0990  135.60392823
  0.1000  138.09743354
  0.1010  140.55038402
  0.1020  142.96170541
  0.1030  145.33034699
  0.1040  147.65528203
  0.1050  149.93550820
  0.1060  152.17004800
  0.1070  154.35794917
  0.1080  156.49828504
  0.1090  158.59015497
  0.1100  160.63268466
  0.1110  162.62502648
  0.1120  164.56635988
  0.1130  166.45589162
  0.1140  168.29285613
  0.1150  170.07651578
  0.1160  171.80616114
  0.1170  173.48111127
  0.1180  175.10071394
  0.1190  176.66434587
  0.1200  178.17141297
  0.1210  179.62135050
  0.1220  181.01362327
  0.1230  182.34772585
  0.1240  183.62318269
  0.1250  184.83954827
  0.1260  185.99640725
  0.1270  187.09337458
  0.1280  188.13009558
  0.1290  189.10624605
  0.1300  190.02153236
  0.1310  190.87569148
  0.1320  191.66849102
  0.1330  192.39972930
  0.1340  193.06923534
  0.1350  193.67686887
  0.1360  194.22252031
  0.1370  194.70611077
  0.1380  195.12759199
  0.1390  195.48694631
  0.1400  195.78418656
  0.1410  196.01935604
  0.1420  196.19252838
  0.1430  196.30380747
  0.1440  196.35332732
  0.1450  196.34125190
  0.1460  196.26777505
  0.1470  196.13312028
  0.1480  195.93754060
  0.1490  195.68131836
  0.1500  195.36476500
  0.1510  194.98822089
  0.1520  194.55205505
  0.1530  194.05666497
  0.1540  193.50247630
  0.1550  192.88994261
  0.1560  192.21954512
  0.1570  191.49179240
  0.1580  190.70722006
  0.1590  189.86639043
  0.1600  188.96989226
  0.1610  188.01834032
  0.1620  187.01237513
  0.1630  185.95266250
  0.1640  184.83989324
  0.1650  183.67478270
  0.1660  182.45807041
  0.1670  181.19051964
  0.1680  179.87291701
  0.1690  178.50607201
  0.1700  177.09081657
  0.1710  175.62800463
  0.1720  174.11851161
  0.1730  172.56323397
  0.1740  170.96308873
  0.1750  169.31901293
  0.1760  167.63196312
  0.1770  165.90291489
  0.1780  164.13286226
  0.1790  162.32281721
  0.1800  160.47380906
  0.1810  158.58688397
  0.1820  156.66310433
  0.1830  154.70354821
  0.1840  152.70930873
  0.1850  150.68149352
  0.1860  148.62122406
  0.1870  146.52963512
  0.1880  144.40787410
  0.1890  142.25710042
  0.1900  140.07848489
  0.1910  137.87320909
  0.1920  135.64246466
  0.1930  133.38745272
  0.1940  131.10938317
  0.1950  128.80947406
  0.1960  126.48895089
  0.1970  124.14904595
  0.1980  121.79099764
  0.1990  119.41604982
  0.2000  117.02545110
  0.2010  114.62045414
  0.2020  112.20231499
  0.2030  109.77229242
  0.2040  107.33164714
  0.2050  104.88164123
  0.2060  102.42353735
  0.2070  99.95859806
  0.2080  97.48808520
  0.2090  95.01325908
  0.2100  92.53537788
  0.2110  90.05569694
  0.2120  87.57546802
  0.2130  85.09593870
  0.2140  82.61835159
  0.2150  80.14394377
  0.2160  77.67394600
  0.2170  75.20958214
  0.2180  72.75206842
  0.2190  70.30261282
  0.2200  67.86241438
  0.2210  65.43266261
  0.2220  63.01453676
  0.2230  60.60920529
  0.2240  58.21782518
  0.2250  55.84154135
  0.2260  53.48148603
  0.2270  51.13877821
  0.2280  48.81452306
  0.2290  46.50981134
  0.2300  44.22571890
  0.2310  41.96330615
  0.2320  39.72361759
  0.2330  37.50768132
  0.2340  35.31650866
  0.2350  33.15109377
  0.2360  31.01241337
  0.2370  28.90142654
  0.2380  26.81907471
  0.2390  24.76628175
  0.2400  22.74395447
  0.2410  20.75298357
  0.2420  18.79424536
  0.2430  16.86860488
  0.2440  14.97692138
  0.2450  13.12005848
  0.2460  11.29890363
  0.2470  9.51440833
  0.2480  7.76767960
  0.2490  6.06021815
  0.2500  4.39467409
  0.2510  2.77815310
  0.2520  1.24985879
  0.2530  0.68374347
  0.2540  2.01462514
  0.2550  3.45880457
  0.2560  4.87983422
  0.2570  6.26443877
  0.2580  7.60895213
  0.2590  8.91176071
  0.2600  10.17191971
  0.2610  11.38876675
  0.2620  12.56178439
  0.2630  13.69054272
  0.2640  14.77467245
  0.2650  15.81385115
  0.2660  16.80779568
  0.2670  17.75625782
  0.2680  18.65902156
  0.2690  19.51590143
  0.2700  20.32674135
  0.2710  21.09141381
  0.2720  21.80981932
  0.2730  22.48188597
  0.2740  23.10756902
  0.2750  23.68685066
  0.2760  24.21973968
  0.2770  24.70627125
  0.2780  25.14650666
  0.2790  25.54053310
  0.2800  25.88846337
  0.2810  26.19043568
  0.2820  26.44661339
  0.2830  26.65718473
  0.2840  26.82236253
  0.2850  26.94238398
  0.2860  27.01751027
  0.2870  27.04802638
  0.2880  27.03424069
  0.2890  26.97648471
  0.2900  26.87511276
  0.2910  26.73050157
  0.2920  26.54304999
  0.2930  26.31317865
  0.2940  26.04132951
  0.2950  25.72796560
  0.2960  25.37357056
  0.2970  24.97864831
  0.2980  24.54372263
  0.2990  24.06933681
  0.3000  23.55605323
  0.3010  23.00445301
  0.3020  22.41513559
  0.3030  21.78871844
  0.3040  21.12583662
  0.3050  20.42714253
  0.3060  19.69330561
  0.3070  18.92501209
  0.3080  18.12296490
  0.3090  17.28788360
  0.3100  16.42050457
  0.3110  15.52158144
  0.3120  14.59188594
  0.3130  13.63220942
  0.3140  12.64336549
  0.3150  11.62619447
  0.3160  10.58157120
  0.3170  9.51041891
  0.3180  8.41373546
  0.3190  7.29264582
  0.3200  6.14851715
  0.3210  4.98324329
  0.3220  3.80007931
  0.3230  2.60682618
  0.3240  1.43516978
  0.3250  0.62401637
  0.3260  1.39087915
  0.3270  2.61502385
  0.3280  3.90344005
  0.3290  5.22096938
  0.3300  6.55926629
  0.3310  7.91489481
  0.3320  9.28585396
  0.3330  10.67068457
  0.3340  12.06816842
  0.3350  13.47720754
  0.3360  14.89676937
  0.3370  16.32585961
  0.3380  17.76350772
  0.3390  19.20875895
  0.3400  20.66066962
  0.3410  22.11830443
  0.3420  23.58073486
  0.3430  25.04703823
  0.3440  26.51629724
  0.3450  27.98759975
  0.3460  29.46003877
  0.3470  30.93271255
  0.3480  32.40472479
  0.3490  33.87518486
  0.3500  35.34320812
  0.3510  36.80791621
  0.3520  38.26843739
  0.3530  39.72390689
  0.3540  41.17346730
  0.3550  42.61626888
  0.3560  44.05146993
  0.3570  45.47823722
  0.3580  46.89574628
  0.3590  48.30318179
  0.3600  49.69973798
  0.3610  51.08461892
  0.3620  52.45703890
  0.3630  53.81622283
  0.3640  55.16140649
  0.3650  56.49183694
  0.3660  57.80677283
  0.3670  59.10548474
  0.3680  60.38725546
  0.3690  61.65138036
  0.3700  62.89716767
  0.3710  64.12393878
  0.3720  65.33102855
  0.3730  66.51778559
  0.3740  67.68357254
  0.3750  68.82776636
  0.3760  69.94975856
  0.3770  71.04895553
  0.3780  72.12477871
  0.3790  73.17666490
  0.3800  74.20406647
  0.3810  75.20645158
  0.3820  76.18330444
  0.3830  77.13412550
  0.3840  78.05843163
  0.3850  78.95575637
  0.3860  79.82565010
  0.3870  80.66768020
  0.3880  81.48143125
  0.3890  82.26650519
  0.3900  83.02252147
  0.3910  83.74911719
  0.3920  84.44594723
  0.3930  85.11268444
  0.3940  85.74901966
  0.3950  86.35466192
  0.3960  86.92933849
  0.3970  87.47279500
  0.3980  87.98479547
  0.3990  88.46512247
  0.4000  88.91357709
  0.4010  89.32997905
  0.4020  89.71416674
  0.4030  90.06599721
  0.4040  90.38534625
  0.4050  90.67210834
  0.4060  90.92619672
  0.4070  91.14754331
  0.4080  91.33609875
  0.4090  91.49183233
  0.4100  91.61473198
  0.4110  91.70480420
  0.4120  91.76207400
  0.4130  91.78658482
  0.4140  91.77839847
  0.4150  91.73759503
  0.4160  91.66427272
  0.4170  91.55854782
  0.4180  91.42055452
  0.4190  91.25044479
  0.4200  91.04838824
  0.4210  90.81457195
  0.4220  90.54920031
  0.4230  90.25249482
  0.4240  89.92469396
  0.4250  89.56605289
  0.4260  89.17684335
  0.4270  88.75735336
  0.4280  88.30788701
  0.4290  87.82876424
  0.4300  87.32032056
  0.4310  86.78290682
  0.4320  86.21688891
  0.4330  85.62264749
  0.4340  85.00057771
  0.4350  84.35108891
  0.4360  83.67460430
  0.4370  82.97156067
  0.4380  82.24240803
  0.4390  81.48760932
  0.4400  80.70764002
  0.4410  79.90298785
  0.4420  79.07415239
  0.4430  78.22164472
  0.4440  77.34598705
  0.4450  76.44771234
  0.4460  75.52736394
  0.4470  74.58549517
  0.4480  73.62266894
  0.4490  72.63945735
  0.4500  71.63644129
  0.4510  70.61421001
  0.4520  69.57336074
  0.4530  68.51449824
  0.4540  67.43823439
  0.4550  66.34518777
  0.4560  65.23598321
  0.4570  64.11125139
  0.4580  62.97162840
  0.4590  61.81775527
  0.4600  60.65027757
  0.4610  59.46984499
  0.4620  58.27711082
  0.4630  57.07273160
  0.4640  55.85736665
  0.4650  54.63167760
  0.4660  53.39632801
  0.4670  52.15198287
  0.4680  50.89930822
  0.4690  49.63897069
  0.4700  48.37163707
  0.4710  47.09797390
  0.4720  45.81864701
  0.4730  44.53432113
  0.4740  43.24565947
  0.4750  41.95332328
  0.4760  40.65797148
  0.4770  39.36026022
  0.4780  38.06084250
  0.4790  36.76036778
  0.4800  35.45948158
  0.4810  34.15882511
  0.4820  32.85903486
  0.4830  31.56074231
  0.4840  30.26457347
  0.4850  28.97114862
  0.4860  27.68108188
  0.4870  26.39498095
  0.4880  25.11344671
  0.4890  23.83707297
  0.4900  22.56644608
  0.4910  21.30214472
  0.4920  20.04473952
  0.4930  18.79479286
  0.4940  17.55285856
  0.4950  16.31948163
  0.4960  15.09519806
  0.4970  13.88053463
  0.4980  12.67600870
  0.4990  11.48212813
  0.5000  10.29939122
  0.5010  9.12828686
  0.5020  7.96929492
  0.5030  6.82288726
  0.5040  5.68953012
  0.5050  4.56969017
  0.5060  3.46385220
  0.5070  2.37258488
  0.5080  1.29692973
  0.5090  0.24883786
  0.5100  0.81968051
  0.5110  1.84747547
  0.5120  2.86103776
  0.5130  3.85842665
  0.5140  4.83904372
  0.5150  5.80248331
  0.5160  6.74839950
  0.5170  7.67647571
  0.5180  8.58641504
  0.5190  9.47793663
  0.5200  10.35077399
  0.5210  11.20467420
  0.5220  12.03939754
  0.5230  12.85471721
  0.5240  13.65041917
  0.5250  14.42630209
  0.5260  15.18217721
  0.5270  15.91786832
  0.5280  16.63321165
  0.5290  17.32805586
  0.5300  18.00226195
  0.5310  18.65570319
  0.5320  19.28826504
  0.5330  19.89984512
  0.5340  20.49035308
  0.5350  21.05971052
  0.5360  21.60785092
  0.5370  22.13471956
  0.5380  22.64027334
  0.5390  23.12448078
  0.5400  23.58732183
  0.5410  24.02878778
  0.5420  24.44888114
  0.5430  24.84761554
  0.5440  25.22501556
  0.5450  25.58111663
  0.5460  25.91596486
  0.5470  26.22961696
  0.5480  26.52214004
  0.5490  26.79361150
  0.5500  27.04411884
  0.5510  27.27375958
  0.5520  27.48264104
  0.5530  27.67088021
  0.5540  27.83860361
  0.5550  27.98594708
  0.5560  28.11305568
  0.5570  28.22008348
  0.5580  28.30719341
  0.5590  28.37455709
  0.5600  28.42235467
  0.5610  28.45077465
  0.5620  28.46001371
  0.5630  28.45027654
  0.5640  28.42177566
  0.5650  28.37473128
  0.5660  28.30937106
  0.5670  28.22592998
  0.5680  28.12465017
  0.5690  28.00578070
  0.5700  27.86957742
  0.5710  27.71630278
  0.5720  27.54622566
  0.5730  27.35962115
  0.5740  27.15677045
  0.5750  26.93796058
  0.5760  26.70348432
  0.5770  26.45363991
  0.5780  26.18873097
  0.5790  25.90906625
  0.5800  25.61495949
  0.5810  25.30672919
  0.5820  24.98469848
  0.5830  24.64919492
  0.5840  24.30055028
  0.5850  23.93910041
  0.5860  23.56518503
  0.5870  23.17914753
  0.5880  22.78133481
  0.5890  22.37209710
  0.5900  21.95178773
  0.5910  21.52076301
  0.5920  21.07938199
  0.5930  20.62800629
  0.5940  20.16699990
  0.5950  19.69672905
  0.5960  19.21756192
  0.5970  18.72986856
  0.5980  18.23402061
  0.5990  17.73039118
  0.6000  17.21935462
  0.6010  16.70128632
  0.6020  16.17656258
  0.6030  15.64556034
  0.6040  15.10865704
  0.6050  14.56623042
  0.6060  14.01865831
  0.6070  13.46631847
  0.6080  12.90958835
  0.6090  12.34884494
  0.6100  11.78446456
  0.6110  11.21682266
  0.6120  10.64629366
  0.6130  10.07325069
  0.6140  9.49806548
  0.6150  8.92110810
  0.6160  8.34274682
  0.6170  7.76334789
  0.6180  7.18327536
  0.6190  6.60289090
  0.6200  6.02255361
  0.6210  5.44261988
  0.6220  4.86344319
  0.6230  4.28537403
  0.6240  3.70875979
  0.6250  3.13394489
  0.6260  2.56127110
  0.6270  1.99107902
  0.6280  1.42371323
  0.6290  0.85954845
  0.6300  0.29931003
  0.6310  0.25974725
  0.6320  0.81201084
  0.6330  1.36047057
  0.6340  1.90431522
  0.6350  2.44319395
  0.6360  2.97680025
  0.6370  3.50484206
  0.6380  4.02703607
  0.6390  4.54310608
  0.6400  5.05278261
  0.6410  5.55580268
  0.6420  6.05190993
  0.6430  6.54085460
  0.6440  7.02239372
  0.6450  7.49629114
  0.6460  7.96231769
  0.6470  8.42025128
  0.6480  8.86987702
  0.6490  9.31098734
  0.6500  9.74338205
  0.6510  10.16686852
  0.6520  10.58126168
  0.6530  10.98638421
  0.6540  11.38206654
  0.6550  11.76814699
  0.6560  12.14447183
  0.6570  12.51089533
  0.6580  12.86727983
  0.6590  13.21349582
  0.6600  13.54942197
  0.6610  13.87494518
  0.6620  14.18996060
  0.6630  14.49437170
  0.6640  14.78809026
  0.6650  15.07103641
  0.6660  15.34313862
  0.6670  15.60433373
  0.6680  15.85456691
  0.6690  16.09379172
  0.6700  16.32197002
  0.6710  16.53907198
  0.6720  16.74507605
  0.6730  16.93996894
  0.6740  17.12374554
  0.6750  17.29640891
  0.6760  17.45797019
  0.6770  17.60844856
  0.6780  17.74787115
  0.6790  17.87627301
  0.6800  17.99369694
  0.6810  18.10019351
  0.6820  18.19582088
  0.6830  18.28064473
  0.6840  18.35473817
  0.6850  18.41818158
  0.6860  18.47106255
  0.6870  18.51347569
  0.6880  18.54552257
  0.6890  18.56731152
  0.6900  18.57895753
  0.6910  18.58058209
  0.6920  18.57231305
  0.6930  18.55428442
  0.6940  18.52663629
  0.6950  18.48951460
  0.6960  18.44307098
  0.6970  18.38746261
  0.6980  18.32285200
  0.6990  18.24940686
  0.7000  18.16729988
  0.7010  18.07670854
  0.7020  17.97781496
  0.7030  17.87080567
  0.7040  17.75587143
  0.7050  17.63320704
  0.7060  17.50301113
  0.7070  17.36548597
  0.7080  17.22083728
  0.7090  17.06927400
  0.7100  16.91100808
  0.7110  16.74625434
  0.7120  16.57523020
  0.7130  16.39815549
  0.7140  16.21525225
  0.7150  16.02674456
  0.7160  15.83285827
  0.7170  15.63382084
  0.7180  15.42986114
  0.7190  15.22120921
  0.7200  15.00809611
  0.7210  14.79075369
  0.7220  14.56941438
  0.7230  14.34431104
  0.7240  14.11567673
  0.7250  13.88374452
  0.7260  13.64874733
  0.7270  13.41091771
  0.7280  13.17048767
  0.7290  12.92768852
  0.7300  12.68275065
  0.7310  12.43590340
  0.7320  12.18737487
  0.7330  11.93739173
  0.7340  11.68617910
  0.7350  11.43396038
  0.7360  11.18095705
  0.7370  10.92738860
  0.7380  10.67347230
  0.7390  10.41942310
  0.7400  10.16545350
  0.7410  9.91177338
  0.7420  9.65858990
  0.7430  9.40610735
  0.7440  9.15452707
  0.7450  8.90404727
  0.7460  8.65486299
  0.7470  8.40716591
  0.7480  8.16114433
  0.7490  7.91698303
  0.7500  7.67486316
  0.7510  7.43496218
  0.7520  7.19745379
  0.7530  6.96250779
  0.7540  6.73029005
  0.7550  6.50096246
  0.7560  6.27468280
  0.7570  6.05160472
  0.7580  5.83187767
  0.7590  5.61564686
  0.7600  5.40305318
  0.7610  5.19423319
  0.7620  4.98931905
  0.7630  4.78843847
  0.7640  4.59171471
  0.7650  4.39926653
  0.7660  4.21120813
  0.7670  4.02764916
  0.7680  3.84869467
  0.7690  3.67444506
  0.7700  3.50499610
  0.7710  3.34043885
  0.7720  3.18085964
  0.7730  3.02634007
  0.7740  2.87695688
  0.7750  2.73278198
  0.7760  2.59388237
  0.7770  2.46032002
  0.7780  2.33215186
  0.7790  2.20942963
  0.7800  2.09219979
  0.7810  1.98050340
  0.7820  1.87437596
  0.7830  1.77384727
  0.7840  1.67894130
  0.7850  1.58967602
  0.7860  1.50606330
  0.7870  1.42810885
  0.7880  1.35581224
  0.7890  1.28916703
  0.7900  1.22816107
  0.7910  1.17277696
  0.7920  1.12299281
  0.7930  1.07878318
  0.7940  1.04012025
  0.7950  1.00697518
  0.7960  0.97931955
  0.7970  0.95712665
  0.7980  0.94037262
  0.7990  0.92903707
  0.8000  0.92310320
  0.8010  0.92255721
  0.8020  0.92738719
  0.8030  0.93758144
  0.8040  0.95312657
  0.8050  0.97400551
  0.8060  1.00019581
  0.8070  1.03166819
  0.8080  1.06838571
  0.8090  1.11030333
  0.8100  1.15736795
  0.8110  1.20951884
  0.8120  1.26668821
  0.8130  1.32880199
  0.8140  1.39578062
  0.8150  1.46753977
  0.8160  1.54399105
  0.8170  1.62504257
  0.8180  1.71059945
  0.8190  1.80056421
  0.8200  1.89483706
  0.8210  1.99331621
  0.8220  2.09589797
  0.8230  2.20247696
  0.8240  2.31294620
  0.8250  2.42719720
  0.8260  2.54512002
  0.8270  2.66660334
  0.8280  2.79153452
  0.8290  2.91979963
  0.8300  3.05128352
  0.8310  3.18586984
  0.8320  3.32344110
  0.8330  3.46387871
  0.8340  3.60706306
  0.8350  3.75287353
  0.8360  3.90118859
  0.8370  4.05188580
  0.8380  4.20484192
  0.8390  4.35993295
  0.8400  4.51703419
  0.8410  4.67602030
  0.8420  4.83676539
  0.8430  4.99914306
  0.8440  5.16302646
  0.8450  5.32828839
  0.8460  5.49480135
  0.8470  5.66243761
  0.8480  5.83106927
  0.8490  6.00056835
  0.8500  6.17080688
  0.8510  6.34165689
  0.8520  6.51299057
  0.8530  6.68468030
  0.8540  6.85659872
  0.8550  7.02861882
  0.8560  7.20061399
  0.8570  7.37245810
  0.8580  7.54402556
  0.8590  7.71519142
  0.8600  7.88583142
  0.8610  8.05582204
  0.8620  8.22504060
  0.8630  8.39336532
  0.8640  8.56067539
  0.8650  8.72685102
  0.8660  8.89177354
  0.8670  9.05532544
  0.8680  9.21739042
  0.8690  9.37785353
  0.8700  9.53660113
  0.8710  9.69352104
  0.8720  9.84850256
  0.8730  10.00143655
  0.8740  10.15221548
  0.8750  10.30073349
  0.8760  10.44688646
  0.8770  10.59057207
  0.8780  10.73168984
  0.8790  10.87014120
  0.8800  11.00582956
  0.8810  11.13866032
  0.8820  11.26854099
  0.8830  11.39538116
  0.8840  11.51909263
  0.8850  11.63958943
  0.8860  11.75678783
  0.8870  11.87060645
  0.8880  11.98096628
  0.8890  12.08779071
  0.8900  12.19100560
  0.8910  12.29053928
  0.8920  12.38632267
  0.8930  12.47828922
  0.8940  12.56637501
  0.8950  12.65051879
  0.8960  12.73066196
  0.8970  12.80674868
  0.8980  12.87872582
  0.8990  12.94654306
  0.9000  13.01015284
  0.9010  13.06951049
  0.9020  13.12457414
  0.9030  13.17530482
  0.9040  13.22166645
  0.9050  13.26362588
  0.9060  13.30115286
  0.9070  13.33422009
  0.9080  13.36280325
  0.9090  13.38688095
  0.9100  13.40643480
  0.9110  13.42144938
  0.9120  13.43191223
  0.9130  13.43781392
  0.9140  13.43914796
  0.9150  13.43591086
  0.9160  13.42810212
  0.9170  13.41572419
  0.9180  13.39878249
  0.9190  13.37728539
  0.9200  13.35124419
  0.9210  13.32067314
  0.9220  13.28558936
  0.9230  13.24601288
  0.9240  13.20196660
  0.9250  13.15347624
  0.9260  13.10057037
  0.9270  13.04328031
  0.9280  12.98164019
  0.9290  12.91568683
  0.9300  12.84545978
  0.9310  12.77100122
  0.9320  12.69235600
  0.9330  12.60957153
  0.9340  12.52269777
  0.9350  12.43178721
  0.9360  12.33689479
  0.9370  12.23807787
  0.9380  12.13539620
  0.9390  12.02891183
  0.9400  11.91868913
  0.9410  11.80479466
  0.9420  11.68729717
  0.9430  11.56626756
  0.9440  11.44177875
  0.9450  11.31390572
  0.9460  11.18272539
  0.9470  11.04831658
  0.9480  10.91075997
  0.9490  10.77013800
  0.9500  10.62653486
  0.9510  10.48003639
  0.9520  10.33073005
  0.9530  10.17870482
  0.9540  10.02405118
  0.9550  9.86686101
  0.9560  9.70722757
  0.9570  9.54524538
  0.9580  9.38101021
  0.9590  9.21461897
  0.9600  9.04616970
  0.9610  8.87576145
  0.9620  8.70349424
  0.9630  8.52946901
  0.9640  8.35378752
  0.9650  8.17655232
  0.9660  7.99786668
  0.9670  7.81783451
  0.9680  7.63656029
  0.9690  7.45414905
  0.9700  7.27070628
  0.9710  7.08633785
  0.9720  6.90114999
  0.9730  6.71524920
  0.9740  6.52874222
  0.9750  6.34173593
  0.9760  6.15433735
  0.9770  5.96665355
  0.9780  5.77879161
  0.9790  5.59085859
  0.9800  5.40296145
  0.9810  5.21520705
  0.9820  5.02770210
  0.9830  4.84055313
  0.9840  4.65386648
  0.9850  4.46774831
  0.9860  4.28230456
  0.9870  4.09764102
  0.9880  3.91386336
  0.9890  3.73107716
  0.9900  3.54938812
  0.9910  3.36890209
  0.9920  3.18972541
  0.9930  3.01196513
  0.9940  2.83572951
  0.9950  2.66112858
  0.9960  2.48827500
  0.9970  2.31728531
  0.9980  2.14828160
  0.9990  1.98139410
