  0.0000  66.15915779
  0.0010  66.12986164
  0.0020  66.04198560
  0.0030  65.89556686
  0.0040  65.69066740
  0.0050  65.42737395
  0.0060  65.10579795
  0.0070  64.72607552
  0.0080  64.28836736
  0.0090  63.79285871
  0.0100  63.23975925
  0.0110  62.62930301
  0.0120  61.96174828
  0.0130  61.23737746
  0.0140  60.45649695
  0.0150  59.61943704
  0.0160  58.72655171
  0.0170  57.77821849
  0.0180  56.77483833
  0.0190  55.71683534
  0.0200  54.60465668
  0.0210  53.43877230
  0.0220  52.21967475
  0.0230  50.94787898
  0.0240  49.62392207
  0.0250  48.24836301
  0.0260  46.82178245
  0.0270  45.34478242
  0.0280  43.81798610
  0.0290  42.24203749
  0.0300  40.61760116
  0.0310  38.94536193
  0.0320  37.22602458
  0.0330  35.46031353
  0.0340  33.64897251
  0.0350  31.79276424
  0.0360  29.89247007
  0.0370  27.94888968
  0.0380  25.96284068
  0.0390  23.93515829
  0.0400  21.86669499
  0.0410  19.75832015
  0.0420  17.61091972
  0.0430  15.42539597
  0.0440  13.20266730
  0.0450  10.94366847
  0.0460  8.64935163
  0.0470  6.32069092
  0.0480  3.95870507
  0.0490  1.56469396
  0.0500  0.86354360
  0.0510  3.31873309
  0.0520  5.80422431
  0.0530  8.31813596
  0.0540  10.85934959
  0.0550  13.42678718
  0.0560  16.01937127
  0.0570  18.63601805
  0.0580  21.27563573
  0.0590  23.93712425
  0.0600  26.61937547
  0.0610  29.32127353
  0.0620  32.04169519
  0.0630  34.77951036
  0.0640  37.53358253
  0.0650  40.30276925
  0.0660  43.08592266
  0.0670  45.88188992
  0.0680  48.68951376
  0.0690  51.50763298
  0.0700  54.33508292
  0.0710  57.17069601
  0.0720  60.01330221
  0.0730  62.86172960
  0.0740  65.71480481
  0.0750  68.57135360
  0.0760  71.43020130
  0.0770  74.29017334
  0.0780  77.15009578
  0.0790  80.00879579
  0.0800  82.86510214
  0.0810  85.71784576
  0.0820  88.56586016
  0.0830  91.40798198
  0.0840  94.24305148
  0.0850  97.06991304
  0.0860  99.88741561
  0.0870  102.69441326
  0.0880  105.48976559
  0.0890  108.27233831
  0.0900  111.04100361
  0.0910  113.79464071
  0.0920  116.53213631
  0.0930  119.25238506
  0.0940  121.95428998
  0.0950  124.63676300
  0.0960  127.29872533
  0.0970  129.93910797
  0.0980  132.55685209
  0.0990  135.15090953
  0.1000  137.72024319
  0.1010  140.26382749
  0.1020  142.78064874
  0.1030  145.26970560
  0.1040  147.73000946
  0.1050  150.16058485
  0.1060  152.56046983
  0.1070  154.92871641
  0.1080  157.26439085
  0.1090  159.56657412
  0.1100  161.83436222
  0.1110  164.06686655
  0.1120  166.26321424
  0.1130  168.42254854
  0.1140  170.54402909
  0.1150  172.62683231
  0.1160  174.67015168
  0.1170  176.67319805
  0.1180  178.63519996
  0.1190  180.55540393
  0.1200  182.43307473
  0.1210  184.26749568
  0.1220  186.05796887
  0.1230  187.80381548
  0.1240  189.50437599
  0.1250  191.15901043
  0.1260  192.76709859
  0.1270  194.32804027
  0.1280  195.84125549
  0.1290  197.30618467
  0.1300  198.72228883
  0.1310  200.08904979
  0.1320  201.40597032
  0.1330  202.67257432
  0.1340  203.88840695
  0.1350  205.05303481
  0.1360  206.16604605
  0.1370  207.22705048
  0.1380  208.23567971
  0.1390  209.19158726
  0.1400  210.09444862
  0.1410  210.94396135
  0.1420  211.73984518
  0.1430  212.48184202
  0.1440  213.16971605
  0.1450  213.80325378
  0.1460  214.38226403
  0.1470  214.90657801
  0.1480  215.37604928
  0.1490  215.79055380
  0.1500  216.14998991
  0.1510  216.45427830
  0.1520  216.70336199
  0.1530  216.89720629
  0.1540  217.03579879
  0.1550  217.11914925
  0.1560  217.14728956
  0.1570  217.12027369
  0.1580  217.03817756
  0.1590  216.90109898
  0.1600  216.70915752
  0.1610  216.46249444
  0.1620  216.16127251
  0.1630  215.80567594
  0.1640  215.39591018
  0.1650  214.93220183
  0.1660  214.41479844
  0.1670  213.84396836
  0.1680  213.22000056
  0.1690  212.54320445
  0.1700  211.81390969
  0.1710  211.03246598
  0.1720  210.19924286
  0.1730  209.31462949
  0.1740  208.37903442
  0.1750  207.39288537
  0.1760  206.35662899
  0.1770  205.27073059
  0.1780  204.13567390
  0.1790  202.95196081
  0.1800  201.72011110
  0.1810  200.44066215
  0.1820  199.11416869
  0.1830  197.74120245
  0.1840  196.32235194
  0.1850  194.85822207
  0.1860  193.34943390
  0.1870  191.79662430
  0.1880  190.20044561
  0.1890  188.56156536
  0.1900  186.88066590
  0.1910  185.15844408
  0.1920  183.39561087
  0.1930  181.59289108
  0.1940  179.75102296
  0.1950  177.87075784
  0.1960  175.95285979
  0.1970  173.99810523
  0.1980  172.00728259
  0.1990  169.98119191
  0.2000  167.92064447
  0.2010  165.82646241
  0.2020  163.69947836
  0.2030  161.54053501
  0.2040  159.35048475
  0.2050  157.13018929
  0.2060  154.88051923
  0.2070  152.60235367
  0.2080  150.29657984
  0.2090  147.96409264
  0.2100  145.60579428
  0.2110  143.22259387
  0.2120  140.81540698
  0.2130  138.38515528
  0.2140  135.93276608
  0.2150  133.45917195
  0.2160  130.96531029
  0.2170  128.45212295
  0.2180  125.92055576
  0.2190  123.37155818
  0.2200  120.80608284
  0.2210  118.22508516
  0.2220  115.62952292
  0.2230  113.02035584
  0.2240  110.39854519
  0.2250  107.76505339
  0.2260  105.12084356
  0.2270  102.46687914
  0.2280  99.80412349
  0.2290  97.13353949
  0.2300  94.45608910
  0.2310  91.77273300
  0.2320  89.08443018
  0.2330  86.39213755
  0.2340  83.69680954
  0.2350  80.99939771
  0.2360  78.30085037
  0.2370  75.60211218
  0.2380  72.90412381
  0.2390  70.20782153
  0.2400  67.51413682
  0.2410  64.82399607
  0.2420  62.13832013
  0.2430  59.45802402
  0.2440  56.78401653
  0.2450  54.11719989
  0.2460  51.45846942
  0.2470  48.80871320
  0.2480  46.16881171
  0.2490  43.53963752
  0.2500  40.92205496
  0.2510  38.31691984
  0.2520  35.72507912
  0.2530  33.14737060
  0.2540  30.58462272
  0.2550  28.03765427
  0.2560  25.50727417
  0.2570  22.99428141
  0.2580  20.49946494
  0.2590  18.02360393
  0.2600  15.56746836
  0.2610  13.13182069
  0.2620  10.71741990
  0.2630  8.32503304
  0.2640  5.95547414
  0.2650  3.60979424
  0.2660  1.29150640
  0.2670  1.02145151
  0.2680  3.28808772
  0.2690  5.53345276
  0.2700  7.75275659
  0.2710  9.94495889
  0.2720  12.10933899
  0.2730  14.24525895
  0.2740  16.35211768
  0.2750  18.42933783
  0.2760  20.47636109
  0.2770  22.49264627
  0.2780  24.47766851
  0.2790  26.43091885
  0.2800  28.35190412
  0.2810  30.24014691
  0.2820  32.09518557
  0.2830  33.91657425
  0.2840  35.70388299
  0.2850  37.45669777
  0.2860  39.17462058
  0.2870  40.85726950
  0.2880  42.50427875
  0.2890  44.11529876
  0.2900  45.68999620
  0.2910  47.22805409
  0.2920  48.72917175
  0.2930  50.19306491
  0.2940  51.61946571
  0.2950  53.00812272
  0.2960  54.35880094
  0.2970  55.67128183
  0.2980  56.94536332
  0.2990  58.18085975
  0.3000  59.37760191
  0.3010  60.53543697
  0.3020  61.65422849
  0.3030  62.73385639
  0.3040  63.77421685
  0.3050  64.77522230
  0.3060  65.73680139
  0.3070  66.65889886
  0.3080  67.54147551
  0.3090  68.38450813
  0.3100  69.18798939
  0.3110  69.95192775
  0.3120  70.67634741
  0.3130  71.36128812
  0.3140  72.00680516
  0.3150  72.61296916
  0.3160  73.17986601
  0.3170  73.70759672
  0.3180  74.19627728
  0.3190  74.64603855
  0.3200  75.05702606
  0.3210  75.42939991
  0.3220  75.76333458
  0.3230  76.05901878
  0.3240  76.31665529
  0.3250  76.53646076
  0.3260  76.71866555
  0.3270  76.86351355
  0.3280  76.97126197
  0.3290  77.04218118
  0.3300  77.07655448
  0.3310  77.07467790
  0.3320  77.03686000
  0.3330  76.96342169
  0.3340  76.85469593
  0.3350  76.71102761
  0.3360  76.53277326
  0.3370  76.32030081
  0.3380  76.07398944
  0.3390  75.79422926
  0.3400  75.48142109
  0.3410  75.13597628
  0.3420  74.75831636
  0.3430  74.34887287
  0.3440  73.90808710
  0.3450  73.43640979
  0.3460  72.93430093
  0.3470  72.40222946
  0.3480  71.84067302
  0.3490  71.25011770
  0.3500  70.63105775
  0.3510  69.98399533
  0.3520  69.30944022
  0.3530  68.60790959
  0.3540  67.87992766
  0.3550  67.12602549
  0.3560  66.34674067
  0.3570  65.54261705
  0.3580  64.71420446
  0.3590  63.86205843
  0.3600  62.98673991
  0.3610  62.08881500
  0.3620  61.16885465
  0.3630  60.22743441
  0.3640  59.26513409
  0.3650  58.28253756
  0.3660  57.28023239
  0.3670  56.25880962
  0.3680  55.21886346
  0.3690  54.16099101
  0.3700  53.08579199
  0.3710  51.99386844
  0.3720  50.88582446
  0.3730  49.76226594
  0.3740  48.62380024
  0.3750  47.47103598
  0.3760  46.30458272
  0.3770  45.12505071
  0.3780  43.93305059
  0.3790  42.72919316
  0.3800  41.51408910
  0.3810  40.28834870
  0.3820  39.05258159
  0.3830  37.80739651
  0.3840  36.55340102
  0.3850  35.29120127
  0.3860  34.02140174
  0.3870  32.74460499
  0.3880  31.46141142
  0.3890  30.17241902
  0.3900  28.87822318
  0.3910  27.57941638
  0.3920  26.27658805
  0.3930  24.97032428
  0.3940  23.66120768
  0.3950  22.34981714
  0.3960  21.03672766
  0.3970  19.72251019
  0.3980  18.40773152
  0.3990  17.09295415
  0.4000  15.77873632
  0.4010  14.46563205
  0.4020  13.15419140
  0.4030  11.84496105
  0.4040  10.53848539
  0.4050  9.23530873
  0.4060  7.93597983
  0.4070  6.64106186
  0.4080  5.35115686
  0.4090  4.06697643
  0.4100  2.78960545
  0.4110  1.52207816
  0.4120  0.31152619
  0.4130  1.03467693
  0.4140  2.27606656
  0.4150  3.51649972
  0.4160  4.74987083
  0.4170  5.97477127
  0.4180  7.19046389
  0.4190  8.39639653
  0.4200  9.59208898
  0.4210  10.77709694
  0.4220  11.95099809
  0.4230  13.11338595
  0.4240  14.26386687
  0.4250  15.40205855
  0.4260  16.52758914
  0.4270  17.64009685
  0.4280  18.73922962
  0.4290  19.82464504
  0.4300  20.89601022
  0.4310  21.95300182
  0.4320  22.99530597
  0.4330  24.02261837
  0.4340  25.03464423
  0.4350  26.03109831
  0.4360  27.01170498
  0.4370  27.97619821
  0.4380  28.92432160
  0.4390  29.85582840
  0.4400  30.77048154
  0.4410  31.66805362
  0.4420  32.54832695
  0.4430  33.41109353
  0.4440  34.25615507
  0.4450  35.08332298
  0.4460  35.89241837
  0.4470  36.68327204
  0.4480  37.45572447
  0.4490  38.20962578
  0.4500  38.94483575
  0.4510  39.66122374
  0.4520  40.35866871
  0.4530  41.03705916
  0.4540  41.69629308
  0.4550  42.33627793
  0.4560  42.95693060
  0.4570  43.55817730
  0.4580  44.13995361
  0.4590  44.70220429
  0.4600  45.24488335
  0.4610  45.76795388
  0.4620  46.27138803
  0.4630  46.75516694
  0.4640  47.21928062
  0.4650  47.66372793
  0.4660  48.08851645
  0.4670  48.49366239
  0.4680  48.87919055
  0.4690  49.24513416
  0.4700  49.59153483
  0.4710  49.91844243
  0.4720  50.22591498
  0.4730  50.51401857
  0.4740  50.78282722
  0.4750  51.03242280
  0.4760  51.26289488
  0.4770  51.47434063
  0.4780  51.66686471
  0.4790  51.84057914
  0.4800  51.99560317
  0.4810  52.13206315
  0.4820  52.25009241
  0.4830  52.34983114
  0.4840  52.43142623
  0.4850  52.49503116
  0.4860  52.54080583
  0.4870  52.56891647
  0.4880  52.57953545
  0.4890  52.57284117
  0.4900  52.54901790
  0.4910  52.50825567
  0.4920  52.45075005
  0.4930  52.37670208
  0.4940  52.28631808
  0.4950  52.17980951
  0.4960  52.05739282
  0.4970  51.91928929
  0.4980  51.76572488
  0.4990  51.59693011
  0.5000  51.41313985
  0.5010  51.21459319
  0.5020  51.00153330
  0.5030  50.77420727
  0.5040  50.53286592
  0.5050  50.27776370
  0.5060  50.00915847
  0.5070  49.72731140
  0.5080  49.43248680
  0.5090  49.12495194
  0.5100  48.80497690
  0.5110  48.47283443
  0.5120  48.12879981
  0.5130  47.77315064
  0.5140  47.40616673
  0.5150  47.02812994
  0.5160  46.63932401
  0.5170  46.24003441
  0.5180  45.83054821
  0.5190  45.41115391
  0.5200  44.98214128
  0.5210  44.54380123
  0.5220  44.09642565
  0.5230  43.64030727
  0.5240  43.17573950
  0.5250  42.70301631
  0.5260  42.22243205
  0.5270  41.73428134
  0.5280  41.23885892
  0.5290  40.73645949
  0.5300  40.22737759
  0.5310  39.71190746
  0.5320  39.19034293
  0.5330  38.66297721
  0.5340  38.13010286
  0.5350  37.59201157
  0.5360  37.04899408
  0.5370  36.50134006
  0.5380  35.94933795
  0.5390  35.39327485
  0.5400  34.83343642
  0.5410  34.27010674
  0.5420  33.70356817
  0.5430  33.13410131
  0.5440  32.56198481
  0.5450  31.98749529
  0.5460  31.41090723
  0.5470  30.83249287
  0.5480  30.25252210
  0.5490  29.67126236
  0.5500  29.08897852
  0.5510  28.50593282
  0.5520  27.92238475
  0.5530  27.33859097
  0.5540  26.75480519
  0.5550  26.17127814
  0.5560  25.58825742
  0.5570  25.00598747
  0.5580  24.42470945
  0.5590  23.84466118
  0.5600  23.26607707
  0.5610  22.68918804
  0.5620  22.11422146
  0.5630  21.54140104
  0.5640  20.97094682
  0.5650  20.40307510
  0.5660  19.83799832
  0.5670  19.27592508
  0.5680  18.71706003
  0.5690  18.16160386
  0.5700  17.60975322
  0.5710  17.06170066
  0.5720  16.51763463
  0.5730  15.97773941
  0.5740  15.44219508
  0.5750  14.91117745
  0.5760  14.38485809
  0.5770  13.86340424
  0.5780  13.34697881
  0.5790  12.83574036
  0.5800  12.32984306
  0.5810  11.82943667
  0.5820  11.33466654
  0.5830  10.84567358
  0.5840  10.36259428
  0.5850  9.88556067
  0.5860  9.41470032
  0.5870  8.95013640
  0.5880  8.49198761
  0.5890  8.04036825
  0.5900  7.59538825
  0.5910  7.15715316
  0.5920  6.72576427
  0.5930  6.30131860
  0.5940  5.88390906
  0.5950  5.47362457
  0.5960  5.07055020
  0.5970  4.67476750
  0.5980  4.28635482
  0.5990  3.90538790
  0.6000  3.53194075
  0.6010  3.16608707
  0.6020  2.80790256
  0.6030  2.45746912
  0.6040  2.11488262
  0.6050  1.78026880
  0.6060  1.45381894
  0.6070  1.13588171
  0.6080  0.82724991
  0.6090  0.53037365
  0.6100  0.25837186
  0.6110  0.16343567
  0.6120  0.38404177
  0.6130  0.64479721
  0.6140  0.90475266
  0.6150  1.15902749
  0.6160  1.40636606
  0.6170  1.64630932
  0.6180  1.87865613
  0.6190  2.10331090
  0.6200  2.32022889
  0.6210  2.52939337
  0.6220  2.73080475
  0.6230  2.92447502
  0.6240  3.11042469
  0.6250  3.28868095
  0.6260  3.45927654
  0.6270  3.62224905
  0.6280  3.77764037
  0.6290  3.92549637
  0.6300  4.06586662
  0.6310  4.19880417
  0.6320  4.32436541
  0.6330  4.44260990
  0.6340  4.55360028
  0.6350  4.65740214
  0.6360  4.75408393
  0.6370  4.84371686
  0.6380  4.92637482
  0.6390  5.00213430
  0.6400  5.07107430
  0.6410  5.13327626
  0.6420  5.18882396
  0.6430  5.23780349
  0.6440  5.28030311
  0.6450  5.31641326
  0.6460  5.34622638
  0.6470  5.36983693
  0.6480  5.38734128
  0.6490  5.39883760
  0.6500  5.40442587
  0.6510  5.40420771
  0.6520  5.39828640
  0.6530  5.38676673
  0.6540  5.36975498
  0.6550  5.34735882
  0.6560  5.31968724
  0.6570  5.28685050
  0.6580  5.24896003
  0.6590  5.20612837
  0.6600  5.15846912
  0.6610  5.10609683
  0.6620  5.04912695
  0.6630  4.98767576
  0.6640  4.92186031
  0.6650  4.85179833
  0.6660  4.77760818
  0.6670  4.69940876
  0.6680  4.61731947
  0.6690  4.53146012
  0.6700  4.44195088
  0.6710  4.34891219
  0.6720  4.25246475
  0.6730  4.15272936
  0.6740  4.04982696
  0.6750  3.94387849
  0.6760  3.83500489
  0.6770  3.72332697
  0.6780  3.60896540
  0.6790  3.49204064
  0.6800  3.37267289
  0.6810  3.25098199
  0.6820  3.12708742
  0.6830  3.00110822
  0.6840  2.87316292
  0.6850  2.74336953
  0.6860  2.61184545
  0.6870  2.47870748
  0.6880  2.34407171
  0.6890  2.20805354
  0.6900  2.07076765
  0.6910  1.93232795
  0.6920  1.79284764
  0.6930  1.65243919
  0.6940  1.51121449
  0.6950  1.36928494
  0.6960  1.22676183
  0.6970  1.08375694
  0.6980  0.94038373
  0.6990  0.79675992
  0.7000  0.65301351
  0.7010  0.50929901
  0.7020  0.36585187
  0.7030  0.22325128
  0.7040  0.08532236
  0.7050  0.07723801
  0.7060  0.21352047
  0.7070  0.35460075
  0.7080  0.49588338
  0.7090  0.63674896
  0.7100  0.77696465
  0.7110  0.91638822
  0.7120  1.05490873
  0.7130  1.19242910
  0.7140  1.32885973
  0.7150  1.46411578
  0.7160  1.59811589
  0.7170  1.73078152
  0.7180  1.86203655
  0.7190  1.99180716
  0.7200  2.12002164
  0.7210  2.24661033
  0.7220  2.37150562
  0.7230  2.49464189
  0.7240  2.61595549
  0.7250  2.73538475
  0.7260  2.85286999
  0.7270  2.96835350
  0.7280  3.08177952
  0.7290  3.19309428
  0.7300  3.30224599
  0.7310  3.40918484
  0.7320  3.51386297
  0.7330  3.61623454
  0.7340  3.71625565
  0.7350  3.81388441
  0.7360  3.90908087
  0.7370  4.00180708
  0.7380  4.09202705
  0.7390  4.17970675
  0.7400  4.26481411
  0.7410  4.34731902
  0.7420  4.42719331
  0.7430  4.50441073
  0.7440  4.57894699
  0.7450  4.65077969
  0.7460  4.71988835
  0.7470  4.78625438
  0.7480  4.84986107
  0.7490  4.91069358
  0.7500  4.96873893
  0.7510  5.02398598
  0.7520  5.07642538
  0.7530  5.12604963
  0.7540  5.17285300
  0.7550  5.21683151
  0.7560  5.25798297
  0.7570  5.29630687
  0.7580  5.33180446
  0.7590  5.36447865
  0.7600  5.39433401
  0.7610  5.42137676
  0.7620  5.44561476
  0.7630  5.46705744
  0.7640  5.48571580
  0.7650  5.50160241
  0.7660  5.51473134
  0.7670  5.52511815
  0.7680  5.53277989
  0.7690  5.53773502
  0.7700  5.54000345
  0.7710  5.53960643
  0.7720  5.53656659
  0.7730  5.53090790
  0.7740  5.52265558
  0.7750  5.51183617
  0.7760  5.49847740
  0.7770  5.48260824
  0.7780  5.46425882
  0.7790  5.44346041
  0.7800  5.42024539
  0.7810  5.39464725
  0.7820  5.36670049
  0.7830  5.33644064
  0.7840  5.30390423
  0.7850  5.26912871
  0.7860  5.23215249
  0.7870  5.19301483
  0.7880  5.15175585
  0.7890  5.10841652
  0.7900  5.06303856
  0.7910  5.01566447
  0.7920  4.96633745
  0.7930  4.91510141
  0.7940  4.86200091
  0.7950  4.80708112
  0.7960  4.75038781
  0.7970  4.69196731
  0.7980  4.63186648
  0.7990  4.57013264
  0.8000  4.50681361
  0.8010  4.44195761
  0.8020  4.37561325
  0.8030  4.30782953
  0.8040  4.23865577
  0.8050  4.16814156
  0.8060  4.09633680
  0.8070  4.02329160
  0.8080  3.94905629
  0.8090  3.87368136
  0.8100  3.79721745
  0.8110  3.71971533
  0.8120  3.64122584
  0.8130  3.56179987
  0.8140  3.48148835
  0.8150  3.40034220
  0.8160  3.31841232
  0.8170  3.23574954
  0.8180  3.15240460
  0.8190  3.06842816
  0.8200  2.98387069
  0.8210  2.89878255
  0.8220  2.81321386
  0.8230  2.72721456
  0.8240  2.64083433
  0.8250  2.55412259
  0.8260  2.46712848
  0.8270  2.37990082
  0.8280  2.29248809
  0.8290  2.20493844
  0.8300  2.11729962
  0.8310  2.02961900
  0.8320  1.94194353
  0.8330  1.85431972
  0.8340  1.76679365
  0.8350  1.67941093
  0.8360  1.59221667
  0.8370  1.50525554
  0.8380  1.41857167
  0.8390  1.33220874
  0.8400  1.24620990
  0.8410  1.16061786
  0.8420  1.07547486
  0.8430  0.99082275
  0.8440  0.90670308
  0.8450  0.82315722
  0.8460  0.74022667
  0.8470  0.65795342
  0.8480  0.57638082
  0.8490  0.49555515
  0.8500  0.41552901
  0.8510  0.33636928
  0.8520  0.25817936
  0.8530  0.18117672
  0.8540  0.10609618
  0.8550  0.03926632
  0.8560  0.05707744
  0.8570  0.12636246
  0.8580  0.19804457
  0.8590  0.26937013
  0.8600  0.33987259
  0.8610  0.40939274
  0.8620  0.47785080
  0.8630  0.54519537
  0.8640  0.61138763
  0.8650  0.67639527
  0.8660  0.74018984
  0.8670  0.80274546
  0.8680  0.86403813
  0.8690  0.92404539
  0.8700  0.98274603
  0.8710  1.04012001
  0.8720  1.09614836
  0.8730  1.15081309
  0.8740  1.20409719
  0.8750  1.25598458
  0.8760  1.30646008
  0.8770  1.35550943
  0.8780  1.40311925
  0.8790  1.44927703
  0.8800  1.49397114
  0.8810  1.53719079
  0.8820  1.57892608
  0.8830  1.61916792
  0.8840  1.65790809
  0.8850  1.69513921
  0.8860  1.73085470
  0.8870  1.76504884
  0.8880  1.79771671
  0.8890  1.82885421
  0.8900  1.85845805
  0.8910  1.88652572
  0.8920  1.91305552
  0.8930  1.93804655
  0.8940  1.96149866
  0.8950  1.98341248
  0.8960  2.00378942
  0.8970  2.02263163
  0.8980  2.03994201
  0.8990  2.05572420
  0.9000  2.06998257
  0.9010  2.08272220
  0.9020  2.09394892
  0.9030  2.10366921
  0.9040  2.11189028
  0.9050  2.11862001
  0.9060  2.12386696
  0.9070  2.12764035
  0.9080  2.12995004
  0.9090  2.13080655
  0.9100  2.13022103
  0.9110  2.12820524
  0.9120  2.12477155
  0.9130  2.11993295
  0.9140  2.11370298
  0.9150  2.10609577
  0.9160  2.09712604
  0.9170  2.08680902
  0.9180  2.07516051
  0.9190  2.06219682
  0.9200  2.04793478
  0.9210  2.03239172
  0.9220  2.01558546
  0.9230  1.99753431
  0.9240  1.97825703
  0.9250  1.95777284
  0.9260  1.93610140
  0.9270  1.91326278
  0.9280  1.88927748
  0.9290  1.86416640
  0.9300  1.83795083
  0.9310  1.81065241
  0.9320  1.78229317
  0.9330  1.75289547
  0.9340  1.72248201
  0.9350  1.69107580
  0.9360  1.65870018
  0.9370  1.62537876
  0.9380  1.59113545
  0.9390  1.55599440
  0.9400  1.51998004
  0.9410  1.48311702
  0.9420  1.44543024
  0.9430  1.40694480
  0.9440  1.36768598
  0.9450  1.32767927
  0.9460  1.28695034
  0.9470  1.24552500
  0.9480  1.20342921
  0.9490  1.16068906
  0.9500  1.11733079
  0.9510  1.07338072
  0.9520  1.02886525
  0.9530  0.98381091
  0.9540  0.93824427
  0.9550  0.89219195
  0.9560  0.84568064
  0.9570  0.79873707
  0.9580  0.75138799
  0.9590  0.70366016
  0.9600  0.65558038
  0.9610  0.60717545
  0.9620  0.55847220
  0.9630  0.50949750
  0.9640  0.46027828
  0.9650  0.41084162
  0.9660  0.36121487
  0.9670  0.31142595
  0.9680  0.26150394
  0.9690  0.21148060
  0.9700  0.16139470
  0.9710  0.11130811
  0.9720  0.06140055
  0.9730  0.01420594
  0.9740  0.04106820
  0.9750  0.09064236
  0.9760  0.14061212
  0.9770  0.19059263
  0.9780  0.24049826
  0.9790  0.29028575
  0.9800  0.33992328
  0.9810  0.38938331
  0.9820  0.43864029
  0.9830  0.48766979
  0.9840  0.53644811
  0.9850  0.58495211
  0.9860  0.63315910
  0.9870  0.68104680
  0.9880  0.72859331
  0.9890  0.77577708
  0.9900  0.82257695
  0.9910  0.86897209
  0.9920  0.91494207
  0.9930  0.96046679
  0.9940  1.00552652
  0.9950  1.05010195
  0.9960  1.09417408
  0.9970  1.13772436
  0.9980  1.18073460
  0.9990  1.22318700
