  0.0000  34.83146921
  0.0010  34.80747596
  0.0020  34.73550479
  0.0030  34.61558141
  0.0040  34.44774865
  0.0050  34.23206647
  0.0060  33.96861192
  0.0070  33.65747913
  0.0080  33.29877926
  0.0090  32.89264048
  0.0100  32.43920792
  0.0110  31.93864363
  0.0120  31.39112652
  0.0130  30.79685232
  0.0140  30.15603352
  0.0150  29.46889928
  0.0160  28.73569540
  0.0170  27.95668424
  0.0180  27.13214465
  0.0190  26.26237192
  0.0200  25.34767770
  0.0210  24.38838999
  0.0220  23.38485306
  0.0230  22.33742749
  0.0240  21.24649019
  0.0250  20.11243447
  0.0260  18.93567031
  0.0270  17.71662467
  0.0280  16.45574217
  0.0290  15.15348616
  0.0300  13.81034074
  0.0310  12.42681427
  0.0320  11.00344612
  0.0330  9.54082028
  0.0340  8.03959569
  0.0350  6.50058237
  0.0360  4.92497086
  0.0370  3.31525298
  0.0380  1.68165498
  0.0390  0.36162701
  0.0400  1.80651437
  0.0410  3.54817450
  0.0420  5.33581718
  0.0430  7.16014566
  0.0440  9.01870580
  0.0450  10.91022440
  0.0460  12.83376277
  0.0470  14.78850179
  0.0480  16.77366971
  0.0490  18.78851331
  0.0500  20.83228481
  0.0510  22.90423551
  0.0520  25.00361243
  0.0530  27.12965649
  0.0540  29.28160160
  0.0550  31.45867408
  0.0560  33.66009252
  0.0570  35.88506764
  0.0580  38.13280239
  0.0590  40.40249206
  0.0600  42.69332446
  0.0610  45.00448010
  0.0620  47.33513246
  0.0630  49.68444820
  0.0640  52.05158745
  0.0650  54.43570407
  0.0660  56.83594593
  0.0670  59.25145521
  0.0680  61.68136867
  0.0690  64.12481797
  0.0700  66.58092996
  0.0710  69.04882700
  0.0720  71.52762725
  0.0730  74.01644498
  0.0740  76.51439090
  0.0750  79.02057246
  0.0760  81.53409417
  0.0770  84.05405793
  0.0780  86.57956332
  0.0790  89.10970796
  0.0800  91.64358780
  0.0810  94.18029743
  0.0820  96.71893047
  0.0830  99.25857981
  0.0840  101.79833799
  0.0850  104.33729749
  0.0860  106.87455108
  0.0870  109.40919214
  0.0880  111.94031494
  0.0890  114.46701504
  0.0900  116.98838956
  0.0910  119.50353749
  0.0920  122.01156005
  0.0930  124.51156102
  0.0940  127.00264699
  0.0950  129.48392775
  0.0960  131.95451658
  0.0970  134.41353055
  0.0980  136.86009087
  0.0990  139.29332316
  0.1000  141.71235782
  0.1010  144.11633026
  0.1020  146.50438129
  0.1030  148.87565735
  0.1040  151.22931088
  0.1050  153.56450057
  0.1060  155.88039169
  0.1070  158.17615636
  0.1080  160.45097387
  0.1090  162.70403096
  0.1100  164.93452209
  0.1110  167.14164975
  0.1120  169.32462472
  0.1130  171.48266638
  0.1140  173.61500293
  0.1150  175.72087173
  0.1160  177.79951952
  0.1170  179.85020269
  0.1180  181.87218755
  0.1190  183.86475059
  0.1200  185.82717873
  0.1210  187.75876956
  0.1220  189.65883159
  0.1230  191.52668450
  0.1240  193.36165936
  0.1250  195.16309887
  0.1260  196.93035758
  0.1270  198.66280215
  0.1280  200.35981149
  0.1290  202.02077706
  0.1300  203.64510302
  0.1310  205.23220646
  0.1320  206.78151758
  0.1330  208.29247991
  0.1340  209.76455047
  0.1350  211.19719997
  0.1360  212.58991300
  0.1370  213.94218816
  0.1380  215.25353827
  0.1390  216.52349051
  0.1400  217.75158659
  0.1410  218.93738289
  0.1420  220.08045060
  0.1430  221.18037587
  0.1440  222.23675995
  0.1450  223.24921930
  0.1460  224.21738571
  0.1470  225.14090646
  0.1480  226.01944435
  0.1490  226.85267790
  0.1500  227.64030136
  0.1510  228.38202486
  0.1520  229.07757448
  0.1530  229.72669232
  0.1540  230.32913659
  0.1550  230.88468167
  0.1560  231.39311817
  0.1570  231.85425297
  0.1580  232.26790932
  0.1590  232.63392683
  0.1600  232.95216153
  0.1610  233.22248591
  0.1620  233.44478892
  0.1630  233.61897601
  0.1640  233.74496913
  0.1650  233.82270674
  0.1660  233.85214382
  0.1670  233.83325186
  0.1680  233.76601880
  0.1690  233.65044912
  0.1700  233.48656369
  0.1710  233.27439983
  0.1720  233.01401124
  0.1730  232.70546795
  0.1740  232.34885628
  0.1750  231.94427879
  0.1760  231.49185422
  0.1770  230.99171739
  0.1780  230.44401918
  0.1790  229.84892643
  0.1800  229.20662183
  0.1810  228.51730385
  0.1820  227.78118668
  0.1830  226.99850004
  0.1840  226.16948918
  0.1850  225.29441466
  0.1860  224.37355233
  0.1870  223.40719313
  0.1880  222.39564301
  0.1890  221.33922275
  0.1900  220.23826789
  0.1910  219.09312849
  0.1920  217.90416907
  0.1930  216.67176839
  0.1940  215.39631933
  0.1950  214.07822870
  0.1960  212.71791708
  0.1970  211.31581865
  0.1980  209.87238100
  0.1990  208.38806495
  0.2000  206.86334436
  0.2010  205.29870592
  0.2020  203.69464901
  0.2030  202.05168541
  0.2040  200.37033917
  0.2050  198.65114636
  0.2060  196.89465488
  0.2070  195.10142420
  0.2080  193.27202519
  0.2090  191.40703985
  0.2100  189.50706112
  0.2110  187.57269260
  0.2120  185.60454836
  0.2130  183.60325268
  0.2140  181.56943980
  0.2150  179.50375367
  0.2160  177.40684773
  0.2170  175.27938462
  0.2180  173.12203596
  0.2190  170.93548207
  0.2200  168.72041170
  0.2210  166.47752181
  0.2220  164.20751724
  0.2230  161.91111052
  0.2240  159.58902153
  0.2250  157.24197727
  0.2260  154.87071155
  0.2270  152.47596478
  0.2280  150.05848361
  0.2290  147.61902072
  0.2300  145.15833448
  0.2310  142.67718872
  0.2320  140.17635243
  0.2330  137.65659946
  0.2340  135.11870823
  0.2350  132.56346148
  0.2360  129.99164597
  0.2370  127.40405216
  0.2380  124.80147396
  0.2390  122.18470842
  0.2400  119.55455544
  0.2410  116.91181752
  0.2420  114.25729940
  0.2430  111.59180783
  0.2440  108.91615126
  0.2450  106.23113955
  0.2460  103.53758368
  0.2470  100.83629547
  0.2480  98.12808728
  0.2490  95.41377175
  0.2500  92.69416149
  0.2510  89.97006880
  0.2520  87.24230541
  0.2530  84.51168217
  0.2540  81.77900879
  0.2550  79.04509358
  0.2560  76.31074314
  0.2570  73.57676212
  0.2580  70.84395296
  0.2590  68.11311562
  0.2600  65.38504730
  0.2610  62.66054227
  0.2620  59.94039156
  0.2630  57.22538276
  0.2640  54.51629983
  0.2650  51.81392289
  0.2660  49.11902806
  0.2670  46.43238734
  0.2680  43.75476852
  0.2690  41.08693519
  0.2700  38.42964681
  0.2710  35.78365896
  0.2720  33.14972379
  0.2730  30.52859089
  0.2740  27.92100864
  0.2750  25.32772660
  0.2760  22.74949961
  0.2770  20.18709506
  0.2780  17.64130653
  0.2790  15.11298085
  0.2800  12.60307715
  0.2810  10.11281145
  0.2820  7.64407703
  0.2830  5.20103355
  0.2840  2.79983103
  0.2850  0.70721811
  0.2860  2.17430884
  0.2870  4.49507658
  0.2880  6.82714672
  0.2890  9.14371303
  0.2900  11.43931057
  0.2910  13.71178846
  0.2920  15.95991553
  0.2930  18.18280428
  0.2940  20.37972357
  0.2950  22.55002502
  0.2960  24.69311009
  0.2970  26.80841384
  0.2980  28.89539630
  0.2990  30.95353767
  0.3000  32.98233549
  0.3010  34.98130289
  0.3020  36.94996758
  0.3030  38.88787116
  0.3040  40.79456869
  0.3050  42.66962845
  0.3060  44.51263178
  0.3070  46.32317296
  0.3080  48.10085920
  0.3090  49.84531062
  0.3100  51.55616026
  0.3110  53.23305408
  0.3120  54.87565103
  0.3130  56.48362304
  0.3140  58.05665512
  0.3150  59.59444533
  0.3160  61.09670490
  0.3170  62.56315818
  0.3180  63.99354277
  0.3190  65.38760947
  0.3200  66.74512238
  0.3210  68.06585888
  0.3220  69.34960967
  0.3230  70.59617881
  0.3240  71.80538368
  0.3250  72.97705506
  0.3260  74.11103709
  0.3270  75.20718728
  0.3280  76.26537652
  0.3290  77.28548905
  0.3300  78.26742248
  0.3310  79.21108774
  0.3320  80.11640908
  0.3330  80.98332403
  0.3340  81.81178338
  0.3350  82.60175115
  0.3360  83.35320450
  0.3370  84.06613377
  0.3380  84.74054234
  0.3390  85.37644666
  0.3400  85.97387610
  0.3410  86.53287296
  0.3420  87.05349238
  0.3430  87.53580224
  0.3440  87.97988313
  0.3450  88.38582821
  0.3460  88.75374317
  0.3470  89.08374612
  0.3480  89.37596751
  0.3490  89.63054999
  0.3500  89.84764834
  0.3510  90.02742939
  0.3520  90.17007181
  0.3530  90.27576611
  0.3540  90.34471445
  0.3550  90.37713050
  0.3560  90.37323938
  0.3570  90.33327749
  0.3580  90.25749234
  0.3590  90.14614247
  0.3600  89.99949728
  0.3610  89.81783689
  0.3620  89.60145196
  0.3630  89.35064357
  0.3640  89.06572307
  0.3650  88.74701189
  0.3660  88.39484138
  0.3670  88.00955267
  0.3680  87.59149646
  0.3690  87.14103290
  0.3700  86.65853136
  0.3710  86.14437028
  0.3720  85.59893700
  0.3730  85.02262754
  0.3740  84.41584646
  0.3750  83.77900662
  0.3760  83.11252905
  0.3770  82.41684268
  0.3780  81.69238423
  0.3790  80.93959793
  0.3800  80.15893540
  0.3810  79.35085539
  0.3820  78.51582360
  0.3830  77.65431246
  0.3840  76.76680095
  0.3850  75.85377439
  0.3860  74.91572419
  0.3870  73.95314770
  0.3880  72.96654793
  0.3890  71.95643342
  0.3900  70.92331794
  0.3910  69.86772036
  0.3920  68.79016436
  0.3930  67.69117826
  0.3940  66.57129479
  0.3950  65.43105090
  0.3960  64.27098748
  0.3970  63.09164922
  0.3980  61.89358434
  0.3990  60.67734441
  0.4000  59.44348412
  0.4010  58.19256107
  0.4020  56.92513553
  0.4030  55.64177031
  0.4040  54.34303045
  0.4050  53.02948308
  0.4060  51.70169723
  0.4070  50.36024355
  0.4080  49.00569422
  0.4090  47.63862267
  0.4100  46.25960347
  0.4110  44.86921208
  0.4120  43.46802478
  0.4130  42.05661842
  0.4140  40.63557035
  0.4150  39.20545825
  0.4160  37.76686009
  0.4170  36.32035401
  0.4180  34.86651830
  0.4190  33.40593146
  0.4200  31.93917224
  0.4210  30.46681982
  0.4220  28.98945412
  0.4230  27.50765625
  0.4240  26.02200917
  0.4250  24.53309870
  0.4260  23.04151499
  0.4270  21.54785468
  0.4280  20.05272409
  0.4290  18.55674406
  0.4300  17.06055743
  0.4310  15.56484080
  0.4320  14.07032399
  0.4330  12.57782311
  0.4340  11.08830031
  0.4350  9.60297818
  0.4360  8.12357775
  0.4370  6.65286762
  0.4380  5.19612270
  0.4390  3.76585865
  0.4400  2.40265322
  0.4410  1.31647435
  0.4420  1.42032677
  0.4430  2.56405602
  0.4440  3.91762664
  0.4450  5.31749971
  0.4460  6.72989432
  0.4470  8.14388775
  0.4480  9.55475512
  0.4490  10.95998973
  0.4500  12.35803715
  0.4510  13.74780819
  0.4520  15.12846446
  0.4530  16.49931392
  0.4540  17.85975587
  0.4550  19.20925016
  0.4560  20.54729901
  0.4570  21.87343583
  0.4580  23.18721815
  0.4590  24.48822294
  0.4600  25.77604346
  0.4610  27.05028716
  0.4620  28.31057412
  0.4630  29.55653605
  0.4640  30.78781546
  0.4650  32.00406518
  0.4660  33.20494788
  0.4670  34.39013584
  0.4680  35.55931070
  0.4690  36.71216332
  0.4700  37.84839364
  0.4710  38.96771062
  0.4720  40.06983217
  0.4730  41.15448510
  0.4740  42.22140511
  0.4750  43.27033675
  0.4760  44.30103341
  0.4770  45.31325732
  0.4780  46.30677955
  0.4790  47.28137998
  0.4800  48.23684733
  0.4810  49.17297914
  0.4820  50.08958176
  0.4830  50.98647037
  0.4840  51.86346897
  0.4850  52.72041034
  0.4860  53.55713609
  0.4870  54.37349659
  0.4880  55.16935101
  0.4890  55.94456726
  0.4900  56.69902200
  0.4910  57.43260062
  0.4920  58.14519719
  0.4930  58.83671448
  0.4940  59.50706388
  0.4950  60.15616540
  0.4960  60.78394762
  0.4970  61.39034769
  0.4980  61.97531124
  0.4990  62.53879234
  0.5000  63.08075352
  0.5010  63.60116563
  0.5020  64.10000786
  0.5030  64.57726764
  0.5040  65.03294062
  0.5050  65.46703058
  0.5060  65.87954938
  0.5070  66.27051691
  0.5080  66.63996100
  0.5090  66.98791734
  0.5100  67.31442945
  0.5110  67.61954858
  0.5120  67.90333361
  0.5130  68.16585101
  0.5140  68.40717475
  0.5150  68.62738617
  0.5160  68.82657398
  0.5170  69.00483406
  0.5180  69.16226948
  0.5190  69.29899033
  0.5200  69.41511365
  0.5210  69.51076334
  0.5220  69.58607004
  0.5230  69.64117105
  0.5240  69.67621021
  0.5250  69.69133781
  0.5260  69.68671047
  0.5270  69.66249103
  0.5280  69.61884845
  0.5290  69.55595770
  0.5300  69.47399964
  0.5310  69.37316088
  0.5320  69.25363372
  0.5330  69.11561598
  0.5340  68.95931092
  0.5350  68.78492707
  0.5360  68.59267816
  0.5370  68.38278298
  0.5380  68.15546523
  0.5390  67.91095344
  0.5400  67.64948080
  0.5410  67.37128506
  0.5420  67.07660840
  0.5430  66.76569729
  0.5440  66.43880236
  0.5450  66.09617828
  0.5460  65.73808363
  0.5470  65.36478076
  0.5480  64.97653566
  0.5490  64.57361782
  0.5500  64.15630012
  0.5510  63.72485867
  0.5520  63.27957268
  0.5530  62.82072435
  0.5540  62.34859870
  0.5550  61.86348347
  0.5560  61.36566896
  0.5570  60.85544790
  0.5580  60.33311533
  0.5590  59.79896845
  0.5600  59.25330648
  0.5610  58.69643055
  0.5620  58.12864353
  0.5630  57.55024994
  0.5640  56.96155579
  0.5650  56.36286843
  0.5660  55.75449645
  0.5670  55.13674953
  0.5680  54.50993833
  0.5690  53.87437430
  0.5700  53.23036964
  0.5710  52.57823708
  0.5720  51.91828981
  0.5730  51.25084132
  0.5740  50.57620530
  0.5750  49.89469549
  0.5760  49.20662555
  0.5770  48.51230897
  0.5780  47.81205891
  0.5790  47.10618809
  0.5800  46.39500866
  0.5810  45.67883211
  0.5820  44.95796911
  0.5830  44.23272943
  0.5840  43.50342179
  0.5850  42.77035376
  0.5860  42.03383167
  0.5870  41.29416045
  0.5880  40.55164356
  0.5890  39.80658285
  0.5900  39.05927849
  0.5910  38.31002884
  0.5920  37.55913035
  0.5930  36.80687746
  0.5940  36.05356250
  0.5950  35.29947560
  0.5960  34.54490460
  0.5970  33.79013492
  0.5980  33.03544954
  0.5990  32.28112885
  0.6000  31.52745058
  0.6010  30.77468975
  0.6020  30.02311856
  0.6030  29.27300631
  0.6040  28.52461938
  0.6050  27.77822109
  0.6060  27.03407169
  0.6070  26.29242831
  0.6080  25.55354484
  0.6090  24.81767196
  0.6100  24.08505705
  0.6110  23.35594420
  0.6120  22.63057414
  0.6130  21.90918424
  0.6140  21.19200851
  0.6150  20.47927763
  0.6160  19.77121894
  0.6170  19.06805648
  0.6180  18.37001109
  0.6190  17.67730045
  0.6200  16.99013925
  0.6210  16.30873931
  0.6220  15.63330978
  0.6230  14.96405745
  0.6240  14.30118704
  0.6250  13.64490167
  0.6260  12.99540340
  0.6270  12.35289395
  0.6280  11.71757564
  0.6290  11.08965259
  0.6300  10.46933232
  0.6310  9.85682788
  0.6320  9.25236064
  0.6330  8.65616425
  0.6340  8.06848988
  0.6350  7.48961381
  0.6360  6.91984815
  0.6370  6.35955661
  0.6380  5.80917809
  0.6390  5.26926305
  0.6400  4.74053128
  0.6410  4.22396697
  0.6420  3.72098130
  0.6430  3.23370315
  0.6440  2.76552409
  0.6450  2.32216896
  0.6460  1.91386967
  0.6470  1.55967784
  0.6480  1.29419731
  0.6490  1.16772087
  0.6500  1.21340904
  0.6510  1.40552856
  0.6520  1.68746922
  0.6530  2.01578505
  0.6540  2.36607762
  0.6550  2.72545111
  0.6560  3.08688441
  0.6570  3.44634642
  0.6580  3.80139441
  0.6590  4.15047483
  0.6600  4.49255798
  0.6610  4.82693736
  0.6620  5.15311433
  0.6630  5.47072897
  0.6640  5.77951710
  0.6650  6.07928267
  0.6660  6.36987948
  0.6670  6.65119879
  0.6680  6.92316073
  0.6690  7.18570816
  0.6700  7.43880227
  0.6710  7.68241934
  0.6720  7.91654828
  0.6730  8.14118882
  0.6740  8.35635005
  0.6750  8.56204932
  0.6760  8.75831138
  0.6770  8.94516762
  0.6780  9.12265554
  0.6790  9.29081826
  0.6800  9.44970412
  0.6810  9.59936634
  0.6820  9.73986274
  0.6830  9.87125548
  0.6840  9.99361088
  0.6850  10.10699916
  0.6860  10.21149431
  0.6870  10.30717395
  0.6880  10.39411912
  0.6890  10.47241421
  0.6900  10.54214679
  0.6910  10.60340752
  0.6920  10.65629002
  0.6930  10.70089078
  0.6940  10.73730902
  0.6950  10.76564665
  0.6960  10.78600811
  0.6970  10.79850033
  0.6980  10.80323262
  0.6990  10.80031654
  0.7000  10.78986590
  0.7010  10.77199657
  0.7020  10.74682649
  0.7030  10.71447552
  0.7040  10.67506540
  0.7050  10.62871963
  0.7060  10.57556345
  0.7070  10.51572367
  0.7080  10.44932869
  0.7090  10.37650836
  0.7100  10.29739393
  0.7110  10.21211795
  0.7120  10.12081424
  0.7130  10.02361778
  0.7140  9.92066464
  0.7150  9.81209194
  0.7160  9.69803777
  0.7170  9.57864109
  0.7180  9.45404170
  0.7190  9.32438019
  0.7200  9.18979785
  0.7210  9.05043659
  0.7220  8.90643895
  0.7230  8.75794800
  0.7240  8.60510731
  0.7250  8.44806086
  0.7260  8.28695307
  0.7270  8.12192872
  0.7280  7.95313292
  0.7290  7.78071109
  0.7300  7.60480894
  0.7310  7.42557248
  0.7320  7.24314800
  0.7330  7.05768210
  0.7340  6.86932172
  0.7350  6.67821417
  0.7360  6.48450723
  0.7370  6.28834925
  0.7380  6.08988925
  0.7390  5.88927713
  0.7400  5.68666390
  0.7410  5.48220194
  0.7420  5.27604543
  0.7430  5.06835083
  0.7440  4.85927750
  0.7450  4.64898855
  0.7460  4.43765191
  0.7470  4.22544177
  0.7480  4.01254046
  0.7490  3.79914097
  0.7500  3.58545038
  0.7510  3.37169461
  0.7520  3.15812493
  0.7530  2.94502735
  0.7540  2.73273605
  0.7550  2.52165323
  0.7560  2.31227908
  0.7570  2.10525791
  0.7580  1.90145120
  0.7590  1.70205609
  0.7600  1.50880174
  0.7610  1.32427912
  0.7620  1.15248879
  0.7630  0.99968687
  0.7640  0.87538764
  0.7650  0.79246160
  0.7660  0.76370735
  0.7670  0.79416177
  0.7680  0.87680760
  0.7690  0.99792318
  0.7700  1.14456284
  0.7710  1.30740980
  0.7720  1.48040853
  0.7730  1.65970763
  0.7740  1.84282224
  0.7750  2.02810219
  0.7760  2.21441387
  0.7770  2.40095124
  0.7780  2.58712174
  0.7790  2.77247591
  0.7800  2.95666273
  0.7810  3.13940073
  0.7820  3.32045872
  0.7830  3.49964266
  0.7840  3.67678664
  0.7850  3.85174636
  0.7860  4.02439459
  0.7870  4.19461773
  0.7880  4.36231331
  0.7890  4.52738815
  0.7900  4.68975683
  0.7910  4.84934069
  0.7920  5.00606686
  0.7930  5.15986769
  0.7940  5.31068012
  0.7950  5.45844531
  0.7960  5.60310826
  0.7970  5.74461753
  0.7980  5.88292502
  0.7990  6.01798575
  0.8000  6.14975774
  0.8010  6.27820182
  0.8020  6.40328156
  0.8030  6.52496315
  0.8040  6.64321529
  0.8050  6.75800917
  0.8060  6.86931836
  0.8070  6.97711877
  0.8080  7.08138859
  0.8090  7.18210823
  0.8100  7.27926032
  0.8110  7.37282962
  0.8120  7.46280301
  0.8130  7.54916944
  0.8140  7.63191992
  0.8150  7.71104746
  0.8160  7.78654706
  0.8170  7.85841567
  0.8180  7.92665219
  0.8190  7.99125738
  0.8200  8.05223391
  0.8210  8.10958627
  0.8220  8.16332078
  0.8230  8.21344556
  0.8240  8.25997048
  0.8250  8.30290717
  0.8260  8.34226896
  0.8270  8.37807089
  0.8280  8.41032966
  0.8290  8.43906361
  0.8300  8.46429267
  0.8310  8.48603840
  0.8320  8.50432390
  0.8330  8.51917379
  0.8340  8.53061424
  0.8350  8.53867286
  0.8360  8.54337875
  0.8370  8.54476242
  0.8380  8.54285579
  0.8390  8.53769216
  0.8400  8.52930615
  0.8410  8.51773374
  0.8420  8.50301217
  0.8430  8.48517996
  0.8440  8.46427686
  0.8450  8.44034382
  0.8460  8.41342298
  0.8470  8.38355763
  0.8480  8.35079216
  0.8490  8.31517206
  0.8500  8.27674390
  0.8510  8.23555524
  0.8520  8.19165468
  0.8530  8.14509177
  0.8540  8.09591700
  0.8550  8.04418178
  0.8560  7.98993840
  0.8570  7.93323997
  0.8580  7.87414045
  0.8590  7.81269458
  0.8600  7.74895784
  0.8610  7.68298644
  0.8620  7.61483730
  0.8630  7.54456797
  0.8640  7.47223666
  0.8650  7.39790215
  0.8660  7.32162379
  0.8670  7.24346149
  0.8680  7.16347562
  0.8690  7.08172705
  0.8700  6.99827708
  0.8710  6.91318742
  0.8720  6.82652013
  0.8730  6.73833763
  0.8740  6.64870265
  0.8750  6.55767819
  0.8760  6.46532751
  0.8770  6.37171405
  0.8780  6.27690146
  0.8790  6.18095354
  0.8800  6.08393419
  0.8810  5.98590740
  0.8820  5.88693722
  0.8830  5.78708773
  0.8840  5.68642299
  0.8850  5.58500703
  0.8860  5.48290380
  0.8870  5.38017715
  0.8880  5.27689082
  0.8890  5.17310838
  0.8900  5.06889320
  0.8910  4.96430845
  0.8920  4.85941703
  0.8930  4.75428160
  0.8940  4.64896449
  0.8950  4.54352771
  0.8960  4.43803291
  0.8970  4.33254137
  0.8980  4.22711396
  0.8990  4.12181110
  0.9000  4.01669280
  0.9010  3.91181854
  0.9020  3.80724735
  0.9030  3.70303771
  0.9040  3.59924759
  0.9050  3.49593439
  0.9060  3.39315496
  0.9070  3.29096554
  0.9080  3.18942181
  0.9090  3.08857883
  0.9100  2.98849107
  0.9110  2.88921239
  0.9120  2.79079602
  0.9130  2.69329462
  0.9140  2.59676024
  0.9150  2.50124439
  0.9160  2.40679799
  0.9170  2.31347149
  0.9180  2.22131483
  0.9190  2.13037755
  0.9200  2.04070886
  0.9210  1.95235767
  0.9220  1.86537277
  0.9230  1.77980291
  0.9240  1.69569699
  0.9250  1.61310424
  0.9260  1.53207449
  0.9270  1.45265848
  0.9280  1.37490823
  0.9290  1.29887751
  0.9300  1.22462247
  0.9310  1.15220236
  0.9320  1.08168049
  0.9330  1.01312541
  0.9340  0.94661241
  0.9350  0.88222549
  0.9360  0.82005972
  0.9370  0.76022441
  0.9380  0.70284699
  0.9390  0.64807791
  0.9400  0.59609655
  0.9410  0.54711825
  0.9420  0.50140183
  0.9430  0.45925652
  0.9440  0.42104560
  0.9450  0.38718200
  0.9460  0.35810842
  0.9470  0.33425334
  0.9480  0.31595842
  0.9490  0.30338580
  0.9500  0.29643383
  0.9510  0.29470139
  0.9520  0.29752519
  0.9530  0.30407720
  0.9540  0.31348034
  0.9550  0.32490238
  0.9560  0.33761092
  0.9570  0.35099328
  0.9580  0.36455349
  0.9590  0.37789831
  0.9600  0.39071990
  0.9610  0.40277932
  0.9620  0.41389235
  0.9630  0.42391804
  0.9640  0.43274976
  0.9650  0.44030839
  0.9660  0.44653709
  0.9670  0.45139750
  0.9680  0.45486689
  0.9690  0.45693616
  0.9700  0.45760854
  0.9710  0.45689874
  0.9720  0.45483267
  0.9730  0.45144759
  0.9740  0.44679266
  0.9750  0.44093002
  0.9760  0.43393629
  0.9770  0.42590471
  0.9780  0.41694792
  0.9790  0.40720138
  0.9800  0.39682774
  0.9810  0.38602193
  0.9820  0.37501697
  0.9830  0.36409015
  0.9840  0.35356880
  0.9850  0.34383420
  0.9860  0.33532137
  0.9870  0.32851178
  0.9880  0.32391577
  0.9890  0.32204268
  0.9900  0.32336026
  0.9910  0.32825005
  0.9920  0.33696970
  0.9930  0.34963337
  0.9940  0.36621545
  0.9950  0.38657477
  0.9960  0.41048972
  0.9970  0.43769421
  0.9980  0.46790736
  0.9990  0.50085422
