  0.0000  80.25633515
  0.0010  80.21669935
  0.0020  80.09781284
  0.0030  79.89973820
  0.0040  79.62257972
  0.0050  79.26648331
  0.0060  78.83163647
  0.0070  78.31826810
  0.0080  77.72664845
  0.0090  77.05708895
  0.0100  76.30994203
  0.0110  75.48560091
  0.0120  74.58449943
  0.0130  73.60711175
  0.0140  72.55395216
  0.0150  71.42557471
  0.0160  70.22257300
  0.0170  68.94557977
  0.0180  67.59526660
  0.0190  66.17234351
  0.0200  64.67755860
  0.0210  63.11169760
  0.0220  61.47558347
  0.0230  59.77007592
  0.0240  57.99607096
  0.0250  56.15450038
  0.0260  54.24633124
  0.0270  52.27256536
  0.0280  50.23423874
  0.0290  48.13242100
  0.0300  45.96821477
  0.0310  43.74275513
  0.0320  41.45720891
  0.0330  39.11277414
  0.0340  36.71067928
  0.0350  34.25218263
  0.0360  31.73857162
  0.0370  29.17116207
  0.0380  26.55129750
  0.0390  23.88034842
  0.0400  21.15971157
  0.0410  18.39080925
  0.0420  15.57508868
  0.0430  12.71402152
  0.0440  9.80910412
  0.0450  6.86186037
  0.0460  3.87386184
  0.0470  0.84720221
  0.0480  2.21897500
  0.0490  5.31985695
  0.0500  8.45533969
  0.0510  11.62368032
  0.0520  14.82321514
  0.0530  18.05227733
  0.0540  21.30918891
  0.0550  24.59225970
  0.0560  27.89978761
  0.0570  31.23005932
  0.0580  34.58135118
  0.0590  37.95193006
  0.0600  41.34005430
  0.0610  44.74397465
  0.0620  48.16193524
  0.0630  51.59217453
  0.0640  55.03292628
  0.0650  58.48242052
  0.0660  61.93888453
  0.0670  65.40054383
  0.0680  68.86562311
  0.0690  72.33234725
  0.0700  75.79894228
  0.0710  79.26363636
  0.0720  82.72466072
  0.0730  86.18025069
  0.0740  89.62864660
  0.0750  93.06809481
  0.0760  96.49684862
  0.0770  99.91316922
  0.0780  103.31532669
  0.0790  106.70160088
  0.0800  110.07028241
  0.0810  113.41967354
  0.0820  116.74808912
  0.0830  120.05385750
  0.0840  123.33532145
  0.0850  126.59083902
  0.0860  129.81878444
  0.0870  133.01754901
  0.0880  136.18554196
  0.0890  139.32119127
  0.0900  142.42294454
  0.0910  145.48926982
  0.0920  148.51865640
  0.0930  151.50961564
  0.0940  154.46068174
  0.0950  157.37041249
  0.0960  160.23739008
  0.0970  163.06022180
  0.0980  165.83754078
  0.0990  168.56800669
  0.1000  171.25030645
  0.1010  173.88315489
  0.1020  176.46529542
  0.1030  178.99550065
  0.1040  181.47257303
  0.1050  183.89534546
  0.1060  186.26268185
  0.1070  188.57347768
  0.1080  190.82666060
  0.1090  193.02119088
  0.1100  195.15606195
  0.1110  197.23030091
  0.1120  199.24296893
  0.1130  201.19316175
  0.1140  203.08001007
  0.1150  204.90267994
  0.1160  206.66037318
  0.1170  208.35232766
  0.1180  209.97781773
  0.1190  211.53615444
  0.1200  213.02668588
  0.1210  214.44879742
  0.1220  215.80191197
  0.1230  217.08549017
  0.1240  218.29903063
  0.1250  219.44207007
  0.1260  220.51418347
  0.1270  221.51498420
  0.1280  222.44412416
  0.1290  223.30129378
  0.1300  224.08622217
  0.1310  224.79867708
  0.1320  225.43846496
  0.1330  226.00543091
  0.1340  226.49945867
  0.1350  226.92047058
  0.1360  227.26842743
  0.1370  227.54332845
  0.1380  227.74521109
  0.1390  227.87415097
  0.1400  227.93026161
  0.1410  227.91369433
  0.1420  227.82463796
  0.1430  227.66331867
  0.1440  227.42999966
  0.1450  227.12498091
  0.1460  226.74859889
  0.1470  226.30122621
  0.1480  225.78327132
  0.1490  225.19517812
  0.1500  224.53742558
  0.1510  223.81052739
  0.1520  223.01503147
  0.1530  222.15151961
  0.1540  221.22060695
  0.1550  220.22294156
  0.1560  219.15920391
  0.1570  218.03010641
  0.1580  216.83639284
  0.1590  215.57883784
  0.1600  214.25824636
  0.1610  212.87545305
  0.1620  211.43132174
  0.1630  209.92674476
  0.1640  208.36264242
  0.1650  206.73996228
  0.1660  205.05967860
  0.1670  203.32279164
  0.1680  201.53032698
  0.1690  199.68333490
  0.1700  197.78288963
  0.1710  195.83008869
  0.1720  193.82605216
  0.1730  191.77192198
  0.1740  189.66886119
  0.1750  187.51805324
  0.1760  185.32070120
  0.1770  183.07802702
  0.1780  180.79127079
  0.1790  178.46168993
  0.1800  176.09055847
  0.1810  173.67916624
  0.1820  171.22881806
  0.1830  168.74083302
  0.1840  166.21654363
  0.1850  163.65729504
  0.1860  161.06444423
  0.1870  158.43935925
  0.1880  155.78341837
  0.1890  153.09800928
  0.1900  150.38452829
  0.1910  147.64437956
  0.1920  144.87897422
  0.1930  142.08972962
  0.1940  139.27806850
  0.1950  136.44541819
  0.1960  133.59320981
  0.1970  130.72287747
  0.1980  127.83585746
  0.1990  124.93358747
  0.2000  122.01750581
  0.2010  119.08905059
  0.2020  116.14965898
  0.2030  113.20076639
  0.2040  110.24380573
  0.2050  107.28020666
  0.2060  104.31139478
  0.2070  101.33879093
  0.2080  98.36381042
  0.2090  95.38786232
  0.2100  92.41234870
  0.2110  89.43866393
  0.2120  86.46819399
  0.2130  83.50231573
  0.2140  80.54239623
  0.2150  77.58979209
  0.2160  74.64584881
  0.2170  71.71190007
  0.2180  68.78926717
  0.2190  65.87925837
  0.2200  62.98316830
  0.2210  60.10227737
  0.2220  57.23785121
  0.2230  54.39114015
  0.2240  51.56337873
  0.2250  48.75578520
  0.2260  45.96956112
  0.2270  43.20589104
  0.2280  40.46594218
  0.2290  37.75086434
  0.2300  35.06178992
  0.2310  32.39983414
  0.2320  29.76609581
  0.2330  27.16165854
  0.2340  24.58759314
  0.2350  22.04496171
  0.2360  19.53482514
  0.2370  17.05825697
  0.2380  14.61637090
  0.2390  12.21037956
  0.2400  9.84173502
  0.2410  7.51252176
  0.2420  5.22685102
  0.2430  2.99836122
  0.2440  0.96270178
  0.2450  1.61338679
  0.2460  3.67262132
  0.2470  5.74880934
  0.2480  7.79423470
  0.2490  9.80085250
  0.2500  11.76580191
  0.2510  13.68756830
  0.2520  15.56512760
  0.2530  17.39768005
  0.2540  19.18454873
  0.2550  20.92513497
  0.2560  22.61889669
  0.2570  24.26533710
  0.2580  25.86399823
  0.2590  27.41445728
  0.2600  28.91632426
  0.2610  30.36924052
  0.2620  31.77287781
  0.2630  33.12693757
  0.2640  34.43115049
  0.2650  35.68527611
  0.2660  36.88910257
  0.2670  38.04244636
  0.2680  39.14515215
  0.2690  40.19709257
  0.2700  41.19816806
  0.2710  42.14830668
  0.2720  43.04746397
  0.2730  43.89562273
  0.2740  44.69279287
  0.2750  45.43901122
  0.2760  46.13434129
  0.2770  46.77887311
  0.2780  47.37272297
  0.2790  47.91603323
  0.2800  48.40897203
  0.2810  48.85173306
  0.2820  49.24453531
  0.2830  49.58762275
  0.2840  49.88126410
  0.2850  50.12575247
  0.2860  50.32140509
  0.2870  50.46856298
  0.2880  50.56759060
  0.2890  50.61887552
  0.2900  50.62282810
  0.2910  50.57988104
  0.2920  50.49048909
  0.2930  50.35512863
  0.2940  50.17429727
  0.2950  49.94851346
  0.2960  49.67831607
  0.2970  49.36426397
  0.2980  49.00693560
  0.2990  48.60692855
  0.3000  48.16485906
  0.3010  47.68136163
  0.3020  47.15708851
  0.3030  46.59270927
  0.3040  45.98891027
  0.3050  45.34639425
  0.3060  44.66587975
  0.3070  43.94810071
  0.3080  43.19380591
  0.3090  42.40375847
  0.3100  41.57873535
  0.3110  40.71952684
  0.3120  39.82693605
  0.3130  38.90177834
  0.3140  37.94488086
  0.3150  36.95708198
  0.3160  35.93923079
  0.3170  34.89218653
  0.3180  33.81681814
  0.3190  32.71400365
  0.3200  31.58462973
  0.3210  30.42959112
  0.3220  29.24979019
  0.3230  28.04613639
  0.3240  26.81954582
  0.3250  25.57094078
  0.3260  24.30124937
  0.3270  23.01140515
  0.3280  21.70234688
  0.3290  20.37501839
  0.3300  19.03036864
  0.3310  17.66935212
  0.3320  16.29292969
  0.3330  14.90207024
  0.3340  13.49775391
  0.3350  12.08097784
  0.3360  10.65276730
  0.3370  9.21419780
  0.3380  7.76644313
  0.3390  6.31089118
  0.3400  4.84947192
  0.3410  3.38584181
  0.3420  1.93196015
  0.3430  0.61458354
  0.3440  1.20146914
  0.3450  2.63874014
  0.3460  4.11803130
  0.3470  5.60719506
  0.3480  7.10007006
  0.3490  8.59414311
  0.3500  10.08786635
  0.3510  11.58004159
  0.3520  13.06962593
  0.3530  14.55565693
  0.3540  16.03721979
  0.3550  17.51343152
  0.3560  18.98343263
  0.3570  20.44638273
  0.3580  21.90145805
  0.3590  23.34785000
  0.3600  24.78476442
  0.3610  26.21142120
  0.3620  27.62705412
  0.3630  29.03091086
  0.3640  30.42225305
  0.3650  31.80035644
  0.3660  33.16451107
  0.3670  34.51402152
  0.3680  35.84820706
  0.3690  37.16640196
  0.3700  38.46795564
  0.3710  39.75223298
  0.3720  41.01861447
  0.3730  42.26649649
  0.3740  43.49529149
  0.3750  44.70442820
  0.3760  45.89335183
  0.3770  47.06152426
  0.3780  48.20842421
  0.3790  49.33354739
  0.3800  50.43640668
  0.3810  51.51653227
  0.3820  52.57347176
  0.3830  53.60679033
  0.3840  54.61607079
  0.3850  55.60091373
  0.3860  56.56093760
  0.3870  57.49577872
  0.3880  58.40509143
  0.3890  59.28854808
  0.3900  60.14583910
  0.3910  60.97667299
  0.3920  61.78077637
  0.3930  62.55789399
  0.3940  63.30778867
  0.3950  64.03024134
  0.3960  64.72505096
  0.3970  65.39203451
  0.3980  66.03102693
  0.3990  66.64188105
  0.4000  67.22446750
  0.4010  67.77867465
  0.4020  68.30440852
  0.4030  68.80159261
  0.4040  69.27016788
  0.4050  69.71009252
  0.4060  70.12134190
  0.4070  70.50390835
  0.4080  70.85780106
  0.4090  71.18304589
  0.4100  71.47968517
  0.4110  71.74777756
  0.4120  71.98739782
  0.4130  72.19863664
  0.4140  72.38160039
  0.4150  72.53641093
  0.4160  72.66320539
  0.4170  72.76213590
  0.4180  72.83336939
  0.4190  72.87708729
  0.4200  72.89348534
  0.4210  72.88277327
  0.4220  72.84517455
  0.4230  72.78092613
  0.4240  72.69027813
  0.4250  72.57349360
  0.4260  72.43084815
  0.4270  72.26262974
  0.4280  72.06913831
  0.4290  71.85068552
  0.4300  71.60759441
  0.4310  71.34019907
  0.4320  71.04884439
  0.4330  70.73388566
  0.4340  70.39568827
  0.4350  70.03462741
  0.4360  69.65108769
  0.4370  69.24546284
  0.4380  68.81815537
  0.4390  68.36957622
  0.4400  67.90014441
  0.4410  67.41028673
  0.4420  66.90043739
  0.4430  66.37103763
  0.4440  65.82253545
  0.4450  65.25538520
  0.4460  64.67004728
  0.4470  64.06698777
  0.4480  63.44667809
  0.4490  62.80959466
  0.4500  62.15621856
  0.4510  61.48703519
  0.4520  60.80253389
  0.4530  60.10320768
  0.4540  59.38955283
  0.4550  58.66206860
  0.4560  57.92125685
  0.4570  57.16762175
  0.4580  56.40166943
  0.4590  55.62390764
  0.4600  54.83484548
  0.4610  54.03499300
  0.4620  53.22486096
  0.4630  52.40496045
  0.4640  51.57580264
  0.4650  50.73789843
  0.4660  49.89175815
  0.4670  49.03789130
  0.4680  48.17680620
  0.4690  47.30900975
  0.4700  46.43500711
  0.4710  45.55530143
  0.4720  44.67039358
  0.4730  43.78078186
  0.4740  42.88696177
  0.4750  41.98942570
  0.4760  41.08866271
  0.4770  40.18515827
  0.4780  39.27939400
  0.4790  38.37184746
  0.4800  37.46299187
  0.4810  36.55329592
  0.4820  35.64322354
  0.4830  34.73323366
  0.4840  33.82378003
  0.4850  32.91531099
  0.4860  32.00826928
  0.4870  31.10309183
  0.4880  30.20020961
  0.4890  29.30004741
  0.4900  28.40302368
  0.4910  27.50955035
  0.4920  26.62003270
  0.4930  25.73486915
  0.4940  24.85445118
  0.4950  23.97916310
  0.4960  23.10938199
  0.4970  22.24547754
  0.4980  21.38781191
  0.4990  20.53673964
  0.5000  19.69260755
  0.5010  18.85575460
  0.5020  18.02651182
  0.5030  17.20520226
  0.5040  16.39214087
  0.5050  15.58763444
  0.5060  14.79198159
  0.5070  14.00547270
  0.5080  13.22838992
  0.5090  12.46100717
  0.5100  11.70359014
  0.5110  10.95639643
  0.5120  10.21967564
  0.5130  9.49366957
  0.5140  8.77861255
  0.5150  8.07473190
  0.5160  7.38224871
  0.5170  6.70137894
  0.5180  6.03233533
  0.5190  5.37533051
  0.5200  4.73058242
  0.5210  4.09832444
  0.5220  3.47882543
  0.5230  2.87243351
  0.5240  2.27968423
  0.5250  1.70161841
  0.5260  1.14100134
  0.5270  0.60984276
  0.5280  0.24880764
  0.5290  0.57340653
  0.5300  1.06309088
  0.5310  1.55702441
  0.5320  2.04215593
  0.5330  2.51562469
  0.5340  2.97642770
  0.5350  3.42411050
  0.5360  3.85843136
  0.5370  4.27924795
  0.5380  4.68647184
  0.5390  5.08004765
  0.5400  5.45994254
  0.5410  5.82614055
  0.5420  6.17863931
  0.5430  6.51744801
  0.5440  6.84258610
  0.5450  7.15408239
  0.5460  7.45197450
  0.5470  7.73630828
  0.5480  8.00713757
  0.5490  8.26452383
  0.5500  8.50853591
  0.5510  8.73924986
  0.5520  8.95674870
  0.5530  9.16112228
  0.5540  9.35246708
  0.5550  9.53088607
  0.5560  9.69648851
  0.5570  9.84938986
  0.5580  9.98971157
  0.5590  10.11758098
  0.5600  10.23313110
  0.5610  10.33650054
  0.5620  10.42783329
  0.5630  10.50727862
  0.5640  10.57499088
  0.5650  10.63112939
  0.5660  10.67585826
  0.5670  10.70934624
  0.5680  10.73176658
  0.5690  10.74329685
  0.5700  10.74411879
  0.5710  10.73441818
  0.5720  10.71438463
  0.5730  10.68421147
  0.5740  10.64409555
  0.5750  10.59423712
  0.5760  10.53483964
  0.5770  10.46610962
  0.5780  10.38825649
  0.5790  10.30149239
  0.5800  10.20603206
  0.5810  10.10209262
  0.5820  9.98989349
  0.5830  9.86965614
  0.5840  9.74160400
  0.5850  9.60596225
  0.5860  9.46295769
  0.5870  9.31281857
  0.5880  9.15577445
  0.5890  8.99205600
  0.5900  8.82189490
  0.5910  8.64552363
  0.5920  8.46317534
  0.5930  8.27508373
  0.5940  8.08148283
  0.5950  7.88260691
  0.5960  7.67869030
  0.5970  7.46996726
  0.5980  7.25667184
  0.5990  7.03903770
  0.6000  6.81729805
  0.6010  6.59168546
  0.6020  6.36243173
  0.6030  6.12976780
  0.6040  5.89392363
  0.6050  5.65512806
  0.6060  5.41360876
  0.6070  5.16959210
  0.6080  4.92330313
  0.6090  4.67496550
  0.6100  4.42480149
  0.6110  4.17303201
  0.6120  3.91987673
  0.6130  3.66555424
  0.6140  3.41028245
  0.6150  3.15427910
  0.6160  2.89776271
  0.6170  2.64095410
  0.6180  2.38407898
  0.6190  2.12737241
  0.6200  1.87108700
  0.6210  1.61550885
  0.6220  1.36099115
  0.6230  1.10803317
  0.6240  0.85749529
  0.6250  0.61132565
  0.6260  0.37601253
  0.6270  0.19063294
  0.6280  0.23727937
  0.6290  0.44572418
  0.6300  0.67863940
  0.6310  0.91584290
  0.6320  1.15320279
  0.6330  1.38931035
  0.6340  1.62350281
  0.6350  1.85538903
  0.6360  2.08469736
  0.6370  2.31121668
  0.6380  2.53477024
  0.6390  2.75520289
  0.6400  2.97237430
  0.6410  3.18615520
  0.6420  3.39642508
  0.6430  3.60307088
  0.6440  3.80598603
  0.6450  4.00506993
  0.6460  4.20022755
  0.6470  4.39136911
  0.6480  4.57840994
  0.6490  4.76127030
  0.6500  4.93987530
  0.6510  5.11415478
  0.6520  5.28404326
  0.6530  5.44947990
  0.6540  5.61040841
  0.6550  5.76677701
  0.6560  5.91853844
  0.6570  6.06564982
  0.6580  6.20807269
  0.6590  6.34577295
  0.6600  6.47872076
  0.6610  6.60689059
  0.6620  6.73026107
  0.6630  6.84881503
  0.6640  6.96253940
  0.6650  7.07142517
  0.6660  7.17546732
  0.6670  7.27466480
  0.6680  7.36902045
  0.6690  7.45854090
  0.6700  7.54323660
  0.6710  7.62312167
  0.6720  7.69821385
  0.6730  7.76853449
  0.6740  7.83410838
  0.6750  7.89496376
  0.6760  7.95113222
  0.6770  8.00264861
  0.6780  8.04955097
  0.6790  8.09188045
  0.6800  8.12968125
  0.6810  8.16300050
  0.6820  8.19188819
  0.6830  8.21639710
  0.6840  8.23658272
  0.6850  8.25250312
  0.6860  8.26421889
  0.6870  8.27179307
  0.6880  8.27529102
  0.6890  8.27478036
  0.6900  8.27033084
  0.6910  8.26201431
  0.6920  8.24990457
  0.6930  8.23407731
  0.6940  8.21461000
  0.6950  8.19158180
  0.6960  8.16507347
  0.6970  8.13516729
  0.6980  8.10194692
  0.6990  8.06549737
  0.7000  8.02590486
  0.7010  7.98325674
  0.7020  7.93764142
  0.7030  7.88914823
  0.7040  7.83786737
  0.7050  7.78388982
  0.7060  7.72730721
  0.7070  7.66821177
  0.7080  7.60669622
  0.7090  7.54285370
  0.7100  7.47677768
  0.7110  7.40856184
  0.7120  7.33830004
  0.7130  7.26608621
  0.7140  7.19201425
  0.7150  7.11617799
  0.7160  7.03867108
  0.7170  6.95958691
  0.7180  6.87901858
  0.7190  6.79705875
  0.7200  6.71379964
  0.7210  6.62933290
  0.7220  6.54374961
  0.7230  6.45714011
  0.7240  6.36959405
  0.7250  6.28120024
  0.7260  6.19204662
  0.7270  6.10222019
  0.7280  6.01180699
  0.7290  5.92089198
  0.7300  5.82955903
  0.7310  5.73789086
  0.7320  5.64596896
  0.7330  5.55387360
  0.7340  5.46168373
  0.7350  5.36947695
  0.7360  5.27732951
  0.7370  5.18531618
  0.7380  5.09351031
  0.7390  5.00198372
  0.7400  4.91080671
  0.7410  4.82004802
  0.7420  4.72977478
  0.7430  4.64005251
  0.7440  4.55094506
  0.7450  4.46251463
  0.7460  4.37482171
  0.7470  4.28792508
  0.7480  4.20188180
  0.7490  4.11674717
  0.7500  4.03257473
  0.7510  3.94941625
  0.7520  3.86732170
  0.7530  3.78633928
  0.7540  3.70651538
  0.7550  3.62789459
  0.7560  3.55051967
  0.7570  3.47443159
  0.7580  3.39966951
  0.7590  3.32627076
  0.7600  3.25427088
  0.7610  3.18370360
  0.7620  3.11460083
  0.7630  3.04699270
  0.7640  2.98090757
  0.7650  2.91637198
  0.7660  2.85341073
  0.7670  2.79204685
  0.7680  2.73230162
  0.7690  2.67419459
  0.7700  2.61774358
  0.7710  2.56296470
  0.7720  2.50987238
  0.7730  2.45847936
  0.7740  2.40879673
  0.7750  2.36083394
  0.7760  2.31459882
  0.7770  2.27009760
  0.7780  2.22733494
  0.7790  2.18631395
  0.7800  2.14703621
  0.7810  2.10950180
  0.7820  2.07370935
  0.7830  2.03965604
  0.7840  2.00733764
  0.7850  1.97674856
  0.7860  1.94788188
  0.7870  1.92072938
  0.7880  1.89528159
  0.7890  1.87152782
  0.7900  1.84945621
  0.7910  1.82905378
  0.7920  1.81030647
  0.7930  1.79319920
  0.7940  1.77771586
  0.7950  1.76383946
  0.7960  1.75155206
  0.7970  1.74083492
  0.7980  1.73166847
  0.7990  1.72403239
  0.8000  1.71790564
  0.8010  1.71326653
  0.8020  1.71009270
  0.8030  1.70836122
  0.8040  1.70804856
  0.8050  1.70913071
  0.8060  1.71158310
  0.8070  1.71538071
  0.8080  1.72049807
  0.8090  1.72690927
  0.8100  1.73458800
  0.8110  1.74350754
  0.8120  1.75364082
  0.8130  1.76496040
  0.8140  1.77743850
  0.8150  1.79104702
  0.8160  1.80575753
  0.8170  1.82154130
  0.8180  1.83836934
  0.8190  1.85621237
  0.8200  1.87504083
  0.8210  1.89482494
  0.8220  1.91553469
  0.8230  1.93713983
  0.8240  1.95960992
  0.8250  1.98291434
  0.8260  2.00702229
  0.8270  2.03190282
  0.8280  2.05752482
  0.8290  2.08385709
  0.8300  2.11086831
  0.8310  2.13852706
  0.8320  2.16680189
  0.8330  2.19566125
  0.8340  2.22507358
  0.8350  2.25500731
  0.8360  2.28543087
  0.8370  2.31631269
  0.8380  2.34762126
  0.8390  2.37932511
  0.8400  2.41139285
  0.8410  2.44379317
  0.8420  2.47649489
  0.8430  2.50946691
  0.8440  2.54267832
  0.8450  2.57609831
  0.8460  2.60969629
  0.8470  2.64344182
  0.8480  2.67730466
  0.8490  2.71125482
  0.8500  2.74526249
  0.8510  2.77929814
  0.8520  2.81333248
  0.8530  2.84733647
  0.8540  2.88128139
  0.8550  2.91513877
  0.8560  2.94888048
  0.8570  2.98247868
  0.8580  3.01590586
  0.8590  3.04913487
  0.8600  3.08213887
  0.8610  3.11489142
  0.8620  3.14736640
  0.8630  3.17953810
  0.8640  3.21138118
  0.8650  3.24287070
  0.8660  3.27398211
  0.8670  3.30469128
  0.8680  3.33497449
  0.8690  3.36480844
  0.8700  3.39417028
  0.8710  3.42303757
  0.8720  3.45138834
  0.8730  3.47920104
  0.8740  3.50645459
  0.8750  3.53312839
  0.8760  3.55920227
  0.8770  3.58465656
  0.8780  3.60947204
  0.8790  3.63363000
  0.8800  3.65711220
  0.8810  3.67990088
  0.8820  3.70197878
  0.8830  3.72332916
  0.8840  3.74393574
  0.8850  3.76378277
  0.8860  3.78285502
  0.8870  3.80113774
  0.8880  3.81861671
  0.8890  3.83527823
  0.8900  3.85110912
  0.8910  3.86609673
  0.8920  3.88022891
  0.8930  3.89349406
  0.8940  3.90588113
  0.8950  3.91737956
  0.8960  3.92797936
  0.8970  3.93767107
  0.8980  3.94644577
  0.8990  3.95429510
  0.9000  3.96121121
  0.9010  3.96718684
  0.9020  3.97221526
  0.9030  3.97629030
  0.9040  3.97940635
  0.9050  3.98155834
  0.9060  3.98274179
  0.9070  3.98295275
  0.9080  3.98218787
  0.9090  3.98044434
  0.9100  3.97771993
  0.9110  3.97401298
  0.9120  3.96932240
  0.9130  3.96364768
  0.9140  3.95698890
  0.9150  3.94934668
  0.9160  3.94072225
  0.9170  3.93111742
  0.9180  3.92053458
  0.9190  3.90897669
  0.9200  3.89644732
  0.9210  3.88295059
  0.9220  3.86849124
  0.9230  3.85307459
  0.9240  3.83670652
  0.9250  3.81939353
  0.9260  3.80114268
  0.9270  3.78196163
  0.9280  3.76185863
  0.9290  3.74084248
  0.9300  3.71892259
  0.9310  3.69610894
  0.9320  3.67241208
  0.9330  3.64784314
  0.9340  3.62241383
  0.9350  3.59613639
  0.9360  3.56902365
  0.9370  3.54108899
  0.9380  3.51234634
  0.9390  3.48281017
  0.9400  3.45249549
  0.9410  3.42141785
  0.9420  3.38959330
  0.9430  3.35703843
  0.9440  3.32377033
  0.9450  3.28980659
  0.9460  3.25516526
  0.9470  3.21986492
  0.9480  3.18392456
  0.9490  3.14736366
  0.9500  3.11020213
  0.9510  3.07246031
  0.9520  3.03415896
  0.9530  2.99531922
  0.9540  2.95596264
  0.9550  2.91611114
  0.9560  2.87578697
  0.9570  2.83501274
  0.9580  2.79381138
  0.9590  2.75220612
  0.9600  2.71022047
  0.9610  2.66787821
  0.9620  2.62520337
  0.9630  2.58222020
  0.9640  2.53895316
  0.9650  2.49542691
  0.9660  2.45166625
  0.9670  2.40769614
  0.9680  2.36354166
  0.9690  2.31922801
  0.9700  2.27478042
  0.9710  2.23022423
  0.9720  2.18558477
  0.9730  2.14088741
  0.9740  2.09615749
  0.9750  2.05142031
  0.9760  2.00670114
  0.9770  1.96202512
  0.9780  1.91741732
  0.9790  1.87290268
  0.9800  1.82850596
  0.9810  1.78425177
  0.9820  1.74016450
  0.9830  1.69626835
  0.9840  1.65258724
  0.9850  1.60914484
  0.9860  1.56596453
  0.9870  1.52306939
  0.9880  1.48048215
  0.9890  1.43822521
  0.9900  1.39632058
  0.9910  1.35478989
  0.9920  1.31365434
  0.9930  1.27293473
  0.9940  1.23265139
  0.9950  1.19282420
  0.9960  1.15347254
  0.9970  1.11461532
  0.9980  1.07627090
  0.9990  1.03845715
