  0.0000  78.28420471
  0.0010  78.24847014
  0.0020  78.14128454
  0.0030  77.96270233
  0.0040  77.71281414
  0.0050  77.39174681
  0.0060  76.99966329
  0.0070  76.53676254
  0.0080  76.00327948
  0.0090  75.39948481
  0.0100  74.72568487
  0.0110  73.98222149
  0.0120  73.16947183
  0.0130  72.28784811
  0.0140  71.33779746
  0.0150  70.31980165
  0.0160  69.23437684
  0.0170  68.08207331
  0.0180  66.86347519
  0.0190  65.57920012
  0.0200  64.22989899
  0.0210  62.81625557
  0.0220  61.33898618
  0.0230  59.79883940
  0.0240  58.19659561
  0.0250  56.53306676
  0.0260  54.80909592
  0.0270  53.02555701
  0.0280  51.18335444
  0.0290  49.28342283
  0.0300  47.32672678
  0.0310  45.31426066
  0.0320  43.24704857
  0.0330  41.12614447
  0.0340  38.95263243
  0.0350  36.72762743
  0.0360  34.45227653
  0.0370  32.12776111
  0.0380  29.75530046
  0.0390  27.33615783
  0.0400  24.87165088
  0.0410  22.36316999
  0.0420  19.81221219
  0.0430  17.22044809
  0.0440  14.58986480
  0.0450  11.92310856
  0.0460  9.22444548
  0.0470  6.50318300
  0.0480  3.79206157
  0.0490  1.39599755
  0.0500  2.35960886
  0.0510  5.07740728
  0.0520  7.94369492
  0.0530  10.86382780
  0.0540  13.82028790
  0.0550  16.80664779
  0.0560  19.81939823
  0.0570  22.85606468
  0.0580  25.91461182
  0.0590  28.99321425
  0.0600  32.09015554
  0.0610  35.20377919
  0.0620  38.33246307
  0.0630  41.47460536
  0.0640  44.62861649
  0.0650  47.79291452
  0.0660  50.96592240
  0.0670  54.14606652
  0.0680  57.33177586
  0.0690  60.52148174
  0.0700  63.71361782
  0.0710  66.90662033
  0.0720  70.09892845
  0.0730  73.28898481
  0.0740  76.47523599
  0.0750  79.65613318
  0.0760  82.83013279
  0.0770  85.99569713
  0.0780  89.15129508
  0.0790  92.29540277
  0.0800  95.42650435
  0.0810  98.54309262
  0.0820  101.64366978
  0.0830  104.72674816
  0.0840  107.79085087
  0.0850  110.83451257
  0.0860  113.85628013
  0.0870  116.85471333
  0.0880  119.82838556
  0.0890  122.77588452
  0.0900  125.69581285
  0.0910  128.58678883
  0.0920  131.44744704
  0.0930  134.27643898
  0.0940  137.07243376
  0.0950  139.83411867
  0.0960  142.56019984
  0.0970  145.24940283
  0.0980  147.90047326
  0.0990  150.51217733
  0.1000  153.08330245
  0.1010  155.61265781
  0.1020  158.09907487
  0.1030  160.54140795
  0.1040  162.93853474
  0.1050  165.28935679
  0.1060  167.59280005
  0.1070  169.84781532
  0.1080  172.05337873
  0.1090  174.20849221
  0.1100  176.31218389
  0.1110  178.36350860
  0.1120  180.36154822
  0.1130  182.30541210
  0.1140  184.19423745
  0.1150  186.02718972
  0.1160  187.80346292
  0.1170  189.52228000
  0.1180  191.18289313
  0.1190  192.78458406
  0.1200  194.32666435
  0.1210  195.80847570
  0.1220  197.22939020
  0.1230  198.58881056
  0.1240  199.88617033
  0.1250  201.12093416
  0.1260  202.29259794
  0.1270  203.40068904
  0.1280  204.44476641
  0.1290  205.42442078
  0.1300  206.33927478
  0.1310  207.18898303
  0.1320  207.97323229
  0.1330  208.69174149
  0.1340  209.34426184
  0.1350  209.93057685
  0.1360  210.45050239
  0.1370  210.90388668
  0.1380  211.29061034
  0.1390  211.61058631
  0.1400  211.86375987
  0.1410  212.05010859
  0.1420  212.16964225
  0.1430  212.22240277
  0.1440  212.20846410
  0.1450  212.12793215
  0.1460  211.98094462
  0.1470  211.76767090
  0.1480  211.48831188
  0.1490  211.14309978
  0.1500  210.73229800
  0.1510  210.25620085
  0.1520  209.71513342
  0.1530  209.10945126
  0.1540  208.43954018
  0.1550  207.70581601
  0.1560  206.90872426
  0.1570  206.04873987
  0.1580  205.12636689
  0.1590  204.14213820
  0.1600  203.09661510
  0.1610  201.99038705
  0.1620  200.82407124
  0.1630  199.59831225
  0.1640  198.31378167
  0.1650  196.97117768
  0.1660  195.57122465
  0.1670  194.11467272
  0.1680  192.60229735
  0.1690  191.03489889
  0.1700  189.41330209
  0.1710  187.73835567
  0.1720  186.01093180
  0.1730  184.23192565
  0.1740  182.40225484
  0.1750  180.52285894
  0.1760  178.59469896
  0.1770  176.61875682
  0.1780  174.59603478
  0.1790  172.52755491
  0.1800  170.41435851
  0.1810  168.25750557
  0.1820  166.05807416
  0.1830  163.81715985
  0.1840  161.53587514
  0.1850  159.21534884
  0.1860  156.85672545
  0.1870  154.46116457
  0.1880  152.02984027
  0.1890  149.56394047
  0.1900  147.06466628
  0.1910  144.53323139
  0.1920  141.97086144
  0.1930  139.37879334
  0.1940  136.75827462
  0.1950  134.11056281
  0.1960  131.43692476
  0.1970  128.73863598
  0.1980  126.01697998
  0.1990  123.27324761
  0.2000  120.50873637
  0.2010  117.72474979
  0.2020  114.92259673
  0.2030  112.10359071
  0.2040  109.26904925
  0.2050  106.42029324
  0.2060  103.55864621
  0.2070  100.68543372
  0.2080  97.80198269
  0.2090  94.90962076
  0.2100  92.00967561
  0.2110  89.10347436
  0.2120  86.19234292
  0.2130  83.27760538
  0.2140  80.36058338
  0.2150  77.44259556
  0.2160  74.52495695
  0.2170  71.60897844
  0.2180  68.69596624
  0.2190  65.78722143
  0.2200  62.88403950
  0.2210  59.98770998
  0.2220  57.09951615
  0.2230  54.22073482
  0.2240  51.35263631
  0.2250  48.49648458
  0.2260  45.65353761
  0.2270  42.82504826
  0.2280  40.01226552
  0.2290  37.21643674
  0.2300  34.43881105
  0.2310  31.68064470
  0.2320  28.94320971
  0.2330  26.22780779
  0.2340  23.53579374
  0.2350  20.86861638
  0.2360  18.22789367
  0.2370  15.61556082
  0.2380  13.03418780
  0.2390  10.48774396
  0.2400  7.98375719
  0.2410  5.54104020
  0.2420  3.23049810
  0.2430  1.57492094
  0.2440  2.52268398
  0.2450  4.64789650
  0.2460  6.90671949
  0.2470  9.17382990
  0.2480  11.42187735
  0.2490  13.64122264
  0.2500  15.82730884
  0.2510  17.97748378
  0.2520  20.08994731
  0.2530  22.16333368
  0.2540  24.19652329
  0.2550  26.18854936
  0.2560  28.13854806
  0.2570  30.04573033
  0.2580  31.90936503
  0.2590  33.72876866
  0.2600  35.50329867
  0.2610  37.23234919
  0.2620  38.91534808
  0.2630  40.55175495
  0.2640  42.14105979
  0.2650  43.68278196
  0.2660  45.17646953
  0.2670  46.62169875
  0.2680  48.01807370
  0.2690  49.36522599
  0.2700  50.66281458
  0.2710  51.91052560
  0.2720  53.10807222
  0.2730  54.25519453
  0.2740  55.35165945
  0.2750  56.39726064
  0.2760  57.39181840
  0.2770  58.33517960
  0.2780  59.22721754
  0.2790  60.06783192
  0.2800  60.85694866
  0.2810  61.59451985
  0.2820  62.28052358
  0.2830  62.91496381
  0.2840  63.49787028
  0.2850  64.02929827
  0.2860  64.50932852
  0.2870  64.93806699
  0.2880  65.31564470
  0.2890  65.64221754
  0.2900  65.91796606
  0.2910  66.14309520
  0.2920  66.31783415
  0.2930  66.44243601
  0.2940  66.51717761
  0.2950  66.54235920
  0.2960  66.51830420
  0.2970  66.44535889
  0.2980  66.32389213
  0.2990  66.15429506
  0.3000  65.93698076
  0.3010  65.67238394
  0.3020  65.36096059
  0.3030  65.00318765
  0.3040  64.59956263
  0.3050  64.15060328
  0.3060  63.65684719
  0.3070  63.11885141
  0.3080  62.53719206
  0.3090  61.91246395
  0.3100  61.24528014
  0.3110  60.53627156
  0.3120  59.78608658
  0.3130  58.99539055
  0.3140  58.16486541
  0.3150  57.29520923
  0.3160  56.38713576
  0.3170  55.44137396
  0.3180  54.45866758
  0.3190  53.43977468
  0.3200  52.38546711
  0.3210  51.29653013
  0.3220  50.17376185
  0.3230  49.01797278
  0.3240  47.82998534
  0.3250  46.61063338
  0.3260  45.36076164
  0.3270  44.08122532
  0.3280  42.77288953
  0.3290  41.43662879
  0.3300  40.07332654
  0.3310  38.68387465
  0.3320  37.26917286
  0.3330  35.83012831
  0.3340  34.36765503
  0.3350  32.88267341
  0.3360  31.37610968
  0.3370  29.84889545
  0.3380  28.30196712
  0.3390  26.73626546
  0.3400  25.15273502
  0.3410  23.55232371
  0.3420  21.93598222
  0.3430  20.30466361
  0.3440  18.65932277
  0.3450  17.00091602
  0.3460  15.33040068
  0.3470  13.64873473
  0.3480  11.95687663
  0.3490  10.25578542
  0.3500  8.54642162
  0.3510  6.82975022
  0.3520  5.10675061
  0.3530  3.37845898
  0.3540  1.64628153
  0.3550  0.11926777
  0.3560  1.83289800
  0.3570  3.57305888
  0.3580  5.31447659
  0.3590  7.05585934
  0.3600  8.79621434
  0.3610  10.53460620
  0.3620  12.27012125
  0.3630  14.00185872
  0.3640  15.72892807
  0.3650  17.45044814
  0.3660  19.16554700
  0.3670  20.87336209
  0.3680  22.57304040
  0.3690  24.26373885
  0.3700  25.94462453
  0.3710  27.61487515
  0.3720  29.27367929
  0.3730  30.92023679
  0.3740  32.55375911
  0.3750  34.17346963
  0.3760  35.77860399
  0.3770  37.36841043
  0.3780  38.94215009
  0.3790  40.49909734
  0.3800  42.03854005
  0.3810  43.55977990
  0.3820  45.06213265
  0.3830  46.54492843
  0.3840  48.00751200
  0.3850  49.44924299
  0.3860  50.86949617
  0.3870  52.26766164
  0.3880  53.64314513
  0.3890  54.99536815
  0.3900  56.32376823
  0.3910  57.62779910
  0.3920  58.90693090
  0.3930  60.16065034
  0.3940  61.38846086
  0.3950  62.58988281
  0.3960  63.76445358
  0.3970  64.91172775
  0.3980  66.03127721
  0.3990  67.12269125
  0.4000  68.18557673
  0.4010  69.21955812
  0.4020  70.22427761
  0.4030  71.19939518
  0.4040  72.14458865
  0.4050  73.05955380
  0.4060  73.94400432
  0.4070  74.79767192
  0.4080  75.62030633
  0.4090  76.41167530
  0.4100  77.17156464
  0.4110  77.89977818
  0.4120  78.59613780
  0.4130  79.26048334
  0.4140  79.89267262
  0.4150  80.49258140
  0.4160  81.06010329
  0.4170  81.59514971
  0.4180  82.09764980
  0.4190  82.56755037
  0.4200  83.00481578
  0.4210  83.40942787
  0.4220  83.78138580
  0.4230  84.12070600
  0.4240  84.42742199
  0.4250  84.70158426
  0.4260  84.94326013
  0.4270  85.15253363
  0.4280  85.32950526
  0.4290  85.47429190
  0.4300  85.58702659
  0.4310  85.66785837
  0.4320  85.71695206
  0.4330  85.73448808
  0.4340  85.72066225
  0.4350  85.67568556
  0.4360  85.59978395
  0.4370  85.49319809
  0.4380  85.35618315
  0.4390  85.18900851
  0.4400  84.99195761
  0.4410  84.76532760
  0.4420  84.50942913
  0.4430  84.22458605
  0.4440  83.91113520
  0.4450  83.56942607
  0.4460  83.19982054
  0.4470  82.80269260
  0.4480  82.37842805
  0.4490  81.92742422
  0.4500  81.45008963
  0.4510  80.94684373
  0.4520  80.41811657
  0.4530  79.86434847
  0.4540  79.28598974
  0.4550  78.68350034
  0.4560  78.05734954
  0.4570  77.40801563
  0.4580  76.73598556
  0.4590  76.04175462
  0.4600  75.32582613
  0.4610  74.58871104
  0.4620  73.83092767
  0.4630  73.05300131
  0.4640  72.25546390
  0.4650  71.43885371
  0.4660  70.60371494
  0.4670  69.75059745
  0.4680  68.88005634
  0.4690  67.99265167
  0.4700  67.08894805
  0.4710  66.16951435
  0.4720  65.23492333
  0.4730  64.28575128
  0.4740  63.32257773
  0.4750  62.34598501
  0.4760  61.35655802
  0.4770  60.35488379
  0.4780  59.34155121
  0.4790  58.31715065
  0.4800  57.28227365
  0.4810  56.23751255
  0.4820  55.18346019
  0.4830  54.12070959
  0.4840  53.04985357
  0.4850  51.97148447
  0.4860  50.88619383
  0.4870  49.79457203
  0.4880  48.69720803
  0.4890  47.59468901
  0.4900  46.48760012
  0.4910  45.37652412
  0.4920  44.26204109
  0.4930  43.14472820
  0.4940  42.02515934
  0.4950  40.90390489
  0.4960  39.78153142
  0.4970  38.65860143
  0.4980  37.53567311
  0.4990  36.41330004
  0.5000  35.29203096
  0.5010  34.17240955
  0.5020  33.05497418
  0.5030  31.94025772
  0.5040  30.82878731
  0.5050  29.72108417
  0.5060  28.61766345
  0.5070  27.51903406
  0.5080  26.42569853
  0.5090  25.33815294
  0.5100  24.25688682
  0.5110  23.18238314
  0.5120  22.11511832
  0.5130  21.05556234
  0.5140  20.00417890
  0.5150  18.96142575
  0.5160  17.92775509
  0.5170  16.90361425
  0.5180  15.88944661
  0.5190  14.88569299
  0.5200  13.89279350
  0.5210  12.91119041
  0.5220  11.94133214
  0.5230  10.98367936
  0.5240  10.03871420
  0.5250  9.10695473
  0.5260  8.18897833
  0.5270  7.28546113
  0.5280  6.39724782
  0.5290  5.52548260
  0.5300  4.67187342
  0.5310  3.83927665
  0.5320  3.03315198
  0.5330  2.26578366
  0.5340  1.57109528
  0.5350  1.06320066
  0.5360  1.02297755
  0.5370  1.46395160
  0.5380  2.08497623
  0.5390  2.75416603
  0.5400  3.43301088
  0.5410  4.10799541
  0.5420  4.77330725
  0.5430  5.42602903
  0.5440  6.06451456
  0.5450  6.68774622
  0.5460  7.29504785
  0.5470  7.88594360
  0.5480  8.46008334
  0.5490  9.01720055
  0.5500  9.55708749
  0.5510  10.07957977
  0.5520  10.58454651
  0.5530  11.07188383
  0.5540  11.54151034
  0.5550  11.99336410
  0.5560  12.42740033
  0.5570  12.84358979
  0.5580  13.24191754
  0.5590  13.62238201
  0.5600  13.98499423
  0.5610  14.32977728
  0.5620  14.65676573
  0.5630  14.96600530
  0.5640  15.25755244
  0.5650  15.53147408
  0.5660  15.78784732
  0.5670  16.02675914
  0.5680  16.24830624
  0.5690  16.45259475
  0.5700  16.63974007
  0.5710  16.80986661
  0.5720  16.96310762
  0.5730  17.09960500
  0.5740  17.21950910
  0.5750  17.32297848
  0.5760  17.41017981
  0.5770  17.48128758
  0.5780  17.53648398
  0.5790  17.57595867
  0.5800  17.59990858
  0.5810  17.60853775
  0.5820  17.60205709
  0.5830  17.58068420
  0.5840  17.54464319
  0.5850  17.49416445
  0.5860  17.42948443
  0.5870  17.35084552
  0.5880  17.25849572
  0.5890  17.15268856
  0.5900  17.03368279
  0.5910  16.90174223
  0.5920  16.75713554
  0.5930  16.60013601
  0.5940  16.43102135
  0.5950  16.25007348
  0.5960  16.05757830
  0.5970  15.85382552
  0.5980  15.63910837
  0.5990  15.41372347
  0.6000  15.17797056
  0.6010  14.93215231
  0.6020  14.67657409
  0.6030  14.41154377
  0.6040  14.13737150
  0.6050  13.85436949
  0.6060  13.56285183
  0.6070  13.26313424
  0.6080  12.95553388
  0.6090  12.64036913
  0.6100  12.31795940
  0.6110  11.98862492
  0.6120  11.65268653
  0.6130  11.31046547
  0.6140  10.96228322
  0.6150  10.60846124
  0.6160  10.24932086
  0.6170  9.88518302
  0.6180  9.51636812
  0.6190  9.14319585
  0.6200  8.76598497
  0.6210  8.38505323
  0.6220  8.00071712
  0.6230  7.61329181
  0.6240  7.22309097
  0.6250  6.83042670
  0.6260  6.43560946
  0.6270  6.03894802
  0.6280  5.64074953
  0.6290  5.24131963
  0.6300  4.84096279
  0.6310  4.43998278
  0.6320  4.03868372
  0.6330  3.63737167
  0.6340  3.23635775
  0.6350  2.83596382
  0.6360  2.43653387
  0.6370  2.03845873
  0.6380  1.64223621
  0.6390  1.24864376
  0.6400  0.85937558
  0.6410  0.48069744
  0.6420  0.17844027
  0.6430  0.36766911
  0.6440  0.73123413
  0.6450  1.10604167
  0.6460  1.48098318
  0.6470  1.85372051
  0.6480  2.22334599
  0.6490  2.58935313
  0.6500  2.95138620
  0.6510  3.30915851
  0.6520  3.66242020
  0.6530  4.01094393
  0.6540  4.35451769
  0.6550  4.69294112
  0.6560  5.02602334
  0.6570  5.35358175
  0.6580  5.67544122
  0.6590  5.99143368
  0.6600  6.30139779
  0.6610  6.60517870
  0.6620  6.90262800
  0.6630  7.19360358
  0.6640  7.47796957
  0.6650  7.75559632
  0.6660  8.02636035
  0.6670  8.29014435
  0.6680  8.54683716
  0.6690  8.79633370
  0.6700  9.03853505
  0.6710  9.27334835
  0.6720  9.50068683
  0.6730  9.72046977
  0.6740  9.93262250
  0.6750  10.13707635
  0.6760  10.33376865
  0.6770  10.52264269
  0.6780  10.70364770
  0.6790  10.87673878
  0.6800  11.04187691
  0.6810  11.19902891
  0.6820  11.34816736
  0.6830  11.48927056
  0.6840  11.62232254
  0.6850  11.74731293
  0.6860  11.86423697
  0.6870  11.97309541
  0.6880  12.07389448
  0.6890  12.16664584
  0.6900  12.25136645
  0.6910  12.32807859
  0.6920  12.39680974
  0.6930  12.45759253
  0.6940  12.51046464
  0.6950  12.55546876
  0.6960  12.59265252
  0.6970  12.62206833
  0.6980  12.64377343
  0.6990  12.65782968
  0.7000  12.66430357
  0.7010  12.66326606
  0.7020  12.65479257
  0.7030  12.63896280
  0.7040  12.61586074
  0.7050  12.58557448
  0.7060  12.54819619
  0.7070  12.50382198
  0.7080  12.45255183
  0.7090  12.39448948
  0.7100  12.32974233
  0.7110  12.25842134
  0.7120  12.18064094
  0.7130  12.09651891
  0.7140  12.00617632
  0.7150  11.90973736
  0.7160  11.80732927
  0.7170  11.69908227
  0.7180  11.58512938
  0.7190  11.46560638
  0.7200  11.34065166
  0.7210  11.21040614
  0.7220  11.07501315
  0.7230  10.93461832
  0.7240  10.78936946
  0.7250  10.63941650
  0.7260  10.48491131
  0.7270  10.32600765
  0.7280  10.16286102
  0.7290  9.99562859
  0.7300  9.82446904
  0.7310  9.64954249
  0.7320  9.47101039
  0.7330  9.28903538
  0.7340  9.10378121
  0.7350  8.91541261
  0.7360  8.72409520
  0.7370  8.52999536
  0.7380  8.33328015
  0.7390  8.13411716
  0.7400  7.93267445
  0.7410  7.72912042
  0.7420  7.52362369
  0.7430  7.31635300
  0.7440  7.10747715
  0.7450  6.89716483
  0.7460  6.68558455
  0.7470  6.47290455
  0.7480  6.25929267
  0.7490  6.04491628
  0.7500  5.82994215
  0.7510  5.61453641
  0.7520  5.39886441
  0.7530  5.18309062
  0.7540  4.96737862
  0.7550  4.75189093
  0.7560  4.53678903
  0.7570  4.32223319
  0.7580  4.10838252
  0.7590  3.89539484
  0.7600  3.68342673
  0.7610  3.47263347
  0.7620  3.26316912
  0.7630  3.05518657
  0.7640  2.84883772
  0.7650  2.64427371
  0.7660  2.44164534
  0.7670  2.24110372
  0.7680  2.04280136
  0.7690  1.84689380
  0.7700  1.65354256
  0.7710  1.46292009
  0.7720  1.27521896
  0.7730  1.09066978
  0.7740  0.90957919
  0.7750  0.73242007
  0.7760  0.56007941
  0.7770  0.39470148
  0.7780  0.24361889
  0.7790  0.14456443
  0.7800  0.19207449
  0.7810  0.32207351
  0.7820  0.46665900
  0.7830  0.61264527
  0.7840  0.75678718
  0.7850  0.89791226
  0.7860  1.03546931
  0.7870  1.16914456
  0.7880  1.29873183
  0.7890  1.42408041
  0.7900  1.54507139
  0.7910  1.66160592
  0.7920  1.77359890
  0.7930  1.88097539
  0.7940  1.98366850
  0.7950  2.08161802
  0.7960  2.17476965
  0.7970  2.26307435
  0.7980  2.34648805
  0.7990  2.42497131
  0.8000  2.49848918
  0.8010  2.56701105
  0.8020  2.63051052
  0.8030  2.68896538
  0.8040  2.74235748
  0.8050  2.79067272
  0.8060  2.83390099
  0.8070  2.87203613
  0.8080  2.90507589
  0.8090  2.93302188
  0.8100  2.95587958
  0.8110  2.97365824
  0.8120  2.98637088
  0.8130  2.99403426
  0.8140  2.99666881
  0.8150  2.99429860
  0.8160  2.98695129
  0.8170  2.97465811
  0.8180  2.95745376
  0.8190  2.93537643
  0.8200  2.90846766
  0.8210  2.87677237
  0.8220  2.84033874
  0.8230  2.79921817
  0.8240  2.75346524
  0.8250  2.70313759
  0.8260  2.64829593
  0.8270  2.58900389
  0.8280  2.52532800
  0.8290  2.45733761
  0.8300  2.38510478
  0.8310  2.30870427
  0.8320  2.22821337
  0.8330  2.14371192
  0.8340  2.05528213
  0.8350  1.96300856
  0.8360  1.86697802
  0.8370  1.76727947
  0.8380  1.66400395
  0.8390  1.55724446
  0.8400  1.44709590
  0.8410  1.33365497
  0.8420  1.21702008
  0.8430  1.09729127
  0.8440  0.97457008
  0.8450  0.84895955
  0.8460  0.72056411
  0.8470  0.58948961
  0.8480  0.45584349
  0.8490  0.31973576
  0.8500  0.18128489
  0.8510  0.04074872
  0.8520  0.10244588
  0.8530  0.24727719
  0.8540  0.39406534
  0.8550  0.54266546
  0.8560  0.69296041
  0.8570  0.84483635
  0.8580  0.99818014
  0.8590  1.15287890
  0.8600  1.30881990
  0.8610  1.46589058
  0.8620  1.62397862
  0.8630  1.78297200
  0.8640  1.94275910
  0.8650  2.10322874
  0.8660  2.26427033
  0.8670  2.42577386
  0.8680  2.58763007
  0.8690  2.74973044
  0.8700  2.91196735
  0.8710  3.07423409
  0.8720  3.23642497
  0.8730  3.39843535
  0.8740  3.56016178
  0.8750  3.72150196
  0.8760  3.88235492
  0.8770  4.04262098
  0.8780  4.20220187
  0.8790  4.36100076
  0.8800  4.51892232
  0.8810  4.67587278
  0.8820  4.83175997
  0.8830  4.98649335
  0.8840  5.13998407
  0.8850  5.29214502
  0.8860  5.44289086
  0.8870  5.59213802
  0.8880  5.73980481
  0.8890  5.88581136
  0.8900  6.03007972
  0.8910  6.17253383
  0.8920  6.31309960
  0.8930  6.45170487
  0.8940  6.58827946
  0.8950  6.72275518
  0.8960  6.85506583
  0.8970  6.98514723
  0.8980  7.11293721
  0.8990  7.23837563
  0.9000  7.36140435
  0.9010  7.48196727
  0.9020  7.60001031
  0.9030  7.71548139
  0.9040  7.82833045
  0.9050  7.93850943
  0.9060  8.04597227
  0.9070  8.15067486
  0.9080  8.25257509
  0.9090  8.35163276
  0.9100  8.44780964
  0.9110  8.54106938
  0.9120  8.63137755
  0.9130  8.71870156
  0.9140  8.80301070
  0.9150  8.88427606
  0.9160  8.96247054
  0.9170  9.03756882
  0.9180  9.10954732
  0.9190  9.17838417
  0.9200  9.24405920
  0.9210  9.30655391
  0.9220  9.36585142
  0.9230  9.42193645
  0.9240  9.47479532
  0.9250  9.52441587
  0.9260  9.57078745
  0.9270  9.61390091
  0.9280  9.65374854
  0.9290  9.69032406
  0.9300  9.72362258
  0.9310  9.75364057
  0.9320  9.78037585
  0.9330  9.80382752
  0.9340  9.82399598
  0.9350  9.84088288
  0.9360  9.85449108
  0.9370  9.86482464
  0.9380  9.87188881
  0.9390  9.87568998
  0.9400  9.87623565
  0.9410  9.87353444
  0.9420  9.86759606
  0.9430  9.85843127
  0.9440  9.84605186
  0.9450  9.83047067
  0.9460  9.81170153
  0.9470  9.78975928
  0.9480  9.76465972
  0.9490  9.73641963
  0.9500  9.70505672
  0.9510  9.67058967
  0.9520  9.63303809
  0.9530  9.59242248
  0.9540  9.54876430
  0.9550  9.50208590
  0.9560  9.45241054
  0.9570  9.39976237
  0.9580  9.34416648
  0.9590  9.28564880
  0.9600  9.22423621
  0.9610  9.15995646
  0.9620  9.09283822
  0.9630  9.02291104
  0.9640  8.95020540
  0.9650  8.87475266
  0.9660  8.79658513
  0.9670  8.71573602
  0.9680  8.63223946
  0.9690  8.54613054
  0.9700  8.45744525
  0.9710  8.36622057
  0.9720  8.27249439
  0.9730  8.17630561
  0.9740  8.07769405
  0.9750  7.97670055
  0.9760  7.87336692
  0.9770  7.76773595
  0.9780  7.65985145
  0.9790  7.54975823
  0.9800  7.43750212
  0.9810  7.32312996
  0.9820  7.20668963
  0.9830  7.08823004
  0.9840  6.96780113
  0.9850  6.84545388
  0.9860  6.72124033
  0.9870  6.59521353
  0.9880  6.46742762
  0.9890  6.33793775
  0.9900  6.20680012
  0.9910  6.07407199
  0.9920  5.93981163
  0.9930  5.80407838
  0.9940  5.66693255
  0.9950  5.52843553
  0.9960  5.38864966
  0.9970  5.24763833
  0.9980  5.10546589
  0.9990  4.96219766
