  0.0000  87.33611966
  0.0010  87.30117101
  0.0020  87.19634305
  0.0030  87.02168982
  0.0040  86.77730129
  0.0050  86.46330340
  0.0060  86.07985792
  0.0070  85.62716239
  0.0080  85.10545002
  0.0090  84.51498953
  0.0100  83.85608502
  0.0110  83.12907580
  0.0120  82.33433617
  0.0130  81.47227527
  0.0140  80.54333680
  0.0150  79.54799878
  0.0160  78.48677330
  0.0170  77.36020624
  0.0180  76.16887692
  0.0190  74.91339782
  0.0200  73.59441424
  0.0210  72.21260390
  0.0220  70.76867662
  0.0230  69.26337385
  0.0240  67.69746833
  0.0250  66.07176362
  0.0260  64.38709367
  0.0270  62.64432235
  0.0280  60.84434295
  0.0290  58.98807773
  0.0300  57.07647738
  0.0310  55.11052050
  0.0320  53.09121307
  0.0330  51.01958789
  0.0340  48.89670402
  0.0350  46.72364621
  0.0360  44.50152429
  0.0370  42.23147264
  0.0380  39.91464953
  0.0390  37.55223655
  0.0400  35.14543807
  0.0410  32.69548061
  0.0420  30.20361238
  0.0430  27.67110286
  0.0440  25.09924250
  0.0450  22.48934279
  0.0460  19.84273698
  0.0470  17.16078204
  0.0480  14.44486402
  0.0490  11.69641193
  0.0500  8.91693987
  0.0510  6.10820896
  0.0520  3.27324408
  0.0530  0.45744241
  0.0540  2.50059514
  0.0550  5.41047536
  0.0560  8.34670804
  0.0570  11.30494937
  0.0580  14.28320503
  0.0590  17.27982028
  0.0600  20.29322739
  0.0610  23.32188639
  0.0620  26.36426648
  0.0630  29.41883924
  0.0640  32.48407610
  0.0650  35.55844745
  0.0660  38.64042257
  0.0670  41.72846995
  0.0680  44.82105782
  0.0690  47.91665476
  0.0700  51.01373044
  0.0710  54.11075635
  0.0720  57.20620654
  0.0730  60.29855843
  0.0740  63.38629358
  0.0750  66.46789851
  0.0760  69.54186543
  0.0770  72.60669310
  0.0780  75.66088761
  0.0790  78.70296313
  0.0800  81.73144271
  0.0810  84.74485907
  0.0820  87.74175538
  0.0830  90.72068600
  0.0840  93.68021725
  0.0850  96.61892815
  0.0860  99.53541121
  0.0870  102.42827310
  0.0880  105.29613541
  0.0890  108.13763539
  0.0900  110.95142661
  0.0910  113.73617969
  0.0920  116.49058296
  0.0930  119.21334318
  0.0940  121.90318615
  0.0950  124.55885740
  0.0960  127.17912283
  0.0970  129.76276931
  0.0980  132.30860531
  0.0990  134.81546153
  0.1000  137.28219143
  0.1010  139.70767186
  0.1020  142.09080359
  0.1030  144.43051187
  0.1040  146.72574696
  0.1050  148.97548461
  0.1060  151.17872664
  0.1070  153.33450133
  0.1080  155.44186399
  0.1090  157.49989731
  0.1100  159.50771188
  0.1110  161.46444656
  0.1120  163.36926892
  0.1130  165.22137559
  0.1140  167.01999265
  0.1150  168.76437600
  0.1160  170.45381164
  0.1170  172.08761605
  0.1180  173.66513643
  0.1190  175.18575104
  0.1200  176.64886939
  0.1210  178.05393257
  0.1220  179.40041339
  0.1230  180.68781664
  0.1240  181.91567927
  0.1250  183.08357055
  0.1260  184.19109221
  0.1270  185.23787861
  0.1280  186.22359679
  0.1290  187.14794663
  0.1300  188.01066088
  0.1310  188.81150525
  0.1320  189.55027839
  0.1330  190.22681196
  0.1340  190.84097063
  0.1350  191.39265202
  0.1360  191.88178669
  0.1370  192.30833806
  0.1380  192.67230236
  0.1390  192.97370852
  0.1400  193.21261804
  0.1410  193.38912490
  0.1420  193.50335535
  0.1430  193.55546780
  0.1440  193.54565258
  0.1450  193.47413178
  0.1460  193.34115900
  0.1470  193.14701911
  0.1480  192.89202800
  0.1490  192.57653229
  0.1500  192.20090908
  0.1510  191.76556557
  0.1520  191.27093882
  0.1530  190.71749532
  0.1540  190.10573070
  0.1550  189.43616933
  0.1560  188.70936392
  0.1570  187.92589514
  0.1580  187.08637118
  0.1590  186.19142734
  0.1600  185.24172555
  0.1610  184.23795393
  0.1620  183.18082632
  0.1630  182.07108176
  0.1640  180.90948404
  0.1650  179.69682112
  0.1660  178.43390466
  0.1670  177.12156946
  0.1680  175.76067289
  0.1690  174.35209438
  0.1700  172.89673479
  0.1710  171.39551586
  0.1720  169.84937963
  0.1730  168.25928779
  0.1740  166.62622113
  0.1750  164.95117888
  0.1760  163.23517810
  0.1770  161.47925302
  0.1780  159.68445444
  0.1790  157.85184905
  0.1800  155.98251877
  0.1810  154.07756011
  0.1820  152.13808348
  0.1830  150.16521254
  0.1840  148.16008349
  0.1850  146.12384443
  0.1860  144.05765463
  0.1870  141.96268386
  0.1880  139.84011172
  0.1890  137.69112690
  0.1900  135.51692651
  0.1910  133.31871538
  0.1920  131.09770535
  0.1930  128.85511457
  0.1940  126.59216682
  0.1950  124.31009076
  0.1960  122.01011929
  0.1970  119.69348880
  0.1980  117.36143848
  0.1990  115.01520966
  0.2000  112.65604507
  0.2010  110.28518816
  0.2020  107.90388241
  0.2030  105.51337068
  0.2040  103.11489446
  0.2050  100.70969324
  0.2060  98.29900381
  0.2070  95.88405964
  0.2080  93.46609013
  0.2090  91.04632004
  0.2100  88.62596878
  0.2110  86.20624979
  0.2120  83.78836989
  0.2130  81.37352865
  0.2140  78.96291777
  0.2150  76.55772047
  0.2160  74.15911085
  0.2170  71.76825332
  0.2180  69.38630199
  0.2190  67.01440011
  0.2200  64.65367946
  0.2210  62.30525981
  0.2220  59.97024837
  0.2230  57.64973920
  0.2240  55.34481275
  0.2250  53.05653527
  0.2260  50.78595832
  0.2270  48.53411828
  0.2280  46.30203582
  0.2290  44.09071546
  0.2300  41.90114510
  0.2310  39.73429551
  0.2320  37.59111994
  0.2330  35.47255369
  0.2340  33.37951363
  0.2350  31.31289784
  0.2360  29.27358522
  0.2370  27.26243507
  0.2380  25.28028672
  0.2390  23.32795923
  0.2400  21.40625097
  0.2410  19.51593935
  0.2420  17.65778044
  0.2430  15.83250872
  0.2440  14.04083676
  0.2450  12.28345496
  0.2460  10.56103125
  0.2470  8.87421088
  0.2480  7.22361617
  0.2490  5.60984625
  0.2500  4.03347690
  0.2510  2.49506036
  0.2520  0.99512510
  0.2530  0.46582470
  0.2540  1.88730779
  0.2550  3.26886848
  0.2560  4.61007473
  0.2570  5.91051906
  0.2580  7.16981857
  0.2590  8.38761498
  0.2600  9.56357473
  0.2610  10.69738903
  0.2620  11.78877391
  0.2630  12.83747024
  0.2640  13.84324375
  0.2650  14.80588505
  0.2660  15.72520959
  0.2670  16.60105768
  0.2680  17.43329441
  0.2690  18.22180963
  0.2700  18.96651787
  0.2710  19.66735827
  0.2720  20.32429450
  0.2730  20.93731465
  0.2740  21.50643113
  0.2750  22.03168050
  0.2760  22.51312338
  0.2770  22.95084429
  0.2780  23.34495146
  0.2790  23.69557666
  0.2800  24.00287504
  0.2810  24.26702490
  0.2820  24.48822750
  0.2830  24.66670681
  0.2840  24.80270928
  0.2850  24.89650364
  0.2860  24.94838057
  0.2870  24.95865248
  0.2880  24.92765323
  0.2890  24.85573779
  0.2900  24.74328203
  0.2910  24.59068230
  0.2920  24.39835522
  0.2930  24.16673725
  0.2940  23.89628443
  0.2950  23.58747196
  0.2960  23.24079391
  0.2970  22.85676280
  0.2980  22.43590924
  0.2990  21.97878155
  0.3000  21.48594535
  0.3010  20.95798320
  0.3020  20.39549413
  0.3030  19.79909325
  0.3040  19.16941136
  0.3050  18.50709446
  0.3060  17.81280336
  0.3070  17.08721318
  0.3080  16.33101298
  0.3090  15.54490524
  0.3100  14.72960543
  0.3110  13.88584156
  0.3120  13.01435370
  0.3130  12.11589352
  0.3140  11.19122390
  0.3150  10.24111845
  0.3160  9.26636117
  0.3170  8.26774613
  0.3180  7.24607746
  0.3190  6.20216959
  0.3200  5.13684883
  0.3210  4.05095809
  0.3220  2.94537401
  0.3230  1.82109056
  0.3240  0.68016112
  0.3250  0.48702889
  0.3260  1.66050073
  0.3270  2.85194068
  0.3280  4.05834031
  0.3290  5.27862980
  0.3300  6.51188624
  0.3310  7.75721741
  0.3320  9.01374009
  0.3330  10.28057417
  0.3340  11.55684083
  0.3350  12.84166210
  0.3360  14.13416090
  0.3370  15.43346130
  0.3380  16.73868894
  0.3390  18.04897142
  0.3400  19.36343877
  0.3410  20.68122391
  0.3420  22.00146318
  0.3430  23.32329675
  0.3440  24.64586915
  0.3450  25.96832971
  0.3460  27.28983308
  0.3470  28.60953965
  0.3480  29.92661607
  0.3490  31.24023565
  0.3500  32.54957886
  0.3510  33.85383378
  0.3520  35.15219648
  0.3530  36.44387154
  0.3540  37.72807240
  0.3550  39.00402185
  0.3560  40.27095236
  0.3570  41.52810657
  0.3580  42.77473761
  0.3590  44.01010953
  0.3600  45.23349767
  0.3610  46.44418901
  0.3620  47.64148255
  0.3630  48.82468963
  0.3640  49.99313431
  0.3650  51.14615366
  0.3660  52.28309811
  0.3670  53.40333172
  0.3680  54.50623251
  0.3690  55.59119274
  0.3700  56.65761919
  0.3710  57.70493339
  0.3720  58.73257192
  0.3730  59.73998665
  0.3740  60.72664491
  0.3750  61.69202978
  0.3760  62.63564029
  0.3770  63.55699157
  0.3780  64.45561506
  0.3790  65.33105872
  0.3800  66.18288712
  0.3810  67.01068164
  0.3820  67.81404060
  0.3830  68.59257937
  0.3840  69.34593051
  0.3850  70.07374382
  0.3860  70.77568649
  0.3870  71.45144316
  0.3880  72.10071595
  0.3890  72.72322456
  0.3900  73.31870629
  0.3910  73.88691607
  0.3920  74.42762649
  0.3930  74.94062782
  0.3940  75.42572794
  0.3950  75.88275243
  0.3960  76.31154445
  0.3970  76.71196475
  0.3980  77.08389161
  0.3990  77.42722078
  0.4000  77.74186543
  0.4010  78.02775603
  0.4020  78.28484030
  0.4030  78.51308306
  0.4040  78.71246618
  0.4050  78.88298843
  0.4060  79.02466532
  0.4070  79.13752900
  0.4080  79.22162812
  0.4090  79.27702763
  0.4100  79.30380862
  0.4110  79.30206819
  0.4120  79.27191922
  0.4130  79.21349017
  0.4140  79.12692493
  0.4150  79.01238256
  0.4160  78.87003712
  0.4170  78.70007740
  0.4180  78.50270672
  0.4190  78.27814268
  0.4200  78.02661695
  0.4210  77.74837496
  0.4220  77.44367568
  0.4230  77.11279139
  0.4240  76.75600733
  0.4250  76.37362150
  0.4260  75.96594438
  0.4270  75.53329857
  0.4280  75.07601861
  0.4290  74.59445060
  0.4300  74.08895197
  0.4310  73.55989114
  0.4320  73.00764722
  0.4330  72.43260972
  0.4340  71.83517823
  0.4350  71.21576212
  0.4360  70.57478020
  0.4370  69.91266042
  0.4380  69.22983958
  0.4390  68.52676292
  0.4400  67.80388389
  0.4410  67.06166379
  0.4420  66.30057142
  0.4430  65.52108279
  0.4440  64.72368078
  0.4450  63.90885477
  0.4460  63.07710040
  0.4470  62.22891916
  0.4480  61.36481807
  0.4490  60.48530940
  0.4500  59.59091029
  0.4510  58.68214243
  0.4520  57.75953177
  0.4530  56.82360814
  0.4540  55.87490493
  0.4550  54.91395882
  0.4560  53.94130938
  0.4570  52.95749880
  0.4580  51.96307154
  0.4590  50.95857403
  0.4600  49.94455433
  0.4610  48.92156185
  0.4620  47.89014699
  0.4630  46.85086086
  0.4640  45.80425497
  0.4650  44.75088091
  0.4660  43.69129004
  0.4670  42.62603322
  0.4680  41.55566050
  0.4690  40.48072078
  0.4700  39.40176159
  0.4710  38.31932877
  0.4720  37.23396614
  0.4730  36.14621530
  0.4740  35.05661530
  0.4750  33.96570235
  0.4760  32.87400959
  0.4770  31.78206682
  0.4780  30.69040019
  0.4790  29.59953200
  0.4800  28.50998038
  0.4810  27.42225910
  0.4820  26.33687729
  0.4830  25.25433920
  0.4840  24.17514394
  0.4850  23.09978532
  0.4860  22.02875152
  0.4870  20.96252495
  0.4880  19.90158197
  0.4890  18.84639274
  0.4900  17.79742095
  0.4910  16.75512365
  0.4920  15.71995109
  0.4930  14.69234648
  0.4940  13.67274585
  0.4950  12.66157791
  0.4960  11.65926390
  0.4970  10.66621749
  0.4980  9.68284477
  0.4990  8.70954425
  0.5000  7.74670706
  0.5010  6.79471749
  0.5020  5.85395399
  0.5030  4.92479166
  0.5040  4.00760806
  0.5050  3.10279917
  0.5060  2.21083329
  0.5070  1.33251453
  0.5080  0.47211318
  0.5090  0.40077138
  0.5100  1.23237109
  0.5110  2.05582035
  0.5120  2.86567306
  0.5130  3.66111814
  0.5140  4.44175269
  0.5150  5.20727415
  0.5160  5.95741995
  0.5170  6.69195001
  0.5180  7.41064033
  0.5190  8.11328029
  0.5200  8.79967144
  0.5210  9.46962683
  0.5220  10.12297069
  0.5230  10.75953822
  0.5240  11.37917550
  0.5250  11.98173942
  0.5260  12.56709762
  0.5270  13.13512849
  0.5280  13.68572113
  0.5290  14.21877532
  0.5300  14.73420148
  0.5310  15.23192070
  0.5320  15.71186464
  0.5330  16.17397554
  0.5340  16.61820616
  0.5350  17.04451975
  0.5360  17.45288995
  0.5370  17.84330083
  0.5380  18.21574671
  0.5390  18.57023219
  0.5400  18.90677202
  0.5410  19.22539104
  0.5420  19.52612408
  0.5430  19.80901589
  0.5440  20.07412103
  0.5450  20.32150376
  0.5460  20.55123797
  0.5470  20.76340699
  0.5480  20.95810357
  0.5490  21.13542965
  0.5500  21.29549631
  0.5510  21.43842362
  0.5520  21.56434046
  0.5530  21.67338440
  0.5540  21.76570158
  0.5550  21.84144649
  0.5560  21.90078185
  0.5570  21.94387846
  0.5580  21.97091499
  0.5590  21.98207783
  0.5600  21.97756091
  0.5610  21.95756552
  0.5620  21.92230010
  0.5630  21.87198010
  0.5640  21.80682774
  0.5650  21.72707183
  0.5660  21.63294757
  0.5670  21.52469635
  0.5680  21.40256554
  0.5690  21.26680828
  0.5700  21.11768327
  0.5710  20.95545455
  0.5720  20.78039130
  0.5730  20.59276760
  0.5740  20.39286223
  0.5750  20.18095842
  0.5760  19.95734366
  0.5770  19.72230945
  0.5780  19.47615109
  0.5790  19.21916743
  0.5800  18.95166067
  0.5810  18.67393611
  0.5820  18.38630194
  0.5830  18.08906899
  0.5840  17.78255050
  0.5850  17.46706191
  0.5860  17.14292064
  0.5870  16.81044580
  0.5880  16.46995806
  0.5890  16.12177931
  0.5900  15.76623255
  0.5910  15.40364156
  0.5920  15.03433077
  0.5930  14.65862495
  0.5940  14.27684907
  0.5950  13.88932803
  0.5960  13.49638647
  0.5970  13.09834854
  0.5980  12.69553772
  0.5990  12.28827656
  0.6000  11.87688653
  0.6010  11.46168777
  0.6020  11.04299895
  0.6030  10.62113698
  0.6040  10.19641694
  0.6050  9.76915178
  0.6060  9.33965219
  0.6070  8.90822642
  0.6080  8.47518007
  0.6090  8.04081595
  0.6100  7.60543389
  0.6110  7.16933057
  0.6120  6.73279938
  0.6130  6.29613025
  0.6140  5.85960947
  0.6150  5.42351961
  0.6160  4.98813928
  0.6170  4.55374310
  0.6180  4.12060147
  0.6190  3.68898050
  0.6200  3.25914187
  0.6210  2.83134273
  0.6220  2.40583557
  0.6230  1.98286822
  0.6240  1.56268379
  0.6250  1.14552100
  0.6260  0.73161569
  0.6270  0.32121490
  0.6280  0.08581079
  0.6290  0.48843527
  0.6300  0.88710172
  0.6310  1.28144359
  0.6320  1.67125254
  0.6330  2.05633204
  0.6340  2.43649248
  0.6350  2.81155040
  0.6360  3.18132823
  0.6370  3.54565436
  0.6380  3.90436307
  0.6390  4.25729459
  0.6400  4.60429510
  0.6410  4.94521677
  0.6420  5.27991776
  0.6430  5.60826227
  0.6440  5.93012049
  0.6450  6.24536869
  0.6460  6.55388914
  0.6470  6.85557019
  0.6480  7.15030618
  0.6490  7.43799751
  0.6500  7.71855060
  0.6510  7.99187785
  0.6520  8.25789765
  0.6530  8.51653435
  0.6540  8.76771823
  0.6550  9.01138547
  0.6560  9.24747812
  0.6570  9.47594407
  0.6580  9.69673697
  0.6590  9.90981626
  0.6600  10.11514705
  0.6610  10.31270011
  0.6620  10.50245181
  0.6630  10.68438407
  0.6640  10.85848429
  0.6650  11.02474529
  0.6660  11.18316527
  0.6670  11.33374770
  0.6680  11.47650130
  0.6690  11.61143993
  0.6700  11.73858256
  0.6710  11.85795313
  0.6720  11.96958054
  0.6730  12.07349855
  0.6740  12.16974566
  0.6750  12.25836508
  0.6760  12.33940462
  0.6770  12.41291660
  0.6780  12.47895778
  0.6790  12.53758923
  0.6800  12.58887631
  0.6810  12.63288848
  0.6820  12.66969931
  0.6830  12.69938630
  0.6840  12.72203082
  0.6850  12.73771802
  0.6860  12.74653671
  0.6870  12.74857927
  0.6880  12.74394154
  0.6890  12.73272274
  0.6900  12.71502532
  0.6910  12.69095493
  0.6920  12.66062025
  0.6930  12.62413289
  0.6940  12.58160733
  0.6950  12.53316076
  0.6960  12.47891302
  0.6970  12.41898646
  0.6980  12.35350583
  0.6990  12.28259820
  0.7000  12.20639281
  0.7010  12.12502102
  0.7020  12.03861613
  0.7030  11.94731334
  0.7040  11.85124957
  0.7050  11.75056342
  0.7060  11.64539502
  0.7070  11.53588591
  0.7080  11.42217897
  0.7090  11.30441829
  0.7100  11.18274905
  0.7110  11.05731743
  0.7120  10.92827049
  0.7130  10.79575609
  0.7140  10.65992271
  0.7150  10.52091945
  0.7160  10.37889583
  0.7170  10.23400172
  0.7180  10.08638726
  0.7190  9.93620271
  0.7200  9.78359837
  0.7210  9.62872448
  0.7220  9.47173111
  0.7230  9.31276806
  0.7240  9.15198476
  0.7250  8.98953017
  0.7260  8.82555269
  0.7270  8.66020004
  0.7280  8.49361921
  0.7290  8.32595630
  0.7300  8.15735650
  0.7310  7.98796393
  0.7320  7.81792160
  0.7330  7.64737128
  0.7340  7.47645346
  0.7350  7.30530723
  0.7360  7.13407018
  0.7370  6.96287836
  0.7380  6.79186620
  0.7390  6.62116636
  0.7400  6.45090975
  0.7410  6.28122537
  0.7420  6.11224031
  0.7430  5.94407961
  0.7440  5.77686624
  0.7450  5.61072100
  0.7460  5.44576250
  0.7470  5.28210702
  0.7480  5.11986853
  0.7490  4.95915859
  0.7500  4.80008629
  0.7510  4.64275822
  0.7520  4.48727838
  0.7530  4.33374818
  0.7540  4.18226634
  0.7550  4.03292891
  0.7560  3.88582915
  0.7570  3.74105757
  0.7580  3.59870181
  0.7590  3.45884668
  0.7600  3.32157410
  0.7610  3.18696306
  0.7620  3.05508958
  0.7630  2.92602674
  0.7640  2.79984461
  0.7650  2.67661022
  0.7660  2.55638762
  0.7670  2.43923774
  0.7680  2.32521852
  0.7690  2.21438475
  0.7700  2.10678819
  0.7710  2.00247748
  0.7720  1.90149814
  0.7730  1.80389258
  0.7740  1.70970010
  0.7750  1.61895684
  0.7760  1.53169579
  0.7770  1.44794677
  0.7780  1.36773641
  0.7790  1.29108811
  0.7800  1.21802203
  0.7810  1.14855501
  0.7820  1.08270057
  0.7830  1.02046879
  0.7840  0.96186630
  0.7850  0.90689618
  0.7860  0.85555790
  0.7870  0.80784727
  0.7880  0.76375638
  0.7890  0.72327365
  0.7900  0.68638386
  0.7910  0.65306833
  0.7920  0.62330517
  0.7930  0.59706965
  0.7940  0.57433475
  0.7950  0.55507176
  0.7960  0.53925096
  0.7970  0.52684232
  0.7980  0.51781611
  0.7990  0.51214331
  0.8000  0.50979578
  0.8010  0.51074611
  0.8020  0.51496725
  0.8030  0.52243178
  0.8040  0.53311118
  0.8050  0.54697502
  0.8060  0.56399026
  0.8070  0.58412070
  0.8080  0.60732668
  0.8090  0.63356493
  0.8100  0.66278862
  0.8110  0.69494759
  0.8120  0.72998859
  0.8130  0.76785560
  0.8140  0.80849014
  0.8150  0.85183162
  0.8160  0.89781757
  0.8170  0.94638390
  0.8180  0.99746510
  0.8190  1.05099444
  0.8200  1.10690408
  0.8210  1.16512519
  0.8220  1.22558808
  0.8230  1.28822224
  0.8240  1.35295645
  0.8250  1.41971882
  0.8260  1.48843685
  0.8270  1.55903750
  0.8280  1.63144721
  0.8290  1.70559196
  0.8300  1.78139732
  0.8310  1.85878849
  0.8320  1.93769034
  0.8330  2.01802744
  0.8340  2.09972415
  0.8350  2.18270461
  0.8360  2.26689279
  0.8370  2.35221255
  0.8380  2.43858770
  0.8390  2.52594198
  0.8400  2.61419916
  0.8410  2.70328305
  0.8420  2.79311754
  0.8430  2.88362666
  0.8440  2.97473460
  0.8450  3.06636577
  0.8460  3.15844480
  0.8470  3.25089661
  0.8480  3.34364646
  0.8490  3.43661995
  0.8500  3.52974308
  0.8510  3.62294226
  0.8520  3.71614439
  0.8530  3.80927687
  0.8540  3.90226761
  0.8550  3.99504512
  0.8560  4.08753848
  0.8570  4.17967743
  0.8580  4.27139236
  0.8590  4.36261437
  0.8600  4.45327529
  0.8610  4.54330770
  0.8620  4.63264500
  0.8630  4.72122137
  0.8640  4.80897189
  0.8650  4.89583248
  0.8660  4.98174001
  0.8670  5.06663225
  0.8680  5.15044798
  0.8690  5.23312694
  0.8700  5.31460991
  0.8710  5.39483873
  0.8720  5.47375631
  0.8730  5.55130665
  0.8740  5.62743491
  0.8750  5.70208739
  0.8760  5.77521157
  0.8770  5.84675615
  0.8780  5.91667105
  0.8790  5.98490746
  0.8800  6.05141784
  0.8810  6.11615596
  0.8820  6.17907692
  0.8830  6.24013717
  0.8840  6.29929454
  0.8850  6.35650823
  0.8860  6.41173890
  0.8870  6.46494861
  0.8880  6.51610090
  0.8890  6.56516077
  0.8900  6.61209475
  0.8910  6.65687085
  0.8920  6.69945863
  0.8930  6.73982922
  0.8940  6.77795529
  0.8950  6.81381111
  0.8960  6.84737255
  0.8970  6.87861709
  0.8980  6.90752384
  0.8990  6.93407357
  0.9000  6.95824867
  0.9010  6.98003321
  0.9020  6.99941294
  0.9030  7.01637530
  0.9040  7.03090939
  0.9050  7.04300605
  0.9060  7.05265780
  0.9070  7.05985887
  0.9080  7.06460521
  0.9090  7.06689448
  0.9100  7.06672608
  0.9110  7.06410109
  0.9120  7.05902233
  0.9130  7.05149434
  0.9140  7.04152335
  0.9150  7.02911731
  0.9160  7.01428586
  0.9170  6.99704033
  0.9180  6.97739374
  0.9190  6.95536079
  0.9200  6.93095781
  0.9210  6.90420279
  0.9220  6.87511537
  0.9230  6.84371678
  0.9240  6.81002984
  0.9250  6.77407898
  0.9260  6.73589016
  0.9270  6.69549088
  0.9280  6.65291015
  0.9290  6.60817848
  0.9300  6.56132783
  0.9310  6.51239157
  0.9320  6.46140451
  0.9330  6.40840281
  0.9340  6.35342397
  0.9350  6.29650679
  0.9360  6.23769137
  0.9370  6.17701900
  0.9380  6.11453222
  0.9390  6.05027468
  0.9400  5.98429118
  0.9410  5.91662760
  0.9420  5.84733083
  0.9430  5.77644879
  0.9440  5.70403033
  0.9450  5.63012520
  0.9460  5.55478403
  0.9470  5.47805825
  0.9480  5.40000004
  0.9490  5.32066233
  0.9500  5.24009871
  0.9510  5.15836336
  0.9520  5.07551107
  0.9530  4.99159712
  0.9540  4.90667727
  0.9550  4.82080770
  0.9560  4.73404494
  0.9570  4.64644586
  0.9580  4.55806757
  0.9590  4.46896739
  0.9600  4.37920281
  0.9610  4.28883143
  0.9620  4.19791090
  0.9630  4.10649886
  0.9640  4.01465292
  0.9650  3.92243061
  0.9660  3.82988928
  0.9670  3.73708610
  0.9680  3.64407801
  0.9690  3.55092165
  0.9700  3.45767330
  0.9710  3.36438890
  0.9720  3.27112392
  0.9730  3.17793340
  0.9740  3.08487183
  0.9750  2.99199316
  0.9760  2.89935076
  0.9770  2.80699735
  0.9780  2.71498499
  0.9790  2.62336504
  0.9800  2.53218814
  0.9810  2.44150414
  0.9820  2.35136214
  0.9830  2.26181038
  0.9840  2.17289632
  0.9850  2.08466652
  0.9860  1.99716672
  0.9870  1.91044177
  0.9880  1.82453564
  0.9890  1.73949145
  0.9900  1.65535147
  0.9910  1.57215713
  0.9920  1.48994907
  0.9930  1.40876723
  0.9940  1.32865086
  0.9950  1.24963871
  0.9960  1.17176913
  0.9970  1.09508031
  0.9980  1.01961058
  0.9990  0.94539885
