  0.0000  60.52323815
  0.0010  60.49605875
  0.0020  60.41453166
  0.0030  60.27869022
  0.0040  60.08858999
  0.0050  59.84430870
  0.0060  59.54594624
  0.0070  59.19362463
  0.0080  58.78748791
  0.0090  58.32770215
  0.0100  57.81445532
  0.0110  57.24795723
  0.0120  56.62843946
  0.0130  55.95615523
  0.0140  55.23137930
  0.0150  54.45440785
  0.0160  53.62555834
  0.0170  52.74516942
  0.0180  51.81360073
  0.0190  50.83123275
  0.0200  49.79846668
  0.0210  48.71572421
  0.0220  47.58344738
  0.0230  46.40209836
  0.0240  45.17215930
  0.0250  43.89413204
  0.0260  42.56853797
  0.0270  41.19591777
  0.0280  39.77683120
  0.0290  38.31185684
  0.0300  36.80159185
  0.0310  35.24665172
  0.0320  33.64767003
  0.0330  32.00529814
  0.0340  30.32020497
  0.0350  28.59307672
  0.0360  26.82461659
  0.0370  25.01554454
  0.0380  23.16659701
  0.0390  21.27852676
  0.0400  19.35210271
  0.0410  17.38810986
  0.0420  15.38734959
  0.0430  13.35064039
  0.0440  11.27881985
  0.0450  9.17275015
  0.0460  7.03333426
  0.0470  4.86157793
  0.0480  2.65896590
  0.0490  0.43955954
  0.0500  1.84770838
  0.0510  4.13899469
  0.0520  6.46002252
  0.0530  8.80853008
  0.0540  11.18334435
  0.0550  13.58343630
  0.0560  16.00780823
  0.0570  18.45546793
  0.0580  20.92542073
  0.0590  23.41666661
  0.0600  25.92819926
  0.0610  28.45900569
  0.0620  31.00806636
  0.0630  33.57435536
  0.0640  36.15684071
  0.0650  38.75448475
  0.0660  41.36624448
  0.0670  43.99107200
  0.0680  46.62791493
  0.0690  49.27571680
  0.0700  51.93341753
  0.0710  54.59995384
  0.0720  57.27425968
  0.0730  59.95526669
  0.0740  62.64190465
  0.0750  65.33310190
  0.0760  68.02778581
  0.0770  70.72488319
  0.0780  73.42332077
  0.0790  76.12202566
  0.0800  78.81992572
  0.0810  81.51595007
  0.0820  84.20902953
  0.0830  86.89809703
  0.0840  89.58208804
  0.0850  92.25994108
  0.0860  94.93059807
  0.0870  97.59300482
  0.0880  100.24611143
  0.0890  102.88887273
  0.0900  105.52024873
  0.0910  108.13920500
  0.0920  110.74471312
  0.0930  113.33575109
  0.0940  115.91130374
  0.0950  118.47036314
  0.0960  121.01192902
  0.0970  123.53500915
  0.0980  126.03861974
  0.0990  128.52178587
  0.1000  130.98354182
  0.1010  133.42293151
  0.1020  135.83900884
  0.1030  138.23083808
  0.1040  140.59749424
  0.1050  142.93806344
  0.1060  145.25164326
  0.1070  147.53734309
  0.1080  149.79428447
  0.1090  152.02160145
  0.1100  154.21844093
  0.1110  156.38396296
  0.1120  158.51734108
  0.1130  160.61776263
  0.1140  162.68442908
  0.1150  164.71655629
  0.1160  166.71337486
  0.1170  168.67413036
  0.1180  170.59808366
  0.1190  172.48451119
  0.1200  174.33270518
  0.1210  176.14197396
  0.1220  177.91164220
  0.1230  179.64105114
  0.1240  181.32955882
  0.1250  182.97654035
  0.1260  184.58138809
  0.1270  186.14351189
  0.1280  187.66233927
  0.1290  189.13731563
  0.1300  190.56790447
  0.1310  191.95358749
  0.1320  193.29386485
  0.1330  194.58825528
  0.1340  195.83629626
  0.1350  197.03754413
  0.1360  198.19157430
  0.1370  199.29798129
  0.1380  200.35637893
  0.1390  201.36640043
  0.1400  202.32769848
  0.1410  203.23994536
  0.1420  204.10283305
  0.1430  204.91607325
  0.1440  205.67939750
  0.1450  206.39255721
  0.1460  207.05532373
  0.1470  207.66748839
  0.1480  208.22886252
  0.1490  208.73927748
  0.1500  209.19858470
  0.1510  209.60665565
  0.1520  209.96338187
  0.1530  210.26867494
  0.1540  210.52246648
  0.1550  210.72470811
  0.1560  210.87537141
  0.1570  210.97444791
  0.1580  211.02194899
  0.1590  211.01790584
  0.1600  210.96236941
  0.1610  210.85541031
  0.1620  210.69711873
  0.1630  210.48760434
  0.1640  210.22699620
  0.1650  209.91544265
  0.1660  209.55311119
  0.1670  209.14018833
  0.1680  208.67687951
  0.1690  208.16340891
  0.1700  207.60001930
  0.1710  206.98697195
  0.1720  206.32454637
  0.1730  205.61304021
  0.1740  204.85276906
  0.1750  204.04406626
  0.1760  203.18728270
  0.1770  202.28278666
  0.1780  201.33096354
  0.1790  200.33221571
  0.1800  199.28696225
  0.1810  198.19563874
  0.1820  197.05869702
  0.1830  195.87660497
  0.1840  194.64984624
  0.1850  193.37892001
  0.1860  192.06434075
  0.1870  190.70663794
  0.1880  189.30635580
  0.1890  187.86405302
  0.1900  186.38030250
  0.1910  184.85569106
  0.1920  183.29081912
  0.1930  181.68630045
  0.1940  180.04276186
  0.1950  178.36084290
  0.1960  176.64119551
  0.1970  174.88448381
  0.1980  173.09138367
  0.1990  171.26258247
  0.2000  169.39877877
  0.2010  167.50068194
  0.2020  165.56901187
  0.2030  163.60449865
  0.2040  161.60788219
  0.2050  159.57991192
  0.2060  157.52134643
  0.2070  155.43295315
  0.2080  153.31550796
  0.2090  151.16979491
  0.2100  148.99660580
  0.2110  146.79673988
  0.2120  144.57100347
  0.2130  142.32020961
  0.2140  140.04517772
  0.2150  137.74673323
  0.2160  135.42570720
  0.2170  133.08293603
  0.2180  130.71926100
  0.2190  128.33552802
  0.2200  125.93258717
  0.2210  123.51129240
  0.2220  121.07250117
  0.2230  118.61707405
  0.2240  116.14587441
  0.2250  113.65976799
  0.2260  111.15962265
  0.2270  108.64630789
  0.2280  106.12069458
  0.2290  103.58365459
  0.2300  101.03606040
  0.2310  98.47878477
  0.2320  95.91270041
  0.2330  93.33867960
  0.2340  90.75759387
  0.2350  88.17031363
  0.2360  85.57770784
  0.2370  82.98064370
  0.2380  80.37998627
  0.2390  77.77659818
  0.2400  75.17133926
  0.2410  72.56506628
  0.2420  69.95863256
  0.2430  67.35288773
  0.2440  64.74867738
  0.2450  62.14684279
  0.2460  59.54822061
  0.2470  56.95364263
  0.2480  54.36393549
  0.2490  51.77992045
  0.2500  49.20241316
  0.2510  46.63222344
  0.2520  44.07015521
  0.2530  41.51700628
  0.2540  38.97356840
  0.2550  36.44062730
  0.2560  33.91896295
  0.2570  31.40935001
  0.2580  28.91255865
  0.2590  26.42935606
  0.2600  23.96050885
  0.2610  21.50678736
  0.2620  19.06897323
  0.2630  16.64787368
  0.2640  14.24435000
  0.2650  11.85937990
  0.2660  9.49421119
  0.2670  7.15081261
  0.2680  4.83360302
  0.2690  2.56035081
  0.2700  0.65282657
  0.2710  2.16427644
  0.2720  4.36218475
  0.2730  6.56897611
  0.2740  8.75994417
  0.2750  10.92984240
  0.2760  13.07657766
  0.2770  15.19894898
  0.2780  17.29609343
  0.2790  19.36730409
  0.2800  21.41195786
  0.2810  23.42948312
  0.2820  25.41934360
  0.2830  27.38102984
  0.2840  29.31405439
  0.2850  31.21794892
  0.2860  33.09226251
  0.2870  34.93656055
  0.2880  36.75042404
  0.2890  38.53344913
  0.2900  40.28524682
  0.2910  42.00544276
  0.2920  43.69367713
  0.2930  45.34960454
  0.2940  46.97289397
  0.2950  48.56322875
  0.2960  50.12030652
  0.2970  51.64383925
  0.2980  53.13355316
  0.2990  54.58918877
  0.3000  56.01050086
  0.3010  57.39725850
  0.3020  58.74924496
  0.3030  60.06625778
  0.3040  61.34810867
  0.3050  62.59462357
  0.3060  63.80564254
  0.3070  64.98101977
  0.3080  66.12062354
  0.3090  67.22433618
  0.3100  68.29205401
  0.3110  69.32368727
  0.3120  70.31916012
  0.3130  71.27841051
  0.3140  72.20139015
  0.3150  73.08806444
  0.3160  73.93841236
  0.3170  74.75242644
  0.3180  75.53011260
  0.3190  76.27149013
  0.3200  76.97659154
  0.3210  77.64546248
  0.3220  78.27816162
  0.3230  78.87476058
  0.3240  79.43534373
  0.3250  79.96000816
  0.3260  80.44886349
  0.3270  80.90203178
  0.3280  81.31964736
  0.3290  81.70185674
  0.3300  82.04881840
  0.3310  82.36070273
  0.3320  82.63769179
  0.3330  82.87997923
  0.3340  83.08777007
  0.3350  83.26128061
  0.3360  83.40073819
  0.3370  83.50638108
  0.3380  83.57845826
  0.3390  83.61722931
  0.3400  83.62296416
  0.3410  83.59594295
  0.3420  83.53645584
  0.3430  83.44480283
  0.3440  83.32129356
  0.3450  83.16624710
  0.3460  82.97999181
  0.3470  82.76286508
  0.3480  82.51521318
  0.3490  82.23739103
  0.3500  81.92976201
  0.3510  81.59269774
  0.3520  81.22657791
  0.3530  80.83179000
  0.3540  80.40872917
  0.3550  79.95779793
  0.3560  79.47940605
  0.3570  78.97397022
  0.3580  78.44191395
  0.3590  77.88366727
  0.3600  77.29966654
  0.3610  76.69035425
  0.3620  76.05617875
  0.3630  75.39759410
  0.3640  74.71505977
  0.3650  74.00904048
  0.3660  73.28000593
  0.3670  72.52843064
  0.3680  71.75479364
  0.3690  70.95957833
  0.3700  70.14327220
  0.3710  69.30636663
  0.3720  68.44935667
  0.3730  67.57274081
  0.3740  66.67702076
  0.3750  65.76270122
  0.3760  64.83028966
  0.3770  63.88029612
  0.3780  62.91323296
  0.3790  61.92961467
  0.3800  60.92995760
  0.3810  59.91477982
  0.3820  58.88460084
  0.3830  57.83994142
  0.3840  56.78132335
  0.3850  55.70926924
  0.3860  54.62430231
  0.3870  53.52694617
  0.3880  52.41772463
  0.3890  51.29716147
  0.3900  50.16578027
  0.3910  49.02410417
  0.3920  47.87265569
  0.3930  46.71195652
  0.3940  45.54252733
  0.3950  44.36488759
  0.3960  43.17955534
  0.3970  41.98704705
  0.3980  40.78787737
  0.3990  39.58255903
  0.4000  38.37160258
  0.4010  37.15551625
  0.4020  35.93480578
  0.4030  34.70997423
  0.4040  33.48152183
  0.4050  32.24994583
  0.4060  31.01574031
  0.4070  29.77939604
  0.4080  28.54140037
  0.4090  27.30223706
  0.4100  26.06238619
  0.4110  24.82232399
  0.4120  23.58252285
  0.4130  22.34345114
  0.4140  21.10557326
  0.4150  19.86934959
  0.4160  18.63523660
  0.4170  17.40368694
  0.4180  16.17514982
  0.4190  14.95007142
  0.4200  13.72889573
  0.4210  12.51206593
  0.4220  11.30002666
  0.4230  10.09322798
  0.4240  8.89213261
  0.4250  7.69722979
  0.4260  6.50906417
  0.4270  5.32830253
  0.4280  4.15591170
  0.4290  2.99374554
  0.4300  1.84729882
  0.4310  0.75330680
  0.4320  0.60850786
  0.4330  1.66162692
  0.4340  2.77073990
  0.4350  3.87982905
  0.4360  4.98212964
  0.4370  6.07558592
  0.4380  7.15922128
  0.4390  8.23241992
  0.4400  9.29471776
  0.4410  10.34572605
  0.4420  11.38509881
  0.4430  12.41251743
  0.4440  13.42768263
  0.4450  14.43031010
  0.4460  15.42012793
  0.4470  16.39687507
  0.4480  17.36030033
  0.4490  18.31016178
  0.4500  19.24622630
  0.4510  20.16826932
  0.4520  21.07607461
  0.4530  21.96943416
  0.4540  22.84814804
  0.4550  23.71202437
  0.4560  24.56087923
  0.4570  25.39453663
  0.4580  26.21282848
  0.4590  27.01559455
  0.4600  27.80268243
  0.4610  28.57394751
  0.4620  29.32925299
  0.4630  30.06846978
  0.4640  30.79147655
  0.4650  31.49815966
  0.4660  32.18841311
  0.4670  32.86213856
  0.4680  33.51924528
  0.4690  34.15965008
  0.4700  34.78327730
  0.4710  35.39005880
  0.4720  35.97993383
  0.4730  36.55284909
  0.4740  37.10875860
  0.4750  37.64762368
  0.4760  38.16941293
  0.4770  38.67410211
  0.4780  39.16167413
  0.4790  39.63211897
  0.4800  40.08543364
  0.4810  40.52162209
  0.4820  40.94069515
  0.4830  41.34267047
  0.4840  41.72757245
  0.4850  42.09543215
  0.4860  42.44628724
  0.4870  42.78018189
  0.4880  43.09716673
  0.4890  43.39729871
  0.4900  43.68064110
  0.4910  43.94726332
  0.4920  44.19724091
  0.4930  44.43065542
  0.4940  44.64759431
  0.4950  44.84815088
  0.4960  45.03242415
  0.4970  45.20051878
  0.4980  45.35254498
  0.4990  45.48861838
  0.5000  45.60885998
  0.5010  45.71339599
  0.5020  45.80235775
  0.5030  45.87588166
  0.5040  45.93410902
  0.5050  45.97718593
  0.5060  46.00526324
  0.5070  46.01849637
  0.5080  46.01704522
  0.5090  46.00107408
  0.5100  45.97075149
  0.5110  45.92625017
  0.5120  45.86774683
  0.5130  45.79542212
  0.5140  45.70946051
  0.5150  45.61005013
  0.5160  45.49738270
  0.5170  45.37165337
  0.5180  45.23306066
  0.5190  45.08180626
  0.5200  44.91809499
  0.5210  44.74213464
  0.5220  44.55413585
  0.5230  44.35431199
  0.5240  44.14287908
  0.5250  43.92005560
  0.5260  43.68606242
  0.5270  43.44112267
  0.5280  43.18546162
  0.5290  42.91930654
  0.5300  42.64288661
  0.5310  42.35643278
  0.5320  42.06017765
  0.5330  41.75435537
  0.5340  41.43920150
  0.5350  41.11495291
  0.5360  40.78184763
  0.5370  40.44012477
  0.5380  40.09002439
  0.5390  39.73178737
  0.5400  39.36565532
  0.5410  38.99187042
  0.5420  38.61067536
  0.5430  38.22231321
  0.5440  37.82702728
  0.5450  37.42506104
  0.5460  37.01665799
  0.5470  36.60206155
  0.5480  36.18151499
  0.5490  35.75526127
  0.5500  35.32354295
  0.5510  34.88660210
  0.5520  34.44468018
  0.5530  33.99801796
  0.5540  33.54685539
  0.5550  33.09143150
  0.5560  32.63198434
  0.5570  32.16875084
  0.5580  31.70196674
  0.5590  31.23186647
  0.5600  30.75868309
  0.5610  30.28264818
  0.5620  29.80399175
  0.5630  29.32294216
  0.5640  28.83972603
  0.5650  28.35456816
  0.5660  27.86769144
  0.5670  27.37931676
  0.5680  26.88966296
  0.5690  26.39894675
  0.5700  25.90738259
  0.5710  25.41518269
  0.5720  24.92255685
  0.5730  24.42971249
  0.5740  23.93685450
  0.5750  23.44418523
  0.5760  22.95190441
  0.5770  22.46020906
  0.5780  21.96929349
  0.5790  21.47934920
  0.5800  20.99056484
  0.5810  20.50312619
  0.5820  20.01721604
  0.5830  19.53301423
  0.5840  19.05069754
  0.5850  18.57043970
  0.5860  18.09241130
  0.5870  17.61677983
  0.5880  17.14370958
  0.5890  16.67336165
  0.5900  16.20589393
  0.5910  15.74146106
  0.5920  15.28021443
  0.5930  14.82230218
  0.5940  14.36786917
  0.5950  13.91705701
  0.5960  13.47000404
  0.5970  13.02684537
  0.5980  12.58771289
  0.5990  12.15273530
  0.6000  11.72203817
  0.6010  11.29574397
  0.6020  10.87397215
  0.6030  10.45683925
  0.6040  10.04445897
  0.6050  9.63694233
  0.6060  9.23439783
  0.6070  8.83693162
  0.6080  8.44464781
  0.6090  8.05764871
  0.6100  7.67603525
  0.6110  7.29990746
  0.6120  6.92936503
  0.6130  6.56450809
  0.6140  6.20543821
  0.6150  5.85225958
  0.6160  5.50508072
  0.6170  5.16401657
  0.6180  4.82919146
  0.6190  4.50074296
  0.6200  4.17882736
  0.6210  3.86362725
  0.6220  3.55536240
  0.6230  3.25430567
  0.6240  2.96080672
  0.6250  2.67532827
  0.6260  2.39850318
  0.6270  2.13122651
  0.6280  1.87480844
  0.6290  1.63123446
  0.6300  1.40361399
  0.6310  1.19693989
  0.6320  1.01924730
  0.6330  0.88277009
  0.6340  0.80292525
  0.6350  0.79125195
  0.6360  0.84539101
  0.6370  0.94972591
  0.6380  1.08612958
  0.6390  1.24086654
  0.6400  1.40514114
  0.6410  1.57358776
  0.6420  1.74291962
  0.6430  1.91107487
  0.6440  2.07672239
  0.6450  2.23897896
  0.6460  2.39724464
  0.6470  2.55110444
  0.6480  2.70026776
  0.6490  2.84453005
  0.6500  2.98374783
  0.6510  3.11782204
  0.6520  3.24668663
  0.6530  3.37030060
  0.6540  3.48864236
  0.6550  3.60170560
  0.6560  3.70949625
  0.6570  3.81203022
  0.6580  3.90933169
  0.6590  4.00143174
  0.6600  4.08836732
  0.6610  4.17018045
  0.6620  4.24691750
  0.6630  4.31862871
  0.6640  4.38536772
  0.6650  4.44719118
  0.6660  4.50415848
  0.6670  4.55633146
  0.6680  4.60377415
  0.6690  4.64655267
  0.6700  4.68473493
  0.6710  4.71839055
  0.6720  4.74759073
  0.6730  4.77240807
  0.6740  4.79291647
  0.6750  4.80919105
  0.6760  4.82130804
  0.6770  4.82934466
  0.6780  4.83337907
  0.6790  4.83349025
  0.6800  4.82975797
  0.6810  4.82226267
  0.6820  4.81108541
  0.6830  4.79630780
  0.6840  4.77801194
  0.6850  4.75628036
  0.6860  4.73119592
  0.6870  4.70284180
  0.6880  4.67130144
  0.6890  4.63665844
  0.6900  4.59899654
  0.6910  4.55839959
  0.6920  4.51495145
  0.6930  4.46873596
  0.6940  4.41983691
  0.6950  4.36833798
  0.6960  4.31432269
  0.6970  4.25787435
  0.6980  4.19907605
  0.6990  4.13801059
  0.7000  4.07476045
  0.7010  4.00940774
  0.7020  3.94203418
  0.7030  3.87272107
  0.7040  3.80154922
  0.7050  3.72859894
  0.7060  3.65395004
  0.7070  3.57768173
  0.7080  3.49987264
  0.7090  3.42060080
  0.7100  3.33994358
  0.7110  3.25797768
  0.7120  3.17477912
  0.7130  3.09042321
  0.7140  3.00498452
  0.7150  2.91853691
  0.7160  2.83115347
  0.7170  2.74290651
  0.7180  2.65386762
  0.7190  2.56410758
  0.7200  2.47369644
  0.7210  2.38270351
  0.7220  2.29119735
  0.7230  2.19924585
  0.7240  2.10691623
  0.7250  2.01427516
  0.7260  1.92138878
  0.7270  1.82832288
  0.7280  1.73514300
  0.7290  1.64191470
  0.7300  1.54870381
  0.7310  1.45557687
  0.7320  1.36260170
  0.7330  1.26984821
  0.7340  1.17738959
  0.7350  1.08530414
  0.7360  0.99367792
  0.7370  0.90260915
  0.7380  0.81221515
  0.7390  0.72264448
  0.7400  0.63409843
  0.7410  0.54687210
  0.7420  0.46143831
  0.7430  0.37863374
  0.7440  0.30011314
  0.7450  0.22955270
  0.7460  0.17570555
  0.7470  0.15558315
  0.7480  0.17965585
  0.7490  0.23375551
  0.7500  0.30139836
  0.7510  0.37469205
  0.7520  0.45033760
  0.7530  0.52683745
  0.7540  0.60343077
  0.7550  0.67968949
  0.7560  0.75535087
  0.7570  0.83024131
  0.7580  0.90423856
  0.7590  0.97725185
  0.7600  1.04921062
  0.7610  1.12005789
  0.7620  1.18974627
  0.7630  1.25823528
  0.7640  1.32548969
  0.7650  1.39147838
  0.7660  1.45617347
  0.7670  1.51954984
  0.7680  1.58158464
  0.7690  1.64225704
  0.7700  1.70154797
  0.7710  1.75943995
  0.7720  1.81591695
  0.7730  1.87096432
  0.7740  1.92456864
  0.7750  1.97671769
  0.7760  2.02740038
  0.7770  2.07660672
  0.7780  2.12432774
  0.7790  2.17055547
  0.7800  2.21528293
  0.7810  2.25850408
  0.7820  2.30021377
  0.7830  2.34040779
  0.7840  2.37908276
  0.7850  2.41623617
  0.7860  2.45186633
  0.7870  2.48597240
  0.7880  2.51855428
  0.7890  2.54961270
  0.7900  2.57914914
  0.7910  2.60716583
  0.7920  2.63366573
  0.7930  2.65865253
  0.7940  2.68213062
  0.7950  2.70410511
  0.7960  2.72458175
  0.7970  2.74356698
  0.7980  2.76106792
  0.7990  2.77709228
  0.8000  2.79164845
  0.8010  2.80474540
  0.8020  2.81639275
  0.8030  2.82660066
  0.8040  2.83537992
  0.8050  2.84274187
  0.8060  2.84869842
  0.8070  2.85326201
  0.8080  2.85644564
  0.8090  2.85826283
  0.8100  2.85872760
  0.8110  2.85785450
  0.8120  2.85565856
  0.8130  2.85215529
  0.8140  2.84736069
  0.8150  2.84129121
  0.8160  2.83396375
  0.8170  2.82539567
  0.8180  2.81560474
  0.8190  2.80460917
  0.8200  2.79242758
  0.8210  2.77907899
  0.8220  2.76458281
  0.8230  2.74895885
  0.8240  2.73222727
  0.8250  2.71440861
  0.8260  2.69552378
  0.8270  2.67559401
  0.8280  2.65464088
  0.8290  2.63268631
  0.8300  2.60975253
  0.8310  2.58586207
  0.8320  2.56103779
  0.8330  2.53530284
  0.8340  2.50868063
  0.8350  2.48119488
  0.8360  2.45286958
  0.8370  2.42372897
  0.8380  2.39379754
  0.8390  2.36310006
  0.8400  2.33166152
  0.8410  2.29950716
  0.8420  2.26666244
  0.8430  2.23315306
  0.8440  2.19900492
  0.8450  2.16424415
  0.8460  2.12889711
  0.8470  2.09299034
  0.8480  2.05655059
  0.8490  2.01960485
  0.8500  1.98218028
  0.8510  1.94430425
  0.8520  1.90600437
  0.8530  1.86730842
  0.8540  1.82824444
  0.8550  1.78884066
  0.8560  1.74912558
  0.8570  1.70912793
  0.8580  1.66887671
  0.8590  1.62840120
  0.8600  1.58773101
  0.8610  1.54689608
  0.8620  1.50592670
  0.8630  1.46485362
  0.8640  1.42370802
  0.8650  1.38252164
  0.8660  1.34132678
  0.8670  1.30015645
  0.8680  1.25904442
  0.8690  1.21802539
  0.8700  1.17713505
  0.8710  1.13641034
  0.8720  1.09588959
  0.8730  1.05561275
  0.8740  1.01562172
  0.8750  0.97596064
  0.8760  0.93667631
  0.8770  0.89781865
  0.8780  0.85944132
  0.8790  0.82160232
  0.8800  0.78436490
  0.8810  0.74779845
  0.8820  0.71197966
  0.8830  0.67699386
  0.8840  0.64293657
  0.8850  0.60991521
  0.8860  0.57805101
  0.8870  0.54748099
  0.8880  0.51835983
  0.8890  0.49086129
  0.8900  0.46517878
  0.8910  0.44152422
  0.8920  0.42012435
  0.8930  0.40121335
  0.8940  0.38502090
  0.8950  0.37175542
  0.8960  0.36158354
  0.8970  0.35460874
  0.8980  0.35085348
  0.8990  0.35024964
  0.9000  0.35264021
  0.9010  0.35779230
  0.9020  0.36541826
  0.9030  0.37519967
  0.9040  0.38680981
  0.9050  0.39993129
  0.9060  0.41426799
  0.9070  0.42955165
  0.9080  0.44554437
  0.9090  0.46203820
  0.9100  0.47885324
  0.9110  0.49583474
  0.9120  0.51285008
  0.9130  0.52978571
  0.9140  0.54654448
  0.9150  0.56304309
  0.9160  0.57921011
  0.9170  0.59498406
  0.9180  0.61031203
  0.9190  0.62514831
  0.9200  0.63945342
  0.9210  0.65319321
  0.9220  0.66633812
  0.9230  0.67886258
  0.9240  0.69074452
  0.9250  0.70196494
  0.9260  0.71250755
  0.9270  0.72235848
  0.9280  0.73150603
  0.9290  0.73994043
  0.9300  0.74765371
  0.9310  0.75463951
  0.9320  0.76089293
  0.9330  0.76641048
  0.9340  0.77118992
  0.9350  0.77523019
  0.9360  0.77853138
  0.9370  0.78109458
  0.9380  0.78292190
  0.9390  0.78401640
  0.9400  0.78438201
  0.9410  0.78402353
  0.9420  0.78294658
  0.9430  0.78115756
  0.9440  0.77866365
  0.9450  0.77547274
  0.9460  0.77159344
  0.9470  0.76703507
  0.9480  0.76180758
  0.9490  0.75592162
  0.9500  0.74938844
  0.9510  0.74221993
  0.9520  0.73442862
  0.9530  0.72602761
  0.9540  0.71703063
  0.9550  0.70745197
  0.9560  0.69730656
  0.9570  0.68660989
  0.9580  0.67537806
  0.9590  0.66362778
  0.9600  0.65137637
  0.9610  0.63864182
  0.9620  0.62544273
  0.9630  0.61179843
  0.9640  0.59772898
  0.9650  0.58325522
  0.9660  0.56839882
  0.9670  0.55318241
  0.9680  0.53762962
  0.9690  0.52176524
  0.9700  0.50561535
  0.9710  0.48920752
  0.9720  0.47257103
  0.9730  0.45573717
  0.9740  0.43873956
  0.9750  0.42161466
  0.9760  0.40440224
  0.9770  0.38714613
  0.9780  0.36989505
  0.9790  0.35270368
  0.9800  0.33563402
  0.9810  0.31875702
  0.9820  0.30215462
  0.9830  0.28592222
  0.9840  0.27017151
  0.9850  0.25503373
  0.9860  0.24066296
  0.9870  0.22723888
  0.9880  0.21496813
  0.9890  0.20408233
  0.9900  0.19483080
  0.9910  0.18746556
  0.9920  0.18221773
  0.9930  0.17926768
  0.9940  0.17871574
  0.9950  0.18056298
  0.9960  0.18470978
  0.9970  0.19097291
  0.9980  0.19911439
  0.9990  0.20887236
