  0.0000  69.25179296
  0.0010  69.21919553
  0.0020  69.12141858
  0.0030  68.95850820
  0.0040  68.73054114
  0.0050  68.43762485
  0.0060  68.07989733
  0.0070  67.65752715
  0.0080  67.17071333
  0.0090  66.61968523
  0.0100  66.00470247
  0.0110  65.32605478
  0.0120  64.58406189
  0.0130  63.77907332
  0.0140  62.91146826
  0.0150  61.98165538
  0.0160  60.99007261
  0.0170  59.93718693
  0.0180  58.82349416
  0.0190  57.64951871
  0.0200  56.41581333
  0.0210  55.12295883
  0.0220  53.77156382
  0.0230  52.36226440
  0.0240  50.89572385
  0.0250  49.37263231
  0.0260  47.79370648
  0.0270  46.15968922
  0.0280  44.47134925
  0.0290  42.72948074
  0.0300  40.93490297
  0.0310  39.08845994
  0.0320  37.19101994
  0.0330  35.24347521
  0.0340  33.24674155
  0.0350  31.20175788
  0.0360  29.10948593
  0.0370  26.97090991
  0.0380  24.78703621
  0.0390  22.55889336
  0.0400  20.28753211
  0.0410  17.97402615
  0.0420  15.61947386
  0.0430  13.22500272
  0.0440  10.79178070
  0.0450  8.32104931
  0.0460  5.81424591
  0.0470  3.27370652
  0.0480  0.71875608
  0.0490  1.93081519
  0.0500  4.56695236
  0.0510  7.23805280
  0.0520  9.93931284
  0.0530  12.66891572
  0.0540  15.42541833
  0.0550  18.20746512
  0.0560  21.01372441
  0.0570  23.84286885
  0.0580  26.69356831
  0.0590  29.56448712
  0.0600  32.45428305
  0.0610  35.36160708
  0.0620  38.28510354
  0.0630  41.22341047
  0.0640  44.17516015
  0.0650  47.13897956
  0.0660  50.11349107
  0.0670  53.09731295
  0.0680  56.08906007
  0.0690  59.08734455
  0.0700  62.09077636
  0.0710  65.09796402
  0.0720  68.10751524
  0.0730  71.11803761
  0.0740  74.12813924
  0.0750  77.13642944
  0.0760  80.14151937
  0.0770  83.14202274
  0.0780  86.13655644
  0.0790  89.12374122
  0.0800  92.10220232
  0.0810  95.07057020
  0.0820  98.02748111
  0.0830  100.97157780
  0.0840  103.90151013
  0.0850  106.81593574
  0.0860  109.71352069
  0.0870  112.59294007
  0.0880  115.45287865
  0.0890  118.29203148
  0.0900  121.10910456
  0.0910  123.90281539
  0.0920  126.67189360
  0.0930  129.41508155
  0.0940  132.13113493
  0.0950  134.81882333
  0.0960  137.47693080
  0.0970  140.10425648
  0.0980  142.69961506
  0.0990  145.26183742
  0.1000  147.78977115
  0.1010  150.28228102
  0.1020  152.73824960
  0.1030  155.15657771
  0.1040  157.53618493
  0.1050  159.87601011
  0.1060  162.17501184
  0.1070  164.43216891
  0.1080  166.64648082
  0.1090  168.81696816
  0.1100  170.94267309
  0.1110  173.02265976
  0.1120  175.05601472
  0.1130  177.04184731
  0.1140  178.97929008
  0.1150  180.86749914
  0.1160  182.70565452
  0.1170  184.49296054
  0.1180  186.22864615
  0.1190  187.91196523
  0.1200  189.54219694
  0.1210  191.11864597
  0.1220  192.64064287
  0.1230  194.10754429
  0.1240  195.51873325
  0.1250  196.87361940
  0.1260  198.17163920
  0.1270  199.41225618
  0.1280  200.59496114
  0.1290  201.71927230
  0.1300  202.78473550
  0.1310  203.79092437
  0.1320  204.73744043
  0.1330  205.62391326
  0.1340  206.45000060
  0.1350  207.21538845
  0.1360  207.91979113
  0.1370  208.56295141
  0.1380  209.14464050
  0.1390  209.66465814
  0.1400  210.12283261
  0.1410  210.51902072
  0.1420  210.85310786
  0.1430  211.12500794
  0.1440  211.33466336
  0.1450  211.48204501
  0.1460  211.56715214
  0.1470  211.59001237
  0.1480  211.55068152
  0.1490  211.44924358
  0.1500  211.28581053
  0.1510  211.06052229
  0.1520  210.77354650
  0.1530  210.42507841
  0.1540  210.01534069
  0.1550  209.54458328
  0.1560  209.01308314
  0.1570  208.42114410
  0.1580  207.76909662
  0.1590  207.05729751
  0.1600  206.28612978
  0.1610  205.45600229
  0.1620  204.56734954
  0.1630  203.62063134
  0.1640  202.61633258
  0.1650  201.55496286
  0.1660  200.43705623
  0.1670  199.26317081
  0.1680  198.03388850
  0.1690  196.74981461
  0.1700  195.41157751
  0.1710  194.01982823
  0.1720  192.57524013
  0.1730  191.07850850
  0.1740  189.53035012
  0.1750  187.93150292
  0.1760  186.28272552
  0.1770  184.58479681
  0.1780  182.83851555
  0.1790  181.04469987
  0.1800  179.20418690
  0.1810  177.31783224
  0.1820  175.38650956
  0.1830  173.41111007
  0.1840  171.39254211
  0.1850  169.33173060
  0.1860  167.22961661
  0.1870  165.08715681
  0.1880  162.90532303
  0.1890  160.68510169
  0.1900  158.42749334
  0.1910  156.13351213
  0.1920  153.80418527
  0.1930  151.44055252
  0.1940  149.04366567
  0.1950  146.61458799
  0.1960  144.15439373
  0.1970  141.66416751
  0.1980  139.14500387
  0.1990  136.59800665
  0.2000  134.02428848
  0.2010  131.42497024
  0.2020  128.80118047
  0.2030  126.15405486
  0.2040  123.48473569
  0.2050  120.79437124
  0.2060  118.08411530
  0.2070  115.35512655
  0.2080  112.60856805
  0.2090  109.84560666
  0.2100  107.06741252
  0.2110  104.27515845
  0.2120  101.47001945
  0.2130  98.65317208
  0.2140  95.82579400
  0.2150  92.98906334
  0.2160  90.14415822
  0.2170  87.29225615
  0.2180  84.43453354
  0.2190  81.57216513
  0.2200  78.70632347
  0.2210  75.83817838
  0.2220  72.96889644
  0.2230  70.09964044
  0.2240  67.23156889
  0.2250  64.36583549
  0.2260  61.50358862
  0.2270  58.64597085
  0.2280  55.79411844
  0.2290  52.94916084
  0.2300  50.11222021
  0.2310  47.28441096
  0.2320  44.46683929
  0.2330  41.66060273
  0.2340  38.86678972
  0.2350  36.08647920
  0.2360  33.32074027
  0.2370  30.57063182
  0.2380  27.83720235
  0.2390  25.12148986
  0.2400  22.42452199
  0.2410  19.74731665
  0.2420  17.09088359
  0.2430  14.45622802
  0.2440  11.84435959
  0.2450  9.25631654
  0.2460  6.69324535
  0.2470  4.15676930
  0.2480  1.65268878
  0.2490  0.87043492
  0.2500  3.30823140
  0.2510  5.73288516
  0.2520  8.12928095
  0.2530  10.49544063
  0.2540  12.83026124
  0.2550  15.13283916
  0.2560  17.40234656
  0.2570  19.63799691
  0.2580  21.83903282
  0.2590  24.00472106
  0.2600  26.13435037
  0.2610  28.22723045
  0.2620  30.28269148
  0.2630  32.30008398
  0.2640  34.27877875
  0.2650  36.21816695
  0.2660  38.11766017
  0.2670  39.97669058
  0.2680  41.79471105
  0.2690  43.57119528
  0.2700  45.30563794
  0.2710  46.99755479
  0.2720  48.64648285
  0.2730  50.25198045
  0.2740  51.81362739
  0.2750  53.33102501
  0.2760  54.80379632
  0.2770  56.23158604
  0.2780  57.61406069
  0.2790  58.95090866
  0.2800  60.24184025
  0.2810  61.48658773
  0.2820  62.68490533
  0.2830  63.83656932
  0.2840  64.94137797
  0.2850  65.99915158
  0.2860  67.00973245
  0.2870  67.97298489
  0.2880  68.88879515
  0.2890  69.75707140
  0.2900  70.57774370
  0.2910  71.35076389
  0.2920  72.07610556
  0.2930  72.75376394
  0.2940  73.38375583
  0.2950  73.96611948
  0.2960  74.50091451
  0.2970  74.98822172
  0.2980  75.42814304
  0.2990  75.82080135
  0.3000  76.16634030
  0.3010  76.46492420
  0.3020  76.71673784
  0.3030  76.92198627
  0.3040  77.08089467
  0.3050  77.19370811
  0.3060  77.26069134
  0.3070  77.28212862
  0.3080  77.25832344
  0.3090  77.18959833
  0.3100  77.07629459
  0.3110  76.91877206
  0.3120  76.71740883
  0.3130  76.47260103
  0.3140  76.18476249
  0.3150  75.85432451
  0.3160  75.48173554
  0.3170  75.06746090
  0.3180  74.61198246
  0.3190  74.11579835
  0.3200  73.57942262
  0.3210  73.00338492
  0.3220  72.38823018
  0.3230  71.73451827
  0.3240  71.04282365
  0.3250  70.31373501
  0.3260  69.54785495
  0.3270  68.74579956
  0.3280  67.90819812
  0.3290  67.03569269
  0.3300  66.12893772
  0.3310  65.18859972
  0.3320  64.21535683
  0.3330  63.20989844
  0.3340  62.17292480
  0.3350  61.10514664
  0.3360  60.00728473
  0.3370  58.88006951
  0.3380  57.72424066
  0.3390  56.54054672
  0.3400  55.32974463
  0.3410  54.09259936
  0.3420  52.82988347
  0.3430  51.54237669
  0.3440  50.23086551
  0.3450  48.89614276
  0.3460  47.53900717
  0.3470  46.16026296
  0.3480  44.76071941
  0.3490  43.34119046
  0.3500  41.90249426
  0.3510  40.44545274
  0.3520  38.97089123
  0.3530  37.47963802
  0.3540  35.97252394
  0.3550  34.45038196
  0.3560  32.91404677
  0.3570  31.36435444
  0.3580  29.80214194
  0.3590  28.22824686
  0.3600  26.64350700
  0.3610  25.04876008
  0.3620  23.44484342
  0.3630  21.83259377
  0.3640  20.21284714
  0.3650  18.58643885
  0.3660  16.95420380
  0.3670  15.31697718
  0.3680  13.67559606
  0.3690  12.03090245
  0.3700  10.38374980
  0.3710  8.73501728
  0.3720  7.08564441
  0.3730  5.43672936
  0.3740  3.78988397
  0.3750  2.14921555
  0.3760  0.55906192
  0.3770  1.19165431
  0.3780  2.81212496
  0.3790  4.44219409
  0.3800  6.06975588
  0.3810  7.69232219
  0.3820  9.30863293
  0.3830  10.91774855
  0.3840  12.51884819
  0.3850  14.11116697
  0.3860  15.69397217
  0.3870  17.26655301
  0.3880  18.82821567
  0.3890  20.37828090
  0.3900  21.91608272
  0.3910  23.44096778
  0.3920  24.95229505
  0.3930  26.44943569
  0.3940  27.93177306
  0.3950  29.39870279
  0.3960  30.84963286
  0.3970  32.28398378
  0.3980  33.70118867
  0.3990  35.10069348
  0.4000  36.48195708
  0.4010  37.84445147
  0.4020  39.18766192
  0.4030  40.51108709
  0.4040  41.81423919
  0.4050  43.09664414
  0.4060  44.35784166
  0.4070  45.59738541
  0.4080  46.81484313
  0.4090  48.00979672
  0.4100  49.18184234
  0.4110  50.33059053
  0.4120  51.45566626
  0.4130  52.55670905
  0.4140  53.63337299
  0.4150  54.68532686
  0.4160  55.71225412
  0.4170  56.71385300
  0.4180  57.68983654
  0.4190  58.63993259
  0.4200  59.56388384
  0.4210  60.46144785
  0.4220  61.33239706
  0.4230  62.17651875
  0.4240  62.99361507
  0.4250  63.78350301
  0.4260  64.54601437
  0.4270  65.28099574
  0.4280  65.98830843
  0.4290  66.66782848
  0.4300  67.31944655
  0.4310  67.94306787
  0.4320  68.53861221
  0.4330  69.10601375
  0.4340  69.64522105
  0.4350  70.15619691
  0.4360  70.63891831
  0.4370  71.09337631
  0.4380  71.51957592
  0.4390  71.91753598
  0.4400  72.28728908
  0.4410  72.62888138
  0.4420  72.94237252
  0.4430  73.22783547
  0.4440  73.48535637
  0.4450  73.71503438
  0.4460  73.91698156
  0.4470  74.09132266
  0.4480  74.23819499
  0.4490  74.35774824
  0.4500  74.45014430
  0.4510  74.51555707
  0.4520  74.55417230
  0.4530  74.56618738
  0.4540  74.55181115
  0.4550  74.51126370
  0.4560  74.44477619
  0.4570  74.35259061
  0.4580  74.23495958
  0.4590  74.09214616
  0.4600  73.92442361
  0.4610  73.73207516
  0.4620  73.51539382
  0.4630  73.27468212
  0.4640  73.01025191
  0.4650  72.72242409
  0.4660  72.41152843
  0.4670  72.07790327
  0.4680  71.72189531
  0.4690  71.34385939
  0.4700  70.94415821
  0.4710  70.52316209
  0.4720  70.08124874
  0.4730  69.61880299
  0.4740  69.13621655
  0.4750  68.63388777
  0.4760  68.11222133
  0.4770  67.57162807
  0.4780  67.01252466
  0.4790  66.43533339
  0.4800  65.84048187
  0.4810  65.22840282
  0.4820  64.59953376
  0.4830  63.95431680
  0.4840  63.29319833
  0.4850  62.61662881
  0.4860  61.92506248
  0.4870  61.21895708
  0.4880  60.49877365
  0.4890  59.76497621
  0.4900  59.01803155
  0.4910  58.25840892
  0.4920  57.48657983
  0.4930  56.70301773
  0.4940  55.90819782
  0.4950  55.10259674
  0.4960  54.28669235
  0.4970  53.46096345
  0.4980  52.62588955
  0.4990  51.78195063
  0.5000  50.92962683
  0.5010  50.06939831
  0.5020  49.20174488
  0.5030  48.32714585
  0.5040  47.44607977
  0.5050  46.55902414
  0.5060  45.66645525
  0.5070  44.76884787
  0.5080  43.86667509
  0.5090  42.96040802
  0.5100  42.05051560
  0.5110  41.13746440
  0.5120  40.22171833
  0.5130  39.30373848
  0.5140  38.38398288
  0.5150  37.46290628
  0.5160  36.54095994
  0.5170  35.61859146
  0.5180  34.69624450
  0.5190  33.77435868
  0.5200  32.85336928
  0.5210  31.93370711
  0.5220  31.01579831
  0.5230  30.10006416
  0.5240  29.18692086
  0.5250  28.27677941
  0.5260  27.37004543
  0.5270  26.46711891
  0.5280  25.56839416
  0.5290  24.67425954
  0.5300  23.78509738
  0.5310  22.90128378
  0.5320  22.02318847
  0.5330  21.15117468
  0.5340  20.28559898
  0.5350  19.42681116
  0.5360  18.57515408
  0.5370  17.73096356
  0.5380  16.89456827
  0.5390  16.06628957
  0.5400  15.24644147
  0.5410  14.43533047
  0.5420  13.63325549
  0.5430  12.84050779
  0.5440  12.05737089
  0.5450  11.28412050
  0.5460  10.52102449
  0.5470  9.76834286
  0.5480  9.02632772
  0.5490  8.29522339
  0.5500  7.57526647
  0.5510  6.86668608
  0.5520  6.16970426
  0.5530  5.48453665
  0.5540  4.81139386
  0.5550  4.15048393
  0.5560  3.50201750
  0.5570  2.86621946
  0.5580  2.24335913
  0.5590  1.63384523
  0.5600  1.03863720
  0.5610  0.46269227
  0.5620  0.17103260
  0.5630  0.69179937
  0.5640  1.23164449
  0.5650  1.76063178
  0.5660  2.27670874
  0.5670  2.77932451
  0.5680  3.26823409
  0.5690  3.74329286
  0.5700  4.20440084
  0.5710  4.65148309
  0.5720  5.08448160
  0.5730  5.50335148
  0.5740  5.90805898
  0.5750  6.29858040
  0.5760  6.67490143
  0.5770  7.03701666
  0.5780  7.38492937
  0.5790  7.71865120
  0.5800  8.03820205
  0.5810  8.34360989
  0.5820  8.63491060
  0.5830  8.91214789
  0.5840  9.17537313
  0.5850  9.42464527
  0.5860  9.66003070
  0.5870  9.88160310
  0.5880  10.08944338
  0.5890  10.28363952
  0.5900  10.46428643
  0.5910  10.63148586
  0.5920  10.78534624
  0.5930  10.92598256
  0.5940  11.05351625
  0.5950  11.16807499
  0.5960  11.26979263
  0.5970  11.35880902
  0.5980  11.43526985
  0.5990  11.49932653
  0.6000  11.55113603
  0.6010  11.59086072
  0.6020  11.61866822
  0.6030  11.63473124
  0.6040  11.63922745
  0.6050  11.63233928
  0.6060  11.61425377
  0.6070  11.58516245
  0.6080  11.54526110
  0.6090  11.49474965
  0.6100  11.43383199
  0.6110  11.36271580
  0.6120  11.28161239
  0.6130  11.19073653
  0.6140  11.09030628
  0.6150  10.98054283
  0.6160  10.86167032
  0.6170  10.73391569
  0.6180  10.59750848
  0.6190  10.45268071
  0.6200  10.29966667
  0.6210  10.13870277
  0.6220  9.97002741
  0.6230  9.79388075
  0.6240  9.61050463
  0.6250  9.42014233
  0.6260  9.22303848
  0.6270  9.01943890
  0.6280  8.80959042
  0.6290  8.59374076
  0.6300  8.37213841
  0.6310  8.14503245
  0.6320  7.91267251
  0.6330  7.67530856
  0.6340  7.43319091
  0.6350  7.18657006
  0.6360  6.93569665
  0.6370  6.68082145
  0.6380  6.42219533
  0.6390  6.16006927
  0.6400  5.89469452
  0.6410  5.62632268
  0.6420  5.35520602
  0.6430  5.08159783
  0.6440  4.80575304
  0.6450  4.52792906
  0.6460  4.24838703
  0.6470  3.96739369
  0.6480  3.68522413
  0.6490  3.40216599
  0.6500  3.11852601
  0.6510  2.83464053
  0.6520  2.55089295
  0.6530  2.26774416
  0.6540  1.98578824
  0.6550  1.70586167
  0.6560  1.42927506
  0.6570  1.15835713
  0.6580  0.89789969
  0.6590  0.65956429
  0.6600  0.47606712
  0.6610  0.42316893
  0.6620  0.53842156
  0.6630  0.74584341
  0.6640  0.98741853
  0.6650  1.24194513
  0.6660  1.50153574
  0.6670  1.76273319
  0.6680  2.02377055
  0.6690  2.28362101
  0.6700  2.54162049
  0.6710  2.79729955
  0.6720  3.05030134
  0.6730  3.30033846
  0.6740  3.54716883
  0.6750  3.79058155
  0.6760  4.03038817
  0.6770  4.26641721
  0.6780  4.49851053
  0.6790  4.72652086
  0.6800  4.95031017
  0.6810  5.16974845
  0.6820  5.38471287
  0.6830  5.59508715
  0.6840  5.80076110
  0.6850  6.00163030
  0.6860  6.19759578
  0.6870  6.38856384
  0.6880  6.57444589
  0.6890  6.75515829
  0.6900  6.93062229
  0.6910  7.10076386
  0.6920  7.26551370
  0.6930  7.42480709
  0.6940  7.57858390
  0.6950  7.72678846
  0.6960  7.86936958
  0.6970  8.00628044
  0.6980  8.13747861
  0.6990  8.26292592
  0.7000  8.38258848
  0.7010  8.49643663
  0.7020  8.60444485
  0.7030  8.70659175
  0.7040  8.80286004
  0.7050  8.89323645
  0.7060  8.97771169
  0.7070  9.05628040
  0.7080  9.12894113
  0.7090  9.19569627
  0.7100  9.25655197
  0.7110  9.31151815
  0.7120  9.36060841
  0.7130  9.40383996
  0.7140  9.44123361
  0.7150  9.47281368
  0.7160  9.49860798
  0.7170  9.51864770
  0.7180  9.53296740
  0.7190  9.54160492
  0.7200  9.54460137
  0.7210  9.54200099
  0.7220  9.53385115
  0.7230  9.52020230
  0.7240  9.50110783
  0.7250  9.47662411
  0.7260  9.44681032
  0.7270  9.41172850
  0.7280  9.37144339
  0.7290  9.32602240
  0.7300  9.27553556
  0.7310  9.22005545
  0.7320  9.15965710
  0.7330  9.09441798
  0.7340  9.02441787
  0.7350  8.94973886
  0.7360  8.87046524
  0.7370  8.78668342
  0.7380  8.69848191
  0.7390  8.60595122
  0.7400  8.50918382
  0.7410  8.40827402
  0.7420  8.30331795
  0.7430  8.19441350
  0.7440  8.08166021
  0.7450  7.96515923
  0.7460  7.84501324
  0.7470  7.72132642
  0.7480  7.59420432
  0.7490  7.46375386
  0.7500  7.33008321
  0.7510  7.19330178
  0.7520  7.05352009
  0.7530  6.91084976
  0.7540  6.76540343
  0.7550  6.61729471
  0.7560  6.46663807
  0.7570  6.31354886
  0.7580  6.15814318
  0.7590  6.00053787
  0.7600  5.84085044
  0.7610  5.67919903
  0.7620  5.51570233
  0.7630  5.35047959
  0.7640  5.18365055
  0.7650  5.01533539
  0.7660  4.84565476
  0.7670  4.67472970
  0.7680  4.50268171
  0.7690  4.32963270
  0.7700  4.15570506
  0.7710  3.98102169
  0.7720  3.80570611
  0.7730  3.62988262
  0.7740  3.45367644
  0.7750  3.27721402
  0.7760  3.10062344
  0.7770  2.92403493
  0.7780  2.74758166
  0.7790  2.57140085
  0.7800  2.39563533
  0.7810  2.22043591
  0.7820  2.04596488
  0.7830  1.87240139
  0.7840  1.69995000
  0.7850  1.52885470
  0.7860  1.35942282
  0.7870  1.19206811
  0.7880  1.02739258
  0.7890  0.86635364
  0.7900  0.71063421
  0.7910  0.56353977
  0.7920  0.43233748
  0.7930  0.33393904
  0.7940  0.29959879
  0.7950  0.34629859
  0.7960  0.44741101
  0.7970  0.57323272
  0.7980  0.70934066
  0.7990  0.84957748
  0.8000  0.99109613
  0.8010  1.13242440
  0.8020  1.27271777
  0.8030  1.41144584
  0.8040  1.54824838
  0.8050  1.68286372
  0.8060  1.81509070
  0.8070  1.94476719
  0.8080  2.07175747
  0.8090  2.19594438
  0.8100  2.31722446
  0.8110  2.43550460
  0.8120  2.55069991
  0.8130  2.66273220
  0.8140  2.77152892
  0.8150  2.87702240
  0.8160  2.97914933
  0.8170  3.07785033
  0.8180  3.17306964
  0.8190  3.26475495
  0.8200  3.35285719
  0.8210  3.43733039
  0.8220  3.51813163
  0.8230  3.59522091
  0.8240  3.66856111
  0.8250  3.73811798
  0.8260  3.80386002
  0.8270  3.86575852
  0.8280  3.92378751
  0.8290  3.97792373
  0.8300  4.02814662
  0.8310  4.07443831
  0.8320  4.11678359
  0.8330  4.15516989
  0.8340  4.18958730
  0.8350  4.22002850
  0.8360  4.24648882
  0.8370  4.26896615
  0.8380  4.28746096
  0.8390  4.30197629
  0.8400  4.31251771
  0.8410  4.31909331
  0.8420  4.32171369
  0.8430  4.32039192
  0.8440  4.31514355
  0.8450  4.30598653
  0.8460  4.29294123
  0.8470  4.27603040
  0.8480  4.25527916
  0.8490  4.23071491
  0.8500  4.20236738
  0.8510  4.17026853
  0.8520  4.13445256
  0.8530  4.09495585
  0.8540  4.05181693
  0.8550  4.00507646
  0.8560  3.95477715
  0.8570  3.90096376
  0.8580  3.84368302
  0.8590  3.78298363
  0.8600  3.71891619
  0.8610  3.65153314
  0.8620  3.58088876
  0.8630  3.50703907
  0.8640  3.43004182
  0.8650  3.34995641
  0.8660  3.26684388
  0.8670  3.18076683
  0.8680  3.09178936
  0.8690  2.99997706
  0.8700  2.90539692
  0.8710  2.80811728
  0.8720  2.70820782
  0.8730  2.60573948
  0.8740  2.50078439
  0.8750  2.39341589
  0.8760  2.28370841
  0.8770  2.17173751
  0.8780  2.05757980
  0.8790  1.94131295
  0.8800  1.82301569
  0.8810  1.70276784
  0.8820  1.58065038
  0.8830  1.45674564
  0.8840  1.33113756
  0.8850  1.20391221
  0.8860  1.07515875
  0.8870  0.94497124
  0.8880  0.81345234
  0.8890  0.68072149
  0.8900  0.54693537
  0.8910  0.41234926
  0.8920  0.27755864
  0.8930  0.14509269
  0.8940  0.05365701
  0.8950  0.15245216
  0.8960  0.28770306
  0.8970  0.42663529
  0.8980  0.56694810
  0.8990  0.70807813
  0.9000  0.84977907
  0.9010  0.99189817
  0.9020  1.13431853
  0.9030  1.27693961
  0.9040  1.41966940
  0.9050  1.56242081
  0.9060  1.70510991
  0.9070  1.84765502
  0.9080  1.98997615
  0.9090  2.13199475
  0.9100  2.27363349
  0.9110  2.41481620
  0.9120  2.55546780
  0.9130  2.69551428
  0.9140  2.83488268
  0.9150  2.97350109
  0.9160  3.11129868
  0.9170  3.24820572
  0.9180  3.38415356
  0.9190  3.51907467
  0.9200  3.65290267
  0.9210  3.78557233
  0.9220  3.91701961
  0.9230  4.04718166
  0.9240  4.17599685
  0.9250  4.30340479
  0.9260  4.42934634
  0.9270  4.55376363
  0.9280  4.67660009
  0.9290  4.79780042
  0.9300  4.91731066
  0.9310  5.03507816
  0.9320  5.15105162
  0.9330  5.26518106
  0.9340  5.37741787
  0.9350  5.48771482
  0.9360  5.59602603
  0.9370  5.70230699
  0.9380  5.80651457
  0.9390  5.90860704
  0.9400  6.00854405
  0.9410  6.10628663
  0.9420  6.20179719
  0.9430  6.29503956
  0.9440  6.38597893
  0.9450  6.47458189
  0.9460  6.56081640
  0.9470  6.64465181
  0.9480  6.72605886
  0.9490  6.80500964
  0.9500  6.88147761
  0.9510  6.95543761
  0.9520  7.02686582
  0.9530  7.09573978
  0.9540  7.16203835
  0.9550  7.22574174
  0.9560  7.28683150
  0.9570  7.34529047
  0.9580  7.40110280
  0.9590  7.45425396
  0.9600  7.50473071
  0.9610  7.55252105
  0.9620  7.59761431
  0.9630  7.64000102
  0.9640  7.67967301
  0.9650  7.71662333
  0.9660  7.75084624
  0.9670  7.78233725
  0.9680  7.81109305
  0.9690  7.83711156
  0.9700  7.86039184
  0.9710  7.88093418
  0.9720  7.89873999
  0.9730  7.91381184
  0.9740  7.92615347
  0.9750  7.93576972
  0.9760  7.94266658
  0.9770  7.94685112
  0.9780  7.94833153
  0.9790  7.94711709
  0.9800  7.94321815
  0.9810  7.93664613
  0.9820  7.92741352
  0.9830  7.91553385
  0.9840  7.90102167
  0.9850  7.88389260
  0.9860  7.86416324
  0.9870  7.84185122
  0.9880  7.81697515
  0.9890  7.78955464
  0.9900  7.75961028
  0.9910  7.72716363
  0.9920  7.69223719
  0.9930  7.65485443
  0.9940  7.61503975
  0.9950  7.57281849
  0.9960  7.52821688
  0.9970  7.48126210
  0.9980  7.43198220
  0.9990  7.38040612
