  0.0000  19.20982961
  0.0010  19.18224158
  0.0020  19.09948947
  0.0030  18.96160931
  0.0040  18.76866107
  0.0050  18.52072872
  0.0060  18.21792013
  0.0070  17.86036706
  0.0080  17.44822510
  0.0090  16.98167358
  0.0100  16.46091554
  0.0110  15.88617759
  0.0120  15.25770987
  0.0130  14.57578593
  0.0140  13.84070262
  0.0150  13.05278000
  0.0160  12.21236123
  0.0170  11.31981248
  0.0180  10.37552290
  0.0190  9.37990460
  0.0200  8.33339288
  0.0210  7.23644673
  0.0220  6.08955034
  0.0230  4.89321724
  0.0240  3.64800403
  0.0250  2.35457235
  0.0260  1.01425966
  0.0270  0.38310900
  0.0280  1.81378635
  0.0290  3.29478893
  0.0300  4.82153680
  0.0310  6.39311603
  0.0320  8.00878304
  0.0330  9.66781354
  0.0340  11.36947643
  0.0350  13.11302684
  0.0360  14.89770389
  0.0370  16.72272997
  0.0380  18.58731060
  0.0390  20.49063447
  0.0400  22.43187372
  0.0410  24.41018416
  0.0420  26.42470562
  0.0430  28.47456231
  0.0440  30.55886314
  0.0450  32.67670213
  0.0460  34.82715878
  0.0470  37.00929846
  0.0480  39.22217283
  0.0490  41.46482022
  0.0500  43.73626609
  0.0510  46.03552341
  0.0520  48.36159310
  0.0530  50.71346449
  0.0540  53.09011571
  0.0550  55.49051418
  0.0560  57.91361703
  0.0570  60.35837155
  0.0580  62.82371568
  0.0590  65.30857842
  0.0600  67.81188035
  0.0610  70.33253405
  0.0620  72.86944458
  0.0630  75.42151000
  0.0640  77.98762177
  0.0650  80.56666531
  0.0660  83.15752040
  0.0670  85.75906175
  0.0680  88.37015941
  0.0690  90.98967930
  0.0700  93.61648370
  0.0710  96.24943173
  0.0720  98.88737982
  0.0730  101.52918224
  0.0740  104.17369159
  0.0750  106.81975927
  0.0760  109.46623597
  0.0770  112.11197221
  0.0780  114.75581877
  0.0790  117.39662724
  0.0800  120.03325048
  0.0810  122.66454312
  0.0820  125.28936203
  0.0830  127.90656687
  0.0840  130.51502049
  0.0850  133.11358948
  0.0860  135.70114463
  0.0870  138.27656144
  0.0880  140.83872052
  0.0890  143.38650816
  0.0900  145.91881676
  0.0910  148.43454528
  0.0920  150.93259975
  0.0930  153.41189369
  0.0940  155.87134861
  0.0950  158.30989444
  0.0960  160.72646998
  0.0970  163.12002336
  0.0980  165.48951248
  0.0990  167.83390544
  0.1000  170.15218097
  0.1010  172.44332887
  0.1020  174.70635043
  0.1030  176.94025884
  0.1040  179.14407960
  0.1050  181.31685093
  0.1060  183.45762417
  0.1070  185.56546417
  0.1080  187.63944968
  0.1090  189.67867373
  0.1100  191.68224399
  0.1110  193.64928316
  0.1120  195.57892930
  0.1130  197.47033621
  0.1140  199.32267376
  0.1150  201.13512823
  0.1160  202.90690264
  0.1170  204.63721707
  0.1180  206.32530897
  0.1190  207.97043349
  0.1200  209.57186374
  0.1210  211.12889110
  0.1220  212.64082551
  0.1230  214.10699571
  0.1240  215.52674954
  0.1250  216.89945418
  0.1260  218.22449639
  0.1270  219.50128276
  0.1280  220.72923991
  0.1290  221.90781476
  0.1300  223.03647467
  0.1310  224.11470772
  0.1320  225.14202283
  0.1330  226.11794997
  0.1340  227.04204036
  0.1350  227.91386657
  0.1360  228.73302273
  0.1370  229.49912464
  0.1380  230.21180991
  0.1390  230.87073809
  0.1400  231.47559079
  0.1410  232.02607173
  0.1420  232.52190694
  0.1430  232.96284471
  0.1440  233.34865578
  0.1450  233.67913334
  0.1460  233.95409310
  0.1470  234.17337332
  0.1480  234.33683487
  0.1490  234.44436123
  0.1500  234.49585853
  0.1510  234.49125551
  0.1520  234.43050356
  0.1530  234.31357665
  0.1540  234.14047139
  0.1550  233.91120688
  0.1560  233.62582477
  0.1570  233.28438913
  0.1580  232.88698641
  0.1590  232.43372539
  0.1600  231.92473704
  0.1610  231.36017448
  0.1620  230.74021282
  0.1630  230.06504912
  0.1640  229.33490219
  0.1650  228.55001249
  0.1660  227.71064202
  0.1670  226.81707410
  0.1680  225.86961327
  0.1690  224.86858509
  0.1700  223.81433598
  0.1710  222.70723301
  0.1720  221.54766373
  0.1730  220.33603595
  0.1740  219.07277753
  0.1750  217.75833615
  0.1760  216.39317911
  0.1770  214.97779307
  0.1780  213.51268381
  0.1790  211.99837596
  0.1800  210.43541278
  0.1810  208.82435585
  0.1820  207.16578482
  0.1830  205.46029711
  0.1840  203.70850764
  0.1850  201.91104853
  0.1860  200.06856876
  0.1870  198.18173391
  0.1880  196.25122582
  0.1890  194.27774226
  0.1900  192.26199662
  0.1910  190.20471754
  0.1920  188.10664863
  0.1930  185.96854805
  0.1940  183.79118821
  0.1950  181.57535539
  0.1960  179.32184939
  0.1970  177.03148315
  0.1980  174.70508238
  0.1990  172.34348518
  0.2000  169.94754170
  0.2010  167.51811367
  0.2020  165.05607410
  0.2030  162.56230682
  0.2040  160.03770612
  0.2050  157.48317634
  0.2060  154.89963147
  0.2070  152.28799473
  0.2080  149.64919819
  0.2090  146.98418231
  0.2100  144.29389557
  0.2110  141.57929404
  0.2120  138.84134096
  0.2130  136.08100631
  0.2140  133.29926641
  0.2150  130.49710348
  0.2160  127.67550520
  0.2170  124.83546433
  0.2180  121.97797826
  0.2190  119.10404856
  0.2200  116.21468060
  0.2210  113.31088307
  0.2220  110.39366761
  0.2230  107.46404833
  0.2240  104.52304143
  0.2250  101.57166474
  0.2260  98.61093732
  0.2270  95.64187903
  0.2280  92.66551009
  0.2290  89.68285070
  0.2300  86.69492059
  0.2310  83.70273864
  0.2320  80.70732243
  0.2330  77.70968787
  0.2340  74.71084877
  0.2350  71.71181647
  0.2360  68.71359945
  0.2370  65.71720291
  0.2380  62.72362846
  0.2390  59.73387371
  0.2400  56.74893194
  0.2410  53.76979181
  0.2420  50.79743702
  0.2430  47.83284607
  0.2440  44.87699207
  0.2450  41.93084258
  0.2460  38.99535963
  0.2470  36.07149984
  0.2480  33.16021486
  0.2490  30.26245222
  0.2500  27.37915698
  0.2510  24.51127466
  0.2520  21.65975673
  0.2530  18.82557132
  0.2540  16.00972510
  0.2550  13.21331297
  0.2560  10.43764590
  0.2570  7.68464992
  0.2580  4.95856688
  0.2590  2.27964006
  0.2600  0.72002579
  0.2610  3.18972921
  0.2620  5.81142837
  0.2630  8.42071582
  0.2640  11.00746583
  0.2650  13.56876133
  0.2660  16.10309143
  0.2670  18.60938338
  0.2680  21.08674361
  0.2690  23.53436792
  0.2700  25.95150467
  0.2710  28.33743791
  0.2720  30.69147886
  0.2730  33.01296135
  0.2740  35.30123931
  0.2750  37.55568533
  0.2760  39.77568974
  0.2770  41.96066019
  0.2780  44.11002130
  0.2790  46.22321455
  0.2800  48.29969822
  0.2810  50.33894736
  0.2820  52.34045384
  0.2830  54.30372639
  0.2840  56.22829064
  0.2850  58.11368923
  0.2860  59.95948188
  0.2870  61.76524541
  0.2880  63.53057389
  0.2890  65.25507864
  0.2900  66.93838836
  0.2910  68.58014911
  0.2920  70.18002446
  0.2930  71.73769545
  0.2940  73.25286070
  0.2950  74.72523639
  0.2960  76.15455634
  0.2970  77.54057199
  0.2980  78.88305243
  0.2990  80.18178444
  0.3000  81.43657241
  0.3010  82.64723842
  0.3020  83.81362217
  0.3030  84.93558098
  0.3040  86.01298977
  0.3050  87.04574100
  0.3060  88.03374462
  0.3070  88.97692807
  0.3080  89.87523618
  0.3090  90.72863111
  0.3100  91.53709228
  0.3110  92.30061631
  0.3120  93.01921691
  0.3130  93.69292481
  0.3140  94.32178763
  0.3150  94.90586982
  0.3160  95.44525249
  0.3170  95.94003336
  0.3180  96.39032658
  0.3190  96.79626260
  0.3200  97.15798808
  0.3210  97.47566570
  0.3220  97.74947403
  0.3230  97.97960736
  0.3240  98.16627556
  0.3250  98.30970391
  0.3260  98.41013290
  0.3270  98.46781807
  0.3280  98.48302985
  0.3290  98.45605332
  0.3300  98.38718806
  0.3310  98.27674792
  0.3320  98.12506083
  0.3330  97.93246862
  0.3340  97.69932673
  0.3350  97.42600406
  0.3360  97.11288274
  0.3370  96.76035785
  0.3380  96.36883726
  0.3390  95.93874134
  0.3400  95.47050275
  0.3410  94.96456617
  0.3420  94.42138808
  0.3430  93.84143651
  0.3440  93.22519076
  0.3450  92.57314115
  0.3460  91.88578879
  0.3470  91.16364527
  0.3480  90.40723242
  0.3490  89.61708204
  0.3500  88.79373562
  0.3510  87.93774407
  0.3520  87.04966745
  0.3530  86.13007466
  0.3540  85.17954321
  0.3550  84.19865888
  0.3560  83.18801548
  0.3570  82.14821454
  0.3580  81.07986503
  0.3590  79.98358305
  0.3600  78.85999158
  0.3610  77.70972014
  0.3620  76.53340454
  0.3630  75.33168655
  0.3640  74.10521363
  0.3650  72.85463861
  0.3660  71.58061942
  0.3670  70.28381878
  0.3680  68.96490391
  0.3690  67.62454620
  0.3700  66.26342098
  0.3710  64.88220715
  0.3720  63.48158693
  0.3730  62.06224556
  0.3740  60.62487098
  0.3750  59.17015357
  0.3760  57.69878582
  0.3770  56.21146205
  0.3780  54.70887815
  0.3790  53.19173122
  0.3800  51.66071937
  0.3810  50.11654136
  0.3820  48.55989632
  0.3830  46.99148352
  0.3840  45.41200204
  0.3850  43.82215050
  0.3860  42.22262678
  0.3870  40.61412776
  0.3880  38.99734903
  0.3890  37.37298466
  0.3900  35.74172687
  0.3910  34.10426583
  0.3920  32.46128938
  0.3930  30.81348278
  0.3940  29.16152850
  0.3950  27.50610593
  0.3960  25.84789125
  0.3970  24.18755717
  0.3980  22.52577279
  0.3990  20.86320347
  0.4000  19.20051080
  0.4010  17.53835262
  0.4020  15.87738330
  0.4030  14.21825428
  0.4040  12.56161529
  0.4050  10.90811690
  0.4060  9.25841587
  0.4070  7.61318781
  0.4080  5.97316084
  0.4090  4.33922504
  0.4100  2.71293452
  0.4110  1.10142305
  0.4120  0.56730173
  0.4130  2.14766037
  0.4140  3.74222558
  0.4150  5.33007404
  0.4160  6.90902120
  0.4170  8.47810928
  0.4180  10.03664587
  0.4190  11.58402875
  0.4200  13.11969693
  0.4210  14.64311324
  0.4220  16.15375717
  0.4230  17.65112151
  0.4240  19.13471073
  0.4250  20.60404015
  0.4260  22.05863551
  0.4270  23.49803272
  0.4280  24.92177781
  0.4290  26.32942687
  0.4300  27.72054611
  0.4310  29.09471186
  0.4320  30.45151065
  0.4330  31.79053927
  0.4340  33.11140487
  0.4350  34.41372497
  0.4360  35.69712762
  0.4370  36.96125137
  0.4380  38.20574543
  0.4390  39.43026967
  0.4400  40.63449470
  0.4410  41.81810196
  0.4420  42.98078371
  0.4430  44.12224313
  0.4440  45.24219436
  0.4450  46.34036250
  0.4460  47.41648369
  0.4470  48.47030511
  0.4480  49.50158503
  0.4490  50.51009282
  0.4500  51.49560894
  0.4510  52.45792501
  0.4520  53.39684377
  0.4530  54.31217909
  0.4540  55.20375597
  0.4550  56.07141056
  0.4560  56.91499010
  0.4570  57.73435294
  0.4580  58.52936850
  0.4590  59.29991726
  0.4600  60.04589071
  0.4610  60.76719135
  0.4620  61.46373261
  0.4630  62.13543882
  0.4640  62.78224519
  0.4650  63.40409770
  0.4660  64.00095313
  0.4670  64.57277890
  0.4680  65.11955309
  0.4690  65.64126432
  0.4700  66.13791169
  0.4710  66.60950471
  0.4720  67.05606323
  0.4730  67.47761732
  0.4740  67.87420722
  0.4750  68.24588322
  0.4760  68.59270558
  0.4770  68.91474443
  0.4780  69.21207967
  0.4790  69.48480083
  0.4800  69.73300701
  0.4810  69.95680674
  0.4820  70.15631786
  0.4830  70.33166742
  0.4840  70.48299153
  0.4850  70.61043525
  0.4860  70.71415247
  0.4870  70.79430577
  0.4880  70.85106626
  0.4890  70.88461348
  0.4900  70.89513524
  0.4910  70.88282749
  0.4920  70.84789417
  0.4930  70.79054703
  0.4940  70.71100553
  0.4950  70.60949667
  0.4960  70.48625481
  0.4970  70.34152155
  0.4980  70.17554554
  0.4990  69.98858234
  0.5000  69.78089425
  0.5010  69.55275014
  0.5020  69.30442530
  0.5030  69.03620123
  0.5040  68.74836554
  0.5050  68.44121171
  0.5060  68.11503894
  0.5070  67.77015201
  0.5080  67.40686105
  0.5090  67.02548140
  0.5100  66.62633342
  0.5110  66.20974232
  0.5120  65.77603796
  0.5130  65.32555469
  0.5140  64.85863117
  0.5150  64.37561016
  0.5160  63.87683840
  0.5170  63.36266633
  0.5180  62.83344800
  0.5190  62.28954085
  0.5200  61.73130551
  0.5210  61.15910564
  0.5220  60.57330773
  0.5230  59.97428095
  0.5240  59.36239690
  0.5250  58.73802951
  0.5260  58.10155478
  0.5270  57.45335066
  0.5280  56.79379681
  0.5290  56.12327447
  0.5300  55.44216625
  0.5310  54.75085594
  0.5320  54.04972836
  0.5330  53.33916916
  0.5340  52.61956466
  0.5350  51.89130164
  0.5360  51.15476720
  0.5370  50.41034855
  0.5380  49.65843287
  0.5390  48.89940712
  0.5400  48.13365788
  0.5410  47.36157114
  0.5420  46.58353219
  0.5430  45.79992541
  0.5440  45.01113413
  0.5450  44.21754046
  0.5460  43.41952510
  0.5470  42.61746722
  0.5480  41.81174428
  0.5490  41.00273190
  0.5500  40.19080364
  0.5510  39.37633094
  0.5520  38.55968288
  0.5530  37.74122610
  0.5540  36.92132462
  0.5550  36.10033969
  0.5560  35.27862967
  0.5570  34.45654990
  0.5580  33.63445251
  0.5590  32.81268635
  0.5600  31.99159682
  0.5610  31.17152575
  0.5620  30.35281126
  0.5630  29.53578768
  0.5640  28.72078536
  0.5650  27.90813063
  0.5660  27.09814560
  0.5670  26.29114813
  0.5680  25.48745165
  0.5690  24.68736511
  0.5700  23.89119281
  0.5710  23.09923438
  0.5720  22.31178461
  0.5730  21.52913340
  0.5740  20.75156562
  0.5750  19.97936109
  0.5760  19.21279444
  0.5770  18.45213503
  0.5780  17.69764690
  0.5790  16.94958867
  0.5800  16.20821348
  0.5810  15.47376890
  0.5820  14.74649689
  0.5830  14.02663374
  0.5840  13.31440999
  0.5850  12.61005039
  0.5860  11.91377384
  0.5870  11.22579339
  0.5880  10.54631615
  0.5890  9.87554330
  0.5900  9.21367005
  0.5910  8.56088568
  0.5920  7.91737349
  0.5930  7.28331090
  0.5940  6.65886954
  0.5950  6.04421535
  0.5960  5.43950891
  0.5970  4.84490590
  0.5980  4.26055788
  0.5990  3.68661396
  0.6000  3.12322399
  0.6010  2.57054563
  0.6020  2.02876241
  0.6030  1.49813830
  0.6040  0.97924053
  0.6050  0.47455933
  0.6060  0.09732197
  0.6070  0.52749477
  0.6080  0.99925620
  0.6090  1.46208804
  0.6100  1.91410049
  0.6110  2.35484208
  0.6120  2.78412324
  0.6130  3.20183571
  0.6140  3.60790600
  0.6150  4.00227958
  0.6160  4.38491449
  0.6170  4.75577837
  0.6180  5.11484693
  0.6190  5.46210317
  0.6200  5.79753678
  0.6210  6.12114393
  0.6220  6.43292693
  0.6230  6.73289418
  0.6240  7.02105992
  0.6250  7.29744424
  0.6260  7.56207288
  0.6270  7.81497721
  0.6280  8.05619411
  0.6290  8.28576588
  0.6300  8.50374022
  0.6310  8.71017008
  0.6320  8.90511359
  0.6330  9.08863404
  0.6340  9.26079971
  0.6350  9.42168386
  0.6360  9.57136460
  0.6370  9.70992483
  0.6380  9.83745214
  0.6390  9.95403873
  0.6400  10.05978130
  0.6410  10.15478099
  0.6420  10.23914326
  0.6430  10.31297783
  0.6440  10.37639852
  0.6450  10.42952325
  0.6460  10.47247385
  0.6470  10.50537601
  0.6480  10.52835917
  0.6490  10.54155642
  0.6500  10.54510441
  0.6510  10.53914322
  0.6520  10.52381626
  0.6530  10.49927021
  0.6540  10.46565486
  0.6550  10.42312302
  0.6560  10.37183044
  0.6570  10.31193567
  0.6580  10.24359996
  0.6590  10.16698717
  0.6600  10.08226364
  0.6610  9.98959809
  0.6620  9.88916153
  0.6630  9.78112711
  0.6640  9.66567005
  0.6650  9.54296750
  0.6660  9.41319845
  0.6670  9.27654364
  0.6680  9.13318541
  0.6690  8.98330761
  0.6700  8.82709551
  0.6710  8.66473566
  0.6720  8.49641582
  0.6730  8.32232483
  0.6740  8.14265251
  0.6750  7.95758957
  0.6760  7.76732750
  0.6770  7.57205845
  0.6780  7.37197519
  0.6790  7.16727095
  0.6800  6.95813937
  0.6810  6.74477441
  0.6820  6.52737024
  0.6830  6.30612119
  0.6840  6.08122168
  0.6850  5.85286615
  0.6860  5.62124900
  0.6870  5.38656457
  0.6880  5.14900714
  0.6890  4.90877092
  0.6900  4.66605012
  0.6910  4.42103904
  0.6920  4.17393226
  0.6930  3.92492492
  0.6940  3.67421316
  0.6950  3.42199482
  0.6960  3.16847048
  0.6970  2.91384515
  0.6980  2.65833098
  0.6990  2.40215168
  0.7000  2.14555028
  0.7010  1.88880320
  0.7020  1.63224753
  0.7030  1.37633849
  0.7040  1.12178433
  0.7050  0.86991188
  0.7060  0.62388463
  0.7070  0.39420054
  0.7080  0.23330423
  0.7090  0.29190463
  0.7100  0.49625431
  0.7110  0.73200947
  0.7120  0.97562198
  0.7130  1.22143174
  0.7140  1.46743000
  0.7150  1.71267971
  0.7160  1.95664612
  0.7170  2.19897321
  0.7180  2.43939486
  0.7190  2.67769485
  0.7200  2.91368703
  0.7210  3.14720478
  0.7220  3.37809501
  0.7230  3.60621464
  0.7240  3.83142838
  0.7250  4.05360734
  0.7260  4.27262814
  0.7270  4.48837225
  0.7280  4.70072559
  0.7290  4.90957824
  0.7300  5.11482419
  0.7310  5.31636128
  0.7320  5.51409098
  0.7330  5.70791841
  0.7340  5.89775223
  0.7350  6.08350460
  0.7360  6.26509115
  0.7370  6.44243100
  0.7380  6.61544665
  0.7390  6.78406406
  0.7400  6.94821258
  0.7410  7.10782495
  0.7420  7.26283729
  0.7430  7.41318911
  0.7440  7.55882326
  0.7450  7.69968596
  0.7460  7.83572677
  0.7470  7.96689857
  0.7480  8.09315758
  0.7490  8.21446329
  0.7500  8.33077851
  0.7510  8.44206930
  0.7520  8.54830500
  0.7530  8.64945817
  0.7540  8.74550459
  0.7550  8.83642325
  0.7560  8.92219629
  0.7570  9.00280904
  0.7580  9.07824992
  0.7590  9.14851047
  0.7600  9.21358530
  0.7610  9.27347206
  0.7620  9.32817143
  0.7630  9.37768705
  0.7640  9.42202553
  0.7650  9.46119641
  0.7660  9.49521208
  0.7670  9.52408781
  0.7680  9.54784167
  0.7690  9.56649449
  0.7700  9.58006988
  0.7710  9.58859409
  0.7720  9.59209607
  0.7730  9.59060736
  0.7740  9.58416208
  0.7750  9.57279687
  0.7760  9.55655087
  0.7770  9.53546564
  0.7780  9.50958515
  0.7790  9.47895571
  0.7800  9.44362592
  0.7810  9.40364664
  0.7820  9.35907094
  0.7830  9.30995403
  0.7840  9.25635324
  0.7850  9.19832793
  0.7860  9.13593948
  0.7870  9.06925122
  0.7880  8.99832838
  0.7890  8.92323804
  0.7900  8.84404906
  0.7910  8.76083205
  0.7920  8.67365932
  0.7930  8.58260480
  0.7940  8.48774400
  0.7950  8.38915398
  0.7960  8.28691325
  0.7970  8.18110173
  0.7980  8.07180073
  0.7990  7.95909285
  0.8000  7.84306196
  0.8010  7.72379310
  0.8020  7.60137248
  0.8030  7.47588739
  0.8040  7.34742615
  0.8050  7.21607806
  0.8060  7.08193335
  0.8070  6.94508310
  0.8080  6.80561922
  0.8090  6.66363438
  0.8100  6.51922194
  0.8110  6.37247592
  0.8120  6.22349095
  0.8130  6.07236216
  0.8140  5.91918523
  0.8150  5.76405621
  0.8160  5.60707159
  0.8170  5.44832816
  0.8180  5.28792298
  0.8190  5.12595338
  0.8200  4.96251682
  0.8210  4.79771091
  0.8220  4.63163333
  0.8230  4.46438181
  0.8240  4.29605401
  0.8250  4.12674759
  0.8260  3.95656003
  0.8270  3.78558872
  0.8280  3.61393079
  0.8290  3.44168320
  0.8300  3.26894257
  0.8310  3.09580526
  0.8320  2.92236730
  0.8330  2.74872434
  0.8340  2.57497171
  0.8350  2.40120437
  0.8360  2.22751699
  0.8370  2.05400401
  0.8380  1.88075977
  0.8390  1.70787879
  0.8400  1.53545620
  0.8410  1.36358857
  0.8420  1.19237541
  0.8430  1.02192228
  0.8440  0.85234748
  0.8450  0.68379857
  0.8460  0.51650065
  0.8470  0.35093954
  0.8480  0.18898662
  0.8490  0.05762518
  0.8500  0.15731869
  0.8510  0.31413799
  0.8520  0.47298120
  0.8530  0.63114012
  0.8540  0.78802475
  0.8550  0.94339225
  0.8560  1.09709809
  0.8570  1.24903500
  0.8580  1.39911290
  0.8590  1.54725094
  0.8600  1.69337396
  0.8610  1.83741072
  0.8620  1.97929296
  0.8630  2.11895489
  0.8640  2.25633288
  0.8650  2.39136527
  0.8660  2.52399229
  0.8670  2.65415594
  0.8680  2.78180002
  0.8690  2.90687001
  0.8700  3.02931316
  0.8710  3.14907840
  0.8720  3.26611638
  0.8730  3.38037948
  0.8740  3.49182177
  0.8750  3.60039905
  0.8760  3.70606885
  0.8770  3.80879042
  0.8780  3.90852476
  0.8790  4.00523459
  0.8800  4.09888438
  0.8810  4.18944036
  0.8820  4.27687050
  0.8830  4.36114453
  0.8840  4.44223392
  0.8850  4.52011191
  0.8860  4.59475350
  0.8870  4.66613543
  0.8880  4.73423622
  0.8890  4.79903612
  0.8900  4.86051714
  0.8910  4.91866304
  0.8920  4.97345931
  0.8930  5.02489319
  0.8940  5.07295364
  0.8950  5.11763134
  0.8960  5.15891871
  0.8970  5.19680986
  0.8980  5.23130059
  0.8990  5.26238840
  0.9000  5.29007247
  0.9010  5.31435364
  0.9020  5.33523440
  0.9030  5.35271889
  0.9040  5.36681287
  0.9050  5.37752372
  0.9060  5.38486042
  0.9070  5.38883352
  0.9080  5.38945515
  0.9090  5.38673898
  0.9100  5.38070023
  0.9110  5.37135561
  0.9120  5.35872335
  0.9130  5.34282315
  0.9140  5.32367617
  0.9150  5.30130502
  0.9160  5.27573371
  0.9170  5.24698768
  0.9180  5.21509373
  0.9190  5.18008003
  0.9200  5.14197608
  0.9210  5.10081272
  0.9220  5.05662208
  0.9230  5.00943756
  0.9240  4.95929383
  0.9250  4.90622680
  0.9260  4.85027361
  0.9270  4.79147258
  0.9280  4.72986323
  0.9290  4.66548625
  0.9300  4.59838346
  0.9310  4.52859785
  0.9320  4.45617351
  0.9330  4.38115565
  0.9340  4.30359059
  0.9350  4.22352576
  0.9360  4.14100968
  0.9370  4.05609197
  0.9380  3.96882338
  0.9390  3.87925578
  0.9400  3.78744220
  0.9410  3.69343684
  0.9420  3.59729518
  0.9430  3.49907396
  0.9440  3.39883131
  0.9450  3.29662687
  0.9460  3.19252187
  0.9470  3.08657939
  0.9480  2.97886452
  0.9490  2.86944468
  0.9500  2.75839002
  0.9510  2.64577390
  0.9520  2.53167358
  0.9530  2.41617105
  0.9540  2.29935421
  0.9550  2.18131848
  0.9560  2.06216890
  0.9570  1.94202323
  0.9580  1.82101610
  0.9590  1.69930523
  0.9600  1.57708042
  0.9610  1.45457715
  0.9620  1.33209758
  0.9630  1.21004389
  0.9640  1.08897286
  0.9650  0.96968797
  0.9660  0.85339953
  0.9670  0.74200862
  0.9680  0.63860771
  0.9690  0.54829351
  0.9700  0.47910228
  0.9710  0.44163488
  0.9720  0.44446800
  0.9730  0.48726357
  0.9740  0.56120849
  0.9750  0.65602362
  0.9760  0.76408457
  0.9770  0.88058440
  0.9780  1.00260308
  0.9790  1.12833875
  0.9800  1.25663930
  0.9810  1.38673674
  0.9820  1.51809705
  0.9830  1.65033346
  0.9840  1.78315489
  0.9850  1.91633430
  0.9860  2.04968872
  0.9870  2.18306625
  0.9880  2.31633741
  0.9890  2.44938926
  0.9900  2.58212129
  0.9910  2.71444248
  0.9920  2.84626927
  0.9930  2.97752395
  0.9940  3.10813356
  0.9950  3.23802904
  0.9960  3.36714454
  0.9970  3.49541697
  0.9980  3.62278557
  0.9990  3.74919162
