  0.0000  14.57232115
  0.0010  14.54570378
  0.0020  14.46586344
  0.0030  14.33283547
  0.0040  14.14667873
  0.0050  13.90747559
  0.0060  13.61533191
  0.0070  13.27037695
  0.0080  12.87276336
  0.0090  12.42266706
  0.0100  11.92028720
  0.0110  11.36584607
  0.0120  10.75958896
  0.0130  10.10178408
  0.0140  9.39272245
  0.0150  8.63271773
  0.0160  7.82210611
  0.0170  6.96124616
  0.0180  6.05051862
  0.0190  5.09032630
  0.0200  4.08109386
  0.0210  3.02326764
  0.0220  1.91731554
  0.0230  0.76372768
  0.0240  0.43699727
  0.0250  1.68430646
  0.0260  2.97766386
  0.0270  4.31649487
  0.0280  5.70020754
  0.0290  7.12819034
  0.0300  8.59981224
  0.0310  10.11442303
  0.0320  11.67135358
  0.0330  13.26991614
  0.0340  14.90940465
  0.0350  16.58909505
  0.0360  18.30824563
  0.0370  20.06609733
  0.0380  21.86187411
  0.0390  23.69478329
  0.0400  25.56401590
  0.0410  27.46874705
  0.0420  29.40813631
  0.0430  31.38132806
  0.0440  33.38745191
  0.0450  35.42562306
  0.0460  37.49494270
  0.0470  39.59449845
  0.0480  41.72336473
  0.0490  43.88060317
  0.0500  46.06526307
  0.0510  48.27638178
  0.0520  50.51298517
  0.0530  52.77408803
  0.0540  55.05869454
  0.0550  57.36579870
  0.0560  59.69438477
  0.0570  62.04342774
  0.0580  64.41189379
  0.0590  66.79874071
  0.0600  69.20291843
  0.0610  71.62336942
  0.0620  74.05902920
  0.0630  76.50882680
  0.0640  78.97168524
  0.0650  81.44652201
  0.0660  83.93224952
  0.0670  86.42777562
  0.0680  88.93200406
  0.0690  91.44383499
  0.0700  93.96216542
  0.0710  96.48588974
  0.0720  99.01390016
  0.0730  101.54508726
  0.0740  104.07834040
  0.0750  106.61254828
  0.0760  109.14659939
  0.0770  111.67938250
  0.0780  114.20978715
  0.0790  116.73670414
  0.0800  119.25902598
  0.0810  121.77564743
  0.0820  124.28546595
  0.0830  126.78738217
  0.0840  129.28030038
  0.0850  131.76312899
  0.0860  134.23478104
  0.0870  136.69417463
  0.0880  139.14023340
  0.0890  141.57188700
  0.0900  143.98807154
  0.0910  146.38773005
  0.0920  148.76981295
  0.0930  151.13327848
  0.0940  153.47709313
  0.0950  155.80023212
  0.0960  158.10167982
  0.0970  160.38043017
  0.0980  162.63548710
  0.0990  164.86586499
  0.1000  167.07058905
  0.1010  169.24869574
  0.1020  171.39923318
  0.1030  173.52126156
  0.1040  175.61385349
  0.1050  177.67609443
  0.1060  179.70708307
  0.1070  181.70593166
  0.1080  183.67176644
  0.1090  185.60372794
  0.1100  187.50097138
  0.1110  189.36266698
  0.1120  191.18800031
  0.1130  192.97617266
  0.1140  194.72640130
  0.1150  196.43791983
  0.1160  198.10997849
  0.1170  199.74184445
  0.1180  201.33280210
  0.1190  202.88215336
  0.1200  204.38921790
  0.1210  205.85333348
  0.1220  207.27385615
  0.1230  208.65016050
  0.1240  209.98163996
  0.1250  211.26770695
  0.1260  212.50779318
  0.1270  213.70134981
  0.1280  214.84784768
  0.1290  215.94677748
  0.1300  216.99764998
  0.1310  217.99999617
  0.1320  218.95336743
  0.1330  219.85733572
  0.1340  220.71149368
  0.1350  221.51545481
  0.1360  222.26885358
  0.1370  222.97134555
  0.1380  223.62260749
  0.1390  224.22233746
  0.1400  224.77025493
  0.1410  225.26610084
  0.1420  225.70963767
  0.1430  226.10064952
  0.1440  226.43894213
  0.1450  226.72434294
  0.1460  226.95670116
  0.1470  227.13588770
  0.1480  227.26179528
  0.1490  227.33433836
  0.1500  227.35345318
  0.1510  227.31909772
  0.1520  227.23125167
  0.1530  227.08991642
  0.1540  226.89511499
  0.1550  226.64689197
  0.1560  226.34531348
  0.1570  225.99046709
  0.1580  225.58246171
  0.1590  225.12142753
  0.1600  224.60751591
  0.1610  224.04089924
  0.1620  223.42177088
  0.1630  222.75034496
  0.1640  222.02685630
  0.1650  221.25156023
  0.1660  220.42473243
  0.1670  219.54666881
  0.1680  218.61768528
  0.1690  217.63811760
  0.1700  216.60832119
  0.1710  215.52867093
  0.1720  214.39956094
  0.1730  213.22140439
  0.1740  211.99463324
  0.1750  210.71969807
  0.1760  209.39706777
  0.1770  208.02722937
  0.1780  206.61068773
  0.1790  205.14796529
  0.1800  203.63960185
  0.1810  202.08615422
  0.1820  200.48819602
  0.1830  198.84631733
  0.1840  197.16112443
  0.1850  195.43323948
  0.1860  193.66330025
  0.1870  191.85195977
  0.1880  189.99988602
  0.1890  188.10776163
  0.1900  186.17628351
  0.1910  184.20616258
  0.1920  182.19812336
  0.1930  180.15290366
  0.1940  178.07125424
  0.1950  175.95393844
  0.1960  173.80173183
  0.1970  171.61542183
  0.1980  169.39580738
  0.1990  167.14369854
  0.2000  164.85991611
  0.2010  162.54529127
  0.2020  160.20066521
  0.2030  157.82688871
  0.2040  155.42482180
  0.2050  152.99533331
  0.2060  150.53930053
  0.2070  148.05760879
  0.2080  145.55115109
  0.2090  143.02082764
  0.2100  140.46754552
  0.2110  137.89221827
  0.2120  135.29576544
  0.2130  132.67911225
  0.2140  130.04318911
  0.2150  127.38893130
  0.2160  124.71727848
  0.2170  122.02917433
  0.2180  119.32556613
  0.2190  116.60740434
  0.2200  113.87564221
  0.2210  111.13123536
  0.2220  108.37514139
  0.2230  105.60831943
  0.2240  102.83172980
  0.2250  100.04633353
  0.2260  97.25309204
  0.2270  94.45296666
  0.2280  91.64691829
  0.2290  88.83590696
  0.2300  86.02089146
  0.2310  83.20282897
  0.2320  80.38267460
  0.2330  77.56138108
  0.2340  74.73989834
  0.2350  71.91917316
  0.2360  69.10014875
  0.2370  66.28376444
  0.2380  63.47095529
  0.2390  60.66265177
  0.2400  57.85977937
  0.2410  55.06325834
  0.2420  52.27400332
  0.2430  49.49292310
  0.2440  46.72092031
  0.2450  43.95889126
  0.2460  41.20772569
  0.2470  38.46830675
  0.2480  35.74151098
  0.2490  33.02820849
  0.2500  30.32926345
  0.2510  27.64553496
  0.2520  24.97787875
  0.2530  22.32715016
  0.2540  19.69420980
  0.2550  17.07993441
  0.2560  14.48523948
  0.2570  11.91113075
  0.2580  9.35883882
  0.2590  6.83024792
  0.2600  4.32979279
  0.2610  1.88119819
  0.2620  0.82625126
  0.2630  3.13408975
  0.2640  5.53101775
  0.2650  7.91301107
  0.2660  10.27173061
  0.2670  12.60464796
  0.2680  14.91043605
  0.2690  17.18815371
  0.2700  19.43702105
  0.2710  21.65634017
  0.2720  23.84546236
  0.2730  26.00377272
  0.2740  28.13068253
  0.2750  30.22562496
  0.2760  32.28805285
  0.2770  34.31743722
  0.2780  36.31326655
  0.2790  38.27504620
  0.2800  40.20229820
  0.2810  42.09456104
  0.2820  43.95138957
  0.2830  45.77235500
  0.2840  47.55704484
  0.2850  49.30506298
  0.2860  51.01602966
  0.2870  52.68958153
  0.2880  54.32537167
  0.2890  55.92306964
  0.2900  57.48236150
  0.2910  59.00294986
  0.2920  60.48455389
  0.2930  61.92690933
  0.2940  63.32976853
  0.2950  64.69290048
  0.2960  66.01609074
  0.2970  67.29914151
  0.2980  68.54187162
  0.2990  69.74411645
  0.3000  70.90572797
  0.3010  72.02657470
  0.3020  73.10654166
  0.3030  74.14553034
  0.3040  75.14345864
  0.3050  76.10026082
  0.3060  77.01588746
  0.3070  77.89030535
  0.3080  78.72349745
  0.3090  79.51546277
  0.3100  80.26621634
  0.3110  80.97578906
  0.3120  81.64422762
  0.3130  82.27159438
  0.3140  82.85796730
  0.3150  83.40343975
  0.3160  83.90812044
  0.3170  84.37213327
  0.3180  84.79561718
  0.3190  85.17872601
  0.3200  85.52162838
  0.3210  85.82450747
  0.3220  86.08756095
  0.3230  86.31100071
  0.3240  86.49505277
  0.3250  86.63995708
  0.3260  86.74596730
  0.3270  86.81335068
  0.3280  86.84238779
  0.3290  86.83337241
  0.3300  86.78661124
  0.3310  86.70242376
  0.3320  86.58114200
  0.3330  86.42311031
  0.3340  86.22868515
  0.3350  85.99823488
  0.3360  85.73213951
  0.3370  85.43079049
  0.3380  85.09459046
  0.3390  84.72395303
  0.3400  84.31930250
  0.3410  83.88107368
  0.3420  83.40971158
  0.3430  82.90567118
  0.3440  82.36941719
  0.3450  81.80142379
  0.3460  81.20217435
  0.3470  80.57216119
  0.3480  79.91188530
  0.3490  79.22185609
  0.3500  78.50259112
  0.3510  77.75461582
  0.3520  76.97846321
  0.3530  76.17467365
  0.3540  75.34379456
  0.3550  74.48638013
  0.3560  73.60299106
  0.3570  72.69419424
  0.3580  71.76056255
  0.3590  70.80267449
  0.3600  69.82111398
  0.3610  68.81647000
  0.3620  67.78933637
  0.3630  66.74031146
  0.3640  65.66999786
  0.3650  64.57900216
  0.3660  63.46793462
  0.3670  62.33740894
  0.3680  61.18804191
  0.3690  60.02045320
  0.3700  58.83526504
  0.3710  57.63310195
  0.3720  56.41459047
  0.3730  55.18035887
  0.3740  53.93103690
  0.3750  52.66725550
  0.3760  51.38964655
  0.3770  50.09884257
  0.3780  48.79547648
  0.3790  47.48018134
  0.3800  46.15359009
  0.3810  44.81633528
  0.3820  43.46904886
  0.3830  42.11236188
  0.3840  40.74690431
  0.3850  39.37330477
  0.3860  37.99219032
  0.3870  36.60418627
  0.3880  35.20991594
  0.3890  33.81000052
  0.3900  32.40505887
  0.3910  30.99570741
  0.3920  29.58256002
  0.3930  28.16622793
  0.3940  26.74731977
  0.3950  25.32644163
  0.3960  23.90419723
  0.3970  22.48118826
  0.3980  21.05801500
  0.3990  19.63527716
  0.4000  18.21357537
  0.4010  16.79351342
  0.4020  15.37570183
  0.4030  13.96076376
  0.4040  12.54934486
  0.4050  11.14213064
  0.4060  9.73987877
  0.4070  8.34348334
  0.4080  6.95411513
  0.4090  5.57356728
  0.4100  4.20526633
  0.4110  2.85811121
  0.4120  1.56944708
  0.4130  0.71210937
  0.4140  1.49511158
  0.4150  2.75279594
  0.4160  4.05709315
  0.4170  5.36680657
  0.4180  6.67250874
  0.4190  7.97069112
  0.4200  9.25959218
  0.4210  10.53811864
  0.4220  11.80548074
  0.4230  13.06104535
  0.4240  14.30426902
  0.4250  15.53466443
  0.4260  16.75178235
  0.4270  17.95520137
  0.4280  19.14452176
  0.4290  20.31936165
  0.4300  21.47935460
  0.4310  22.62414797
  0.4320  23.75340185
  0.4330  24.86678833
  0.4340  25.96399095
  0.4350  27.04470438
  0.4360  28.10863411
  0.4370  29.15549630
  0.4380  30.18501761
  0.4390  31.19693513
  0.4400  32.19099628
  0.4410  33.16695876
  0.4420  34.12459052
  0.4430  35.06366967
  0.4440  35.98398451
  0.4450  36.88533347
  0.4460  37.76752508
  0.4470  38.63037796
  0.4480  39.47372078
  0.4490  40.29739223
  0.4500  41.10124099
  0.4510  41.88512572
  0.4520  42.64891499
  0.4530  43.39248726
  0.4540  44.11573084
  0.4550  44.81854385
  0.4560  45.50083416
  0.4570  46.16251933
  0.4580  46.80352661
  0.4590  47.42379279
  0.4600  48.02326423
  0.4610  48.60189675
  0.4620  49.15965555
  0.4630  49.69651517
  0.4640  50.21245941
  0.4650  50.70748122
  0.4660  51.18158265
  0.4670  51.63477477
  0.4680  52.06707755
  0.4690  52.47851978
  0.4700  52.86913899
  0.4710  53.23898136
  0.4720  53.58810155
  0.4730  53.91656271
  0.4740  54.22443626
  0.4750  54.51180185
  0.4760  54.77874722
  0.4770  55.02536812
  0.4780  55.25176812
  0.4790  55.45805857
  0.4800  55.64435842
  0.4810  55.81079413
  0.4820  55.95749952
  0.4830  56.08461565
  0.4840  56.19229069
  0.4850  56.28067976
  0.4860  56.34994485
  0.4870  56.40025463
  0.4880  56.43178433
  0.4890  56.44471559
  0.4900  56.43923633
  0.4910  56.41554059
  0.4920  56.37382841
  0.4930  56.31430564
  0.4940  56.23718382
  0.4950  56.14268004
  0.4960  56.03101674
  0.4970  55.90242163
  0.4980  55.75712745
  0.4990  55.59537189
  0.5000  55.41739739
  0.5010  55.22345101
  0.5020  55.01378424
  0.5030  54.78865289
  0.5040  54.54831687
  0.5050  54.29304009
  0.5060  54.02309028
  0.5070  53.73873880
  0.5080  53.44026052
  0.5090  53.12793365
  0.5100  52.80203958
  0.5110  52.46286270
  0.5120  52.11069026
  0.5130  51.74581223
  0.5140  51.36852109
  0.5150  50.97911171
  0.5160  50.57788117
  0.5170  50.16512862
  0.5180  49.74115511
  0.5190  49.30626343
  0.5200  48.86075798
  0.5210  48.40494456
  0.5220  47.93913027
  0.5230  47.46362334
  0.5240  46.97873294
  0.5250  46.48476910
  0.5260  45.98204248
  0.5270  45.47086429
  0.5280  44.95154608
  0.5290  44.42439963
  0.5300  43.88973680
  0.5310  43.34786939
  0.5320  42.79910897
  0.5330  42.24376675
  0.5340  41.68215345
  0.5350  41.11457918
  0.5360  40.54135323
  0.5370  39.96278403
  0.5380  39.37917893
  0.5390  38.79084415
  0.5400  38.19808455
  0.5410  37.60120362
  0.5420  37.00050325
  0.5430  36.39628366
  0.5440  35.78884327
  0.5450  35.17847858
  0.5460  34.56548404
  0.5470  33.95015193
  0.5480  33.33277229
  0.5490  32.71363276
  0.5500  32.09301847
  0.5510  31.47121198
  0.5520  30.84849313
  0.5530  30.22513896
  0.5540  29.60142360
  0.5550  28.97761817
  0.5560  28.35399071
  0.5570  27.73080604
  0.5580  27.10832573
  0.5590  26.48680796
  0.5600  25.86650747
  0.5610  25.24767544
  0.5620  24.63055946
  0.5630  24.01540342
  0.5640  23.40244743
  0.5650  22.79192776
  0.5660  22.18407679
  0.5670  21.57912290
  0.5680  20.97729045
  0.5690  20.37879969
  0.5700  19.78386671
  0.5710  19.19270338
  0.5720  18.60551731
  0.5730  18.02251180
  0.5740  17.44388577
  0.5750  16.86983375
  0.5760  16.30054581
  0.5770  15.73620754
  0.5780  15.17700001
  0.5790  14.62309974
  0.5800  14.07467868
  0.5810  13.53190418
  0.5820  12.99493897
  0.5830  12.46394114
  0.5840  11.93906417
  0.5850  11.42045685
  0.5860  10.90826337
  0.5870  10.40262326
  0.5880  9.90367148
  0.5890  9.41153836
  0.5900  8.92634972
  0.5910  8.44822690
  0.5920  7.97728684
  0.5930  7.51364221
  0.5940  7.05740153
  0.5950  6.60866938
  0.5960  6.16754670
  0.5970  5.73413113
  0.5980  5.30851756
  0.5990  4.89079892
  0.6000  4.48106726
  0.6010  4.07941546
  0.6020  3.68593989
  0.6030  3.30074462
  0.6040  2.92394861
  0.6050  2.55569845
  0.6060  2.19619230
  0.6070  1.84572895
  0.6080  1.50481809
  0.6090  1.17446390
  0.6100  0.85704072
  0.6110  0.55983781
  0.6120  0.31607765
  0.6130  0.27963830
  0.6140  0.48260602
  0.6150  0.74098578
  0.6160  1.00603006
  0.6170  1.26802943
  0.6180  1.52407142
  0.6190  1.77301043
  0.6200  2.01431520
  0.6210  2.24771369
  0.6220  2.47305951
  0.6230  2.69027412
  0.6240  2.89931900
  0.6250  3.10018112
  0.6260  3.29286487
  0.6270  3.47738722
  0.6280  3.65377481
  0.6290  3.82206202
  0.6300  3.98228972
  0.6310  4.13450438
  0.6320  4.27875742
  0.6330  4.41510477
  0.6340  4.54360650
  0.6350  4.66432655
  0.6360  4.77733249
  0.6370  4.88269534
  0.6380  4.98048940
  0.6390  5.07079210
  0.6400  5.15368392
  0.6410  5.22924819
  0.6420  5.29757106
  0.6430  5.35874136
  0.6440  5.41285049
  0.6450  5.45999238
  0.6460  5.50026331
  0.6470  5.53376193
  0.6480  5.56058908
  0.6490  5.58084775
  0.6500  5.59464300
  0.6510  5.60208184
  0.6520  5.60327319
  0.6530  5.59832777
  0.6540  5.58735803
  0.6550  5.57047807
  0.6560  5.54780355
  0.6570  5.51945163
  0.6580  5.48554087
  0.6590  5.44619115
  0.6600  5.40152362
  0.6610  5.35166058
  0.6620  5.29672546
  0.6630  5.23684268
  0.6640  5.17213763
  0.6650  5.10273653
  0.6660  5.02876644
  0.6670  4.95035512
  0.6680  4.86763097
  0.6690  4.78072299
  0.6700  4.68976067
  0.6710  4.59487395
  0.6720  4.49619312
  0.6730  4.39384880
  0.6740  4.28797184
  0.6750  4.17869326
  0.6760  4.06614421
  0.6770  3.95045590
  0.6780  3.83175955
  0.6790  3.71018634
  0.6800  3.58586739
  0.6810  3.45893370
  0.6820  3.32951610
  0.6830  3.19774532
  0.6840  3.06375190
  0.6850  2.92766628
  0.6860  2.78961881
  0.6870  2.64973986
  0.6880  2.50815996
  0.6890  2.36501002
  0.6900  2.22042169
  0.6910  2.07452785
  0.6920  1.92746342
  0.6930  1.77936655
  0.6940  1.63038057
  0.6950  1.48065711
  0.6960  1.33036142
  0.6970  1.17968178
  0.6980  1.02884726
  0.6990  0.87816360
  0.7000  0.72809313
  0.7010  0.57945571
  0.7020  0.43402640
  0.7030  0.29677178
  0.7040  0.18666276
  0.7050  0.16895772
  0.7060  0.26251813
  0.7070  0.39440608
  0.7080  0.53661170
  0.7090  0.68225342
  0.7100  0.82907226
  0.7110  0.97609778
  0.7120  1.12281942
  0.7130  1.26892258
  0.7140  1.41418777
  0.7150  1.55844662
  0.7160  1.70156059
  0.7170  1.84340989
  0.7180  1.98388725
  0.7190  2.12289433
  0.7200  2.26033949
  0.7210  2.39613639
  0.7220  2.53020304
  0.7230  2.66246124
  0.7240  2.79283612
  0.7250  2.92125585
  0.7260  3.04765141
  0.7270  3.17195650
  0.7280  3.29410735
  0.7290  3.41404269
  0.7300  3.53170368
  0.7310  3.64703383
  0.7320  3.75997899
  0.7330  3.87048734
  0.7340  3.97850932
  0.7350  4.08399762
  0.7360  4.18690720
  0.7370  4.28719525
  0.7380  4.38482114
  0.7390  4.47974648
  0.7400  4.57193506
  0.7410  4.66135283
  0.7420  4.74796793
  0.7430  4.83175064
  0.7440  4.91267338
  0.7450  4.99071070
  0.7460  5.06583927
  0.7470  5.13803784
  0.7480  5.20728725
  0.7490  5.27357042
  0.7500  5.33687232
  0.7510  5.39717994
  0.7520  5.45448229
  0.7530  5.50877038
  0.7540  5.56003720
  0.7550  5.60827769
  0.7560  5.65348873
  0.7570  5.69566913
  0.7580  5.73481956
  0.7590  5.77094258
  0.7600  5.80404258
  0.7610  5.83412580
  0.7620  5.86120023
  0.7630  5.88527567
  0.7640  5.90636363
  0.7650  5.92447735
  0.7660  5.93963176
  0.7670  5.95184343
  0.7680  5.96113057
  0.7690  5.96751300
  0.7700  5.97101209
  0.7710  5.97165074
  0.7720  5.96945339
  0.7730  5.96444593
  0.7740  5.95665568
  0.7750  5.94611141
  0.7760  5.93284324
  0.7770  5.91688263
  0.7780  5.89826235
  0.7790  5.87701647
  0.7800  5.85318028
  0.7810  5.82679027
  0.7820  5.79788412
  0.7830  5.76650063
  0.7840  5.73267971
  0.7850  5.69646234
  0.7860  5.65789051
  0.7870  5.61700722
  0.7880  5.57385642
  0.7890  5.52848298
  0.7900  5.48093266
  0.7910  5.43125205
  0.7920  5.37948858
  0.7930  5.32569043
  0.7940  5.26990652
  0.7950  5.21218648
  0.7960  5.15258059
  0.7970  5.09113979
  0.7980  5.02791558
  0.7990  4.96296003
  0.8000  4.89632571
  0.8010  4.82806571
  0.8020  4.75823353
  0.8030  4.68688311
  0.8040  4.61406874
  0.8050  4.53984508
  0.8060  4.46426707
  0.8070  4.38738994
  0.8080  4.30926915
  0.8090  4.22996037
  0.8100  4.14951942
  0.8110  4.06800228
  0.8120  3.98546502
  0.8130  3.90196379
  0.8140  3.81755477
  0.8150  3.73229417
  0.8160  3.64623814
  0.8170  3.55944282
  0.8180  3.47196424
  0.8190  3.38385833
  0.8200  3.29518090
  0.8210  3.20598756
  0.8220  3.11633375
  0.8230  3.02627471
  0.8240  2.93586543
  0.8250  2.84516063
  0.8260  2.75421478
  0.8270  2.66308203
  0.8280  2.57181623
  0.8290  2.48047092
  0.8300  2.38909929
  0.8310  2.29775422
  0.8320  2.20648823
  0.8330  2.11535354
  0.8340  2.02440205
  0.8350  1.93368539
  0.8360  1.84325496
  0.8370  1.75316198
  0.8380  1.66345757
  0.8390  1.57419293
  0.8400  1.48541942
  0.8410  1.39718886
  0.8420  1.30955386
  0.8430  1.22256825
  0.8440  1.13628776
  0.8450  1.05077103
  0.8460  0.96608106
  0.8470  0.88228742
  0.8480  0.79946982
  0.8490  0.71772388
  0.8500  0.63717094
  0.8510  0.55797563
  0.8520  0.48037918
  0.8530  0.40476701
  0.8540  0.33181782
  0.8550  0.26286455
  0.8560  0.20084573
  0.8570  0.15274760
  0.8580  0.13254912
  0.8590  0.15011242
  0.8600  0.19416084
  0.8610  0.25005749
  0.8620  0.31061822
  0.8630  0.37285008
  0.8640  0.43540734
  0.8650  0.49761305
  0.8660  0.55909009
  0.8670  0.61960935
  0.8680  0.67902103
  0.8690  0.73722096
  0.8700  0.79413276
  0.8710  0.84969791
  0.8720  0.90386992
  0.8730  0.95661072
  0.8740  1.00788840
  0.8750  1.05767573
  0.8760  1.10594911
  0.8770  1.15268795
  0.8780  1.19787409
  0.8790  1.24149152
  0.8800  1.28352607
  0.8810  1.32396524
  0.8820  1.36279805
  0.8830  1.40001491
  0.8840  1.43560754
  0.8850  1.46956892
  0.8860  1.50189319
  0.8870  1.53257561
  0.8880  1.56161257
  0.8890  1.58900147
  0.8900  1.61474078
  0.8910  1.63882993
  0.8920  1.66126935
  0.8930  1.68206042
  0.8940  1.70120545
  0.8950  1.71870766
  0.8960  1.73457118
  0.8970  1.74880101
  0.8980  1.76140302
  0.8990  1.77238391
  0.9000  1.78175124
  0.9010  1.78951335
  0.9020  1.79567942
  0.9030  1.80025938
  0.9040  1.80326395
  0.9050  1.80470461
  0.9060  1.80459355
  0.9070  1.80294371
  0.9080  1.79976874
  0.9090  1.79508296
  0.9100  1.78890140
  0.9110  1.78123972
  0.9120  1.77211427
  0.9130  1.76154198
  0.9140  1.74954043
  0.9150  1.73612781
  0.9160  1.72132287
  0.9170  1.70514494
  0.9180  1.68761391
  0.9190  1.66875020
  0.9200  1.64857477
  0.9210  1.62710907
  0.9220  1.60437505
  0.9230  1.58039517
  0.9240  1.55519230
  0.9250  1.52878980
  0.9260  1.50121146
  0.9270  1.47248150
  0.9280  1.44262453
  0.9290  1.41166559
  0.9300  1.37963007
  0.9310  1.34654379
  0.9320  1.31243291
  0.9330  1.27732396
  0.9340  1.24124384
  0.9350  1.20421981
  0.9360  1.16627949
  0.9370  1.12745088
  0.9380  1.08776237
  0.9390  1.04724277
  0.9400  1.00592133
  0.9410  0.96382779
  0.9420  0.92099248
  0.9430  0.87744639
  0.9440  0.83322133
  0.9450  0.78835013
  0.9460  0.74286691
  0.9470  0.69680751
  0.9480  0.65021010
  0.9490  0.60311612
  0.9500  0.55557164
  0.9510  0.50762969
  0.9520  0.45935395
  0.9530  0.41082518
  0.9540  0.36215290
  0.9550  0.31349786
  0.9560  0.26511896
  0.9570  0.21748025
  0.9580  0.17152350
  0.9590  0.12944351
  0.9600  0.09691282
  0.9610  0.08606406
  0.9620  0.10424221
  0.9630  0.14080151
  0.9640  0.18527360
  0.9650  0.23324291
  0.9660  0.28297299
  0.9670  0.33369187
  0.9680  0.38500692
  0.9690  0.43669357
  0.9700  0.48860980
  0.9710  0.54065769
  0.9720  0.59276460
  0.9730  0.64487321
  0.9740  0.69693597
  0.9750  0.74891184
  0.9760  0.80076427
  0.9770  0.85245996
  0.9780  0.90396799
  0.9790  0.95525928
  0.9800  1.00630622
  0.9810  1.05708236
  0.9820  1.10756227
  0.9830  1.15772136
  0.9840  1.20753581
  0.9850  1.25698246
  0.9860  1.30603880
  0.9870  1.35468288
  0.9880  1.40289332
  0.9890  1.45064925
  0.9900  1.49793033
  0.9910  1.54471671
  0.9920  1.59098902
  0.9930  1.63672837
  0.9940  1.68191635
  0.9950  1.72653502
  0.9960  1.77056690
  0.9970  1.81399499
  0.9980  1.85680273
  0.9990  1.89897405
