  0.0000  66.34662195
  0.0010  66.31395519
  0.0020  66.21597012
  0.0030  66.05271239
  0.0040  65.82425806
  0.0050  65.53071355
  0.0060  65.17221560
  0.0070  64.74893120
  0.0080  64.26105752
  0.0090  63.70882181
  0.0100  63.09248128
  0.0110  62.41232297
  0.0120  61.66866365
  0.0130  60.86184963
  0.0140  59.99225659
  0.0150  59.06028944
  0.0160  58.06638207
  0.0170  57.01099720
  0.0180  55.89462610
  0.0190  54.71778839
  0.0200  53.48103177
  0.0210  52.18493179
  0.0220  50.83009153
  0.0230  49.41714133
  0.0240  47.94673852
  0.0250  46.41956703
  0.0260  44.83633716
  0.0270  43.19778516
  0.0280  41.50467296
  0.0290  39.75778774
  0.0300  37.95794162
  0.0310  36.10597129
  0.0320  34.20273760
  0.0330  32.24912526
  0.0340  30.24604242
  0.0350  28.19442040
  0.0360  26.09521335
  0.0370  23.94939812
  0.0380  21.75797423
  0.0390  19.52196413
  0.0400  17.24241422
  0.0410  14.92039726
  0.0420  12.55701814
  0.0430  10.15342917
  0.0440  7.71087598
  0.0450  5.23087891
  0.0460  2.71643943
  0.0470  0.25914103
  0.0480  2.44317329
  0.0490  5.06065901
  0.0500  7.71346880
  0.0510  10.39799802
  0.0520  13.11255254
  0.0530  15.85573065
  0.0540  18.62620352
  0.0550  21.42266198
  0.0560  24.24379942
  0.0570  27.08830538
  0.0580  29.95486300
  0.0590  32.84214807
  0.0600  35.74882884
  0.0610  38.67356615
  0.0620  41.61501378
  0.0630  44.57181895
  0.0640  47.54262282
  0.0650  50.52606108
  0.0660  53.52076453
  0.0670  56.52535972
  0.0680  59.53846959
  0.0690  62.55871406
  0.0700  65.58471074
  0.0710  68.61507553
  0.0720  71.64842330
  0.0730  74.68336853
  0.0740  77.71852597
  0.0750  80.75251130
  0.0760  83.78394179
  0.0770  86.81143694
  0.0780  89.83361914
  0.0790  92.84911433
  0.0800  95.85655265
  0.0810  98.85456906
  0.0820  101.84180405
  0.0830  104.81690419
  0.0840  107.77852286
  0.0850  110.72532083
  0.0860  113.65596690
  0.0870  116.56913852
  0.0880  119.46352245
  0.0890  122.33781533
  0.0900  125.19072430
  0.0910  128.02096763
  0.0920  130.82727528
  0.0930  133.60838954
  0.0940  136.36306557
  0.0950  139.09007200
  0.0960  141.78819149
  0.0970  144.45622133
  0.0980  147.09297392
  0.0990  149.69727741
  0.1000  152.26797616
  0.1010  154.80393132
  0.1020  157.30402133
  0.1030  159.76714242
  0.1040  162.19220916
  0.1050  164.57815489
  0.1060  166.92393224
  0.1070  169.22851360
  0.1080  171.49089157
  0.1090  173.71007942
  0.1100  175.88511154
  0.1110  178.01504382
  0.1120  180.09895414
  0.1130  182.13594272
  0.1140  184.12513253
  0.1150  186.06566970
  0.1160  187.95672382
  0.1170  189.79748838
  0.1180  191.58718107
  0.1190  193.32504411
  0.1200  195.01034459
  0.1210  196.64237475
  0.1220  198.22045230
  0.1230  199.74392070
  0.1240  201.21214939
  0.1250  202.62453411
  0.1260  203.98049705
  0.1270  205.27948716
  0.1280  206.52098033
  0.1290  207.70447956
  0.1300  208.82951520
  0.1310  209.89564506
  0.1320  210.90245464
  0.1330  211.84955719
  0.1340  212.73659390
  0.1350  213.56323398
  0.1360  214.32917479
  0.1370  215.03414188
  0.1380  215.67788911
  0.1390  216.26019866
  0.1400  216.78088113
  0.1410  217.23977550
  0.1420  217.63674919
  0.1430  217.97169806
  0.1440  218.24454635
  0.1450  218.45524672
  0.1460  218.60378015
  0.1470  218.69015589
  0.1480  218.71441143
  0.1490  218.67661235
  0.1500  218.57685229
  0.1510  218.41525278
  0.1520  218.19196315
  0.1530  217.90716036
  0.1540  217.56104888
  0.1550  217.15386049
  0.1560  216.68585411
  0.1570  216.15731564
  0.1580  215.56855768
  0.1590  214.91991939
  0.1600  214.21176620
  0.1610  213.44448961
  0.1620  212.61850688
  0.1630  211.73426082
  0.1640  210.79221945
  0.1650  209.79287577
  0.1660  208.73674739
  0.1670  207.62437627
  0.1680  206.45632835
  0.1690  205.23319323
  0.1700  203.95558384
  0.1710  202.62413602
  0.1720  201.23950824
  0.1730  199.80238113
  0.1740  198.31345713
  0.1750  196.77346011
  0.1760  195.18313492
  0.1770  193.54324699
  0.1780  191.85458190
  0.1790  190.11794496
  0.1800  188.33416072
  0.1810  186.50407257
  0.1820  184.62854225
  0.1830  182.70844938
  0.1840  180.74469099
  0.1850  178.73818102
  0.1860  176.68984989
  0.1870  174.60064391
  0.1880  172.47152485
  0.1890  170.30346941
  0.1900  168.09746869
  0.1910  165.85452769
  0.1920  163.57566477
  0.1930  161.26191113
  0.1940  158.91431027
  0.1950  156.53391746
  0.1960  154.12179918
  0.1970  151.67903260
  0.1980  149.20670500
  0.1990  146.70591323
  0.2000  144.17776317
  0.2010  141.62336915
  0.2020  139.04385339
  0.2030  136.44034547
  0.2040  133.81398173
  0.2050  131.16590471
  0.2060  128.49726261
  0.2070  125.80920870
  0.2080  123.10290075
  0.2090  120.37950049
  0.2100  117.64017304
  0.2110  114.88608630
  0.2120  112.11841044
  0.2130  109.33831731
  0.2140  106.54697990
  0.2150  103.74557174
  0.2160  100.93526637
  0.2170  98.11723678
  0.2180  95.29265489
  0.2190  92.46269092
  0.2200  89.62851292
  0.2210  86.79128620
  0.2220  83.95217279
  0.2230  81.11233091
  0.2240  78.27291444
  0.2250  75.43507239
  0.2260  72.59994842
  0.2270  69.76868027
  0.2280  66.94239933
  0.2290  64.12223007
  0.2300  61.30928963
  0.2310  58.50468730
  0.2320  55.70952406
  0.2330  52.92489217
  0.2340  50.15187475
  0.2350  47.39154534
  0.2360  44.64496756
  0.2370  41.91319482
  0.2380  39.19727001
  0.2390  36.49822541
  0.2400  33.81708255
  0.2410  31.15485248
  0.2420  28.51253618
  0.2430  25.89112565
  0.2440  23.29160576
  0.2450  20.71495794
  0.2460  18.16216694
  0.2470  15.63423449
  0.2480  13.13220820
  0.2490  10.65725018
  0.2500  8.21082551
  0.2510  5.79535298
  0.2520  3.41753397
  0.2530  1.13311747
  0.2540  1.40539954
  0.2550  3.64959511
  0.2560  5.90551627
  0.2570  8.13586590
  0.2580  10.33513008
  0.2590  12.50123937
  0.2600  14.63296854
  0.2610  16.72939256
  0.2620  18.78972312
  0.2630  20.81324760
  0.2640  22.79930287
  0.2650  24.74726272
  0.2660  26.65653136
  0.2670  28.52653992
  0.2680  30.35674438
  0.2690  32.14662441
  0.2700  33.89568265
  0.2710  35.60344428
  0.2720  37.26945676
  0.2730  38.89328967
  0.2740  40.47453463
  0.2750  42.01280525
  0.2760  43.50773712
  0.2770  44.95898777
  0.2780  46.36623673
  0.2790  47.72918547
  0.2800  49.04755744
  0.2810  50.32109807
  0.2820  51.54957473
  0.2830  52.73277676
  0.2840  53.87051541
  0.2850  54.96262383
  0.2860  56.00895703
  0.2870  57.00939184
  0.2880  57.96382683
  0.2890  58.87218227
  0.2900  59.73440004
  0.2910  60.55044356
  0.2920  61.32029765
  0.2930  62.04396850
  0.2940  62.72148350
  0.2950  63.35289112
  0.2960  63.93826081
  0.2970  64.47768281
  0.2980  64.97126806
  0.2990  65.41914797
  0.3000  65.82147429
  0.3010  66.17841892
  0.3020  66.49017374
  0.3030  66.75695037
  0.3040  66.97898001
  0.3050  67.15651318
  0.3060  67.28981953
  0.3070  67.37918762
  0.3080  67.42492461
  0.3090  67.42735609
  0.3100  67.38682580
  0.3110  67.30369532
  0.3120  67.17834387
  0.3130  67.01116799
  0.3140  66.80258124
  0.3150  66.55301396
  0.3160  66.26291290
  0.3170  65.93274097
  0.3180  65.56297691
  0.3190  65.15411496
  0.3200  64.70666452
  0.3210  64.22114985
  0.3220  63.69810973
  0.3230  63.13809710
  0.3240  62.54167868
  0.3250  61.90943471
  0.3260  61.24195849
  0.3270  60.53985606
  0.3280  59.80374584
  0.3290  59.03425826
  0.3300  58.23203535
  0.3310  57.39773037
  0.3320  56.53200746
  0.3330  55.63554121
  0.3340  54.70901630
  0.3350  53.75312708
  0.3360  52.76857719
  0.3370  51.75607917
  0.3380  50.71635402
  0.3390  49.65013086
  0.3400  48.55814647
  0.3410  47.44114493
  0.3420  46.29987716
  0.3430  45.13510060
  0.3440  43.94757871
  0.3450  42.73808064
  0.3460  41.50738080
  0.3470  40.25625846
  0.3480  38.98549737
  0.3490  37.69588535
  0.3500  36.38821394
  0.3510  35.06327800
  0.3520  33.72187536
  0.3530  32.36480648
  0.3540  30.99287413
  0.3550  29.60688308
  0.3560  28.20763986
  0.3570  26.79595258
  0.3580  25.37263074
  0.3590  23.93848527
  0.3600  22.49432868
  0.3610  21.04097537
  0.3620  19.57924239
  0.3630  18.10995076
  0.3640  16.63392763
  0.3650  15.15201004
  0.3660  13.66505136
  0.3670  12.17393287
  0.3680  10.67958526
  0.3690  9.18303169
  0.3700  7.68548145
  0.3710  6.18855991
  0.3720  4.69497651
  0.3730  3.21104069
  0.3740  1.76171213
  0.3750  0.64321198
  0.3760  1.49147595
  0.3770  2.91729425
  0.3780  4.38611689
  0.3790  5.86210188
  0.3800  7.33746773
  0.3810  8.80918031
  0.3820  10.27555602
  0.3830  11.73541887
  0.3840  13.18782209
  0.3850  14.63193766
  0.3860  16.06700666
  0.3870  17.49231459
  0.3880  18.90717833
  0.3890  20.31093884
  0.3900  21.70295680
  0.3910  23.08261005
  0.3920  24.44929202
  0.3930  25.80241072
  0.3940  27.14138811
  0.3950  28.46565980
  0.3960  29.77467475
  0.3970  31.06789524
  0.3980  32.34479679
  0.3990  33.60486822
  0.4000  34.84761164
  0.4010  36.07254257
  0.4020  37.27918997
  0.4030  38.46709639
  0.4040  39.63581799
  0.4050  40.78492472
  0.4060  41.91400031
  0.4070  43.02264247
  0.4080  44.11046287
  0.4090  45.17708730
  0.4100  46.22215572
  0.4110  47.24532230
  0.4120  48.24625554
  0.4130  49.22463828
  0.4140  50.18016775
  0.4150  51.11255566
  0.4160  52.02152815
  0.4170  52.90682591
  0.4180  53.76820413
  0.4190  54.60543252
  0.4200  55.41829535
  0.4210  56.20659142
  0.4220  56.97013402
  0.4230  57.70875096
  0.4240  58.42228452
  0.4250  59.11059140
  0.4260  59.77354270
  0.4270  60.41102383
  0.4280  61.02293450
  0.4290  61.60918863
  0.4300  62.16971427
  0.4310  62.70445352
  0.4320  63.21336245
  0.4330  63.69641099
  0.4340  64.15358285
  0.4350  64.58487538
  0.4360  64.99029949
  0.4370  65.36987947
  0.4380  65.72365294
  0.4390  66.05167063
  0.4400  66.35399629
  0.4410  66.63070653
  0.4420  66.88189063
  0.4430  67.10765045
  0.4440  67.30810019
  0.4450  67.48336626
  0.4460  67.63358708
  0.4470  67.75891291
  0.4480  67.85950565
  0.4490  67.93553865
  0.4500  67.98719652
  0.4510  68.01467491
  0.4520  68.01818031
  0.4530  67.99792983
  0.4540  67.95415099
  0.4550  67.88708149
  0.4560  67.79696901
  0.4570  67.68407095
  0.4580  67.54865419
  0.4590  67.39099489
  0.4600  67.21137823
  0.4610  67.01009818
  0.4620  66.78745721
  0.4630  66.54376612
  0.4640  66.27934370
  0.4650  65.99451655
  0.4660  65.68961879
  0.4670  65.36499180
  0.4680  65.02098397
  0.4690  64.65795045
  0.4700  64.27625286
  0.4710  63.87625905
  0.4720  63.45834282
  0.4730  63.02288365
  0.4740  62.57026647
  0.4750  62.10088135
  0.4760  61.61512324
  0.4770  61.11339172
  0.4780  60.59609071
  0.4790  60.06362823
  0.4800  59.51641610
  0.4810  58.95486970
  0.4820  58.37940766
  0.4830  57.79045166
  0.4840  57.18842610
  0.4850  56.57375788
  0.4860  55.94687610
  0.4870  55.30821184
  0.4880  54.65819786
  0.4890  53.99726836
  0.4900  53.32585872
  0.4910  52.64440524
  0.4920  51.95334490
  0.4930  51.25311508
  0.4940  50.54415335
  0.4950  49.82689720
  0.4960  49.10178378
  0.4970  48.36924971
  0.4980  47.62973077
  0.4990  46.88366173
  0.5000  46.13147609
  0.5010  45.37360584
  0.5020  44.61048125
  0.5030  43.84253064
  0.5040  43.07018016
  0.5050  42.29385358
  0.5060  41.51397207
  0.5070  40.73095400
  0.5080  39.94521472
  0.5090  39.15716639
  0.5100  38.36721774
  0.5110  37.57577390
  0.5120  36.78323623
  0.5130  35.99000211
  0.5140  35.19646475
  0.5150  34.40301305
  0.5160  33.61003139
  0.5170  32.81789951
  0.5180  32.02699228
  0.5190  31.23767962
  0.5200  30.45032629
  0.5210  29.66529175
  0.5220  28.88293004
  0.5230  28.10358962
  0.5240  27.32761324
  0.5250  26.55533783
  0.5260  25.78709433
  0.5270  25.02320761
  0.5280  24.26399635
  0.5290  23.50977291
  0.5300  22.76084325
  0.5310  22.01750681
  0.5320  21.28005643
  0.5330  20.54877823
  0.5340  19.82395158
  0.5350  19.10584898
  0.5360  18.39473599
  0.5370  17.69087116
  0.5380  16.99450600
  0.5390  16.30588486
  0.5400  15.62524495
  0.5410  14.95281623
  0.5420  14.28882142
  0.5430  13.63347594
  0.5440  12.98698790
  0.5450  12.34955805
  0.5460  11.72137982
  0.5470  11.10263929
  0.5480  10.49351521
  0.5490  9.89417904
  0.5500  9.30479497
  0.5510  8.72552003
  0.5520  8.15650413
  0.5530  7.59789028
  0.5540  7.04981471
  0.5550  6.51240723
  0.5560  5.98579158
  0.5570  5.47008609
  0.5580  4.96540455
  0.5590  4.47185772
  0.5600  3.98955562
  0.5610  3.51861154
  0.5620  3.05914924
  0.5630  2.61131678
  0.5640  2.17531547
  0.5650  1.75146754
  0.5660  1.34040011
  0.5670  0.94366762
  0.5680  0.56677177
  0.5690  0.24825353
  0.5700  0.29196108
  0.5710  0.60528504
  0.5720  0.93814701
  0.5730  1.26586634
  0.5740  1.58430895
  0.5750  1.89224918
  0.5760  2.18921210
  0.5770  2.47498949
  0.5780  2.74948956
  0.5790  3.01267983
  0.5800  3.26456209
  0.5810  3.50516014
  0.5820  3.73451340
  0.5830  3.95267316
  0.5840  4.15970044
  0.5850  4.35566451
  0.5860  4.54064204
  0.5870  4.71471637
  0.5880  4.87797705
  0.5890  5.03051949
  0.5900  5.17244460
  0.5910  5.30385860
  0.5920  5.42487278
  0.5930  5.53560331
  0.5940  5.63617103
  0.5950  5.72670134
  0.5960  5.80732398
  0.5970  5.87817295
  0.5980  5.93938628
  0.5990  5.99110594
  0.6000  6.03347769
  0.6010  6.06665093
  0.6020  6.09077855
  0.6030  6.10601681
  0.6040  6.11252519
  0.6050  6.11046625
  0.6060  6.10000552
  0.6070  6.08131133
  0.6080  6.05455467
  0.6090  6.01990910
  0.6100  5.97755056
  0.6110  5.92765727
  0.6120  5.87040959
  0.6130  5.80598989
  0.6140  5.73458238
  0.6150  5.65637305
  0.6160  5.57154949
  0.6170  5.48030074
  0.6180  5.38281725
  0.6190  5.27929068
  0.6200  5.16991378
  0.6210  5.05488034
  0.6220  4.93438500
  0.6230  4.80862318
  0.6240  4.67779097
  0.6250  4.54208505
  0.6260  4.40170255
  0.6270  4.25684106
  0.6280  4.10769847
  0.6290  3.95447302
  0.6300  3.79736323
  0.6310  3.63656792
  0.6320  3.47228631
  0.6330  3.30471811
  0.6340  3.13406375
  0.6350  2.96052474
  0.6360  2.78430421
  0.6370  2.60560770
  0.6380  2.42464447
  0.6390  2.24162945
  0.6400  2.05678641
  0.6410  1.87035303
  0.6420  1.68258963
  0.6430  1.49379465
  0.6440  1.30433366
  0.6450  1.11469818
  0.6460  0.92563613
  0.6470  0.73847783
  0.6480  0.55609132
  0.6490  0.38632003
  0.6500  0.25666880
  0.6510  0.24371409
  0.6520  0.36026614
  0.6530  0.52612584
  0.6540  0.70706797
  0.6550  0.89356644
  0.6560  1.08230440
  0.6570  1.27181467
  0.6580  1.46131295
  0.6590  1.65031176
  0.6600  1.83846966
  0.6610  2.02552446
  0.6620  2.21126060
  0.6630  2.39549200
  0.6640  2.57805249
  0.6650  2.75879011
  0.6660  2.93756371
  0.6670  3.11424068
  0.6680  3.28869559
  0.6690  3.46080918
  0.6700  3.63046768
  0.6710  3.79756242
  0.6720  3.96198945
  0.6730  4.12364931
  0.6740  4.28244687
  0.6750  4.43829120
  0.6760  4.59109548
  0.6770  4.74077690
  0.6780  4.88725665
  0.6790  5.03045983
  0.6800  5.17031544
  0.6810  5.30675632
  0.6820  5.43971917
  0.6830  5.56914447
  0.6840  5.69497650
  0.6850  5.81716329
  0.6860  5.93565660
  0.6870  6.05041191
  0.6880  6.16138839
  0.6890  6.26854886
  0.6900  6.37185979
  0.6910  6.47129124
  0.6920  6.56681686
  0.6930  6.65841384
  0.6940  6.74606288
  0.6950  6.82974815
  0.6960  6.90945727
  0.6970  6.98518126
  0.6980  7.05691448
  0.6990  7.12465463
  0.7000  7.18840267
  0.7010  7.24816279
  0.7020  7.30394236
  0.7030  7.35575187
  0.7040  7.40360488
  0.7050  7.44751800
  0.7060  7.48751079
  0.7070  7.52360571
  0.7080  7.55582810
  0.7090  7.58420607
  0.7100  7.60877048
  0.7110  7.62955485
  0.7120  7.64659532
  0.7130  7.65993055
  0.7140  7.66960171
  0.7150  7.67565234
  0.7160  7.67812835
  0.7170  7.67707790
  0.7180  7.67255137
  0.7190  7.66460125
  0.7200  7.65328210
  0.7210  7.63865045
  0.7220  7.62076477
  0.7230  7.59968532
  0.7240  7.57547417
  0.7250  7.54819503
  0.7260  7.51791327
  0.7270  7.48469574
  0.7280  7.44861080
  0.7290  7.40972815
  0.7300  7.36811882
  0.7310  7.32385505
  0.7320  7.27701025
  0.7330  7.22765888
  0.7340  7.17587643
  0.7350  7.12173927
  0.7360  7.06532465
  0.7370  7.00671057
  0.7380  6.94597573
  0.7390  6.88319945
  0.7400  6.81846158
  0.7410  6.75184246
  0.7420  6.68342281
  0.7430  6.61328367
  0.7440  6.54150636
  0.7450  6.46817236
  0.7460  6.39336325
  0.7470  6.31716066
  0.7480  6.23964622
  0.7490  6.16090143
  0.7500  6.08100764
  0.7510  6.00004599
  0.7520  5.91809732
  0.7530  5.83524210
  0.7540  5.75156043
  0.7550  5.66713191
  0.7560  5.58203562
  0.7570  5.49635004
  0.7580  5.41015303
  0.7590  5.32352173
  0.7600  5.23653256
  0.7610  5.14926113
  0.7620  5.06178218
  0.7630  4.97416959
  0.7640  4.88649629
  0.7650  4.79883422
  0.7660  4.71125430
  0.7670  4.62382638
  0.7680  4.53661922
  0.7690  4.44970044
  0.7700  4.36313647
  0.7710  4.27699255
  0.7720  4.19133268
  0.7730  4.10621961
  0.7740  4.02171479
  0.7750  3.93787836
  0.7760  3.85476913
  0.7770  3.77244455
  0.7780  3.69096069
  0.7790  3.61037227
  0.7800  3.53073257
  0.7810  3.45209349
  0.7820  3.37450549
  0.7830  3.29801762
  0.7840  3.22267750
  0.7850  3.14853130
  0.7860  3.07562377
  0.7870  3.00399823
  0.7880  2.93369658
  0.7890  2.86475928
  0.7900  2.79722538
  0.7910  2.73113252
  0.7920  2.66651694
  0.7930  2.60341350
  0.7940  2.54185567
  0.7950  2.48187556
  0.7960  2.42350391
  0.7970  2.36677012
  0.7980  2.31170226
  0.7990  2.25832705
  0.8000  2.20666992
  0.8010  2.15675495
  0.8020  2.10860490
  0.8030  2.06224122
  0.8040  2.01768403
  0.8050  1.97495210
  0.8060  1.93406284
  0.8070  1.89503228
  0.8080  1.85787503
  0.8090  1.82260427
  0.8100  1.78923168
  0.8110  1.75776741
  0.8120  1.72822005
  0.8130  1.70059655
  0.8140  1.67490217
  0.8150  1.65114045
  0.8160  1.62931313
  0.8170  1.60942012
  0.8180  1.59145947
  0.8190  1.57542729
  0.8200  1.56131778
  0.8210  1.54912317
  0.8220  1.53883378
  0.8230  1.53043797
  0.8240  1.52392221
  0.8250  1.51927115
  0.8260  1.51646762
  0.8270  1.51549276
  0.8280  1.51632610
  0.8290  1.51894564
  0.8300  1.52332799
  0.8310  1.52944846
  0.8320  1.53728118
  0.8330  1.54679925
  0.8340  1.55797483
  0.8350  1.57077923
  0.8360  1.58518308
  0.8370  1.60115638
  0.8380  1.61866859
  0.8390  1.63768874
  0.8400  1.65818547
  0.8410  1.68012710
  0.8420  1.70348169
  0.8430  1.72821703
  0.8440  1.75430077
  0.8450  1.78170031
  0.8460  1.81038294
  0.8470  1.84031575
  0.8480  1.87146572
  0.8490  1.90379965
  0.8500  1.93728418
  0.8510  1.97188580
  0.8520  2.00757084
  0.8530  2.04430544
  0.8540  2.08205557
  0.8550  2.12078700
  0.8560  2.16046530
  0.8570  2.20105583
  0.8580  2.24252377
  0.8590  2.28483404
  0.8600  2.32795138
  0.8610  2.37184031
  0.8620  2.41646511
  0.8630  2.46178986
  0.8640  2.50777843
  0.8650  2.55439448
  0.8660  2.60160148
  0.8670  2.64936268
  0.8680  2.69764117
  0.8690  2.74639987
  0.8700  2.79560151
  0.8710  2.84520870
  0.8720  2.89518389
  0.8730  2.94548942
  0.8740  2.99608751
  0.8750  3.04694028
  0.8760  3.09800980
  0.8770  3.14925805
  0.8780  3.20064697
  0.8790  3.25213848
  0.8800  3.30369449
  0.8810  3.35527692
  0.8820  3.40684771
  0.8830  3.45836884
  0.8840  3.50980237
  0.8850  3.56111045
  0.8860  3.61225531
  0.8870  3.66319933
  0.8880  3.71390502
  0.8890  3.76433505
  0.8900  3.81445230
  0.8910  3.86421983
  0.8920  3.91360094
  0.8930  3.96255918
  0.8940  4.01105835
  0.8950  4.05906255
  0.8960  4.10653620
  0.8970  4.15344404
  0.8980  4.19975116
  0.8990  4.24542302
  0.9000  4.29042549
  0.9010  4.33472483
  0.9020  4.37828775
  0.9030  4.42108141
  0.9040  4.46307345
  0.9050  4.50423200
  0.9060  4.54452571
  0.9070  4.58392377
  0.9080  4.62239592
  0.9090  4.65991248
  0.9100  4.69644436
  0.9110  4.73196309
  0.9120  4.76644084
  0.9130  4.79985041
  0.9140  4.83216531
  0.9150  4.86335969
  0.9160  4.89340846
  0.9170  4.92228722
  0.9180  4.94997231
  0.9190  4.97644085
  0.9200  5.00167073
  0.9210  5.02564061
  0.9220  5.04832999
  0.9230  5.06971917
  0.9240  5.08978928
  0.9250  5.10852232
  0.9260  5.12590115
  0.9270  5.14190949
  0.9280  5.15653197
  0.9290  5.16975411
  0.9300  5.18156234
  0.9310  5.19194403
  0.9320  5.20088747
  0.9330  5.20838188
  0.9340  5.21441747
  0.9350  5.21898538
  0.9360  5.22207771
  0.9370  5.22368757
  0.9380  5.22380902
  0.9390  5.22243712
  0.9400  5.21956792
  0.9410  5.21519846
  0.9420  5.20932678
  0.9430  5.20195193
  0.9440  5.19307394
  0.9450  5.18269387
  0.9460  5.17081377
  0.9470  5.15743670
  0.9480  5.14256672
  0.9490  5.12620888
  0.9500  5.10836924
  0.9510  5.08905486
  0.9520  5.06827377
  0.9530  5.04603501
  0.9540  5.02234857
  0.9550  4.99722544
  0.9560  4.97067756
  0.9570  4.94271783
  0.9580  4.91336009
  0.9590  4.88261914
  0.9600  4.85051068
  0.9610  4.81705135
  0.9620  4.78225867
  0.9630  4.74615108
  0.9640  4.70874789
  0.9650  4.67006925
  0.9660  4.63013620
  0.9670  4.58897058
  0.9680  4.54659507
  0.9690  4.50303313
  0.9700  4.45830904
  0.9710  4.41244781
  0.9720  4.36547521
  0.9730  4.31741774
  0.9740  4.26830262
  0.9750  4.21815772
  0.9760  4.16701163
  0.9770  4.11489354
  0.9780  4.06183329
  0.9790  4.00786131
  0.9800  3.95300862
  0.9810  3.89730678
  0.9820  3.84078790
  0.9830  3.78348459
  0.9840  3.72542994
  0.9850  3.66665752
  0.9860  3.60720131
  0.9870  3.54709572
  0.9880  3.48637554
  0.9890  3.42507592
  0.9900  3.36323236
  0.9910  3.30088066
  0.9920  3.23805691
  0.9930  3.17479747
  0.9940  3.11113893
  0.9950  3.04711809
  0.9960  2.98277198
  0.9970  2.91813774
  0.9980  2.85325271
  0.9990  2.78815433
