  0.0000  22.16660034
  0.0010  22.13571177
  0.0020  22.04306068
  0.0030  21.88869099
  0.0040  21.67267584
  0.0050  21.39511760
  0.0060  21.05614781
  0.0070  20.65592716
  0.0080  20.19464538
  0.0090  19.67252119
  0.0100  19.08980226
  0.0110  18.44676507
  0.0120  17.74371489
  0.0130  16.98098568
  0.0140  16.15894007
  0.0150  15.27796933
  0.0160  14.33849349
  0.0170  13.34096157
  0.0180  12.28585201
  0.0190  11.17367375
  0.0200  10.00496818
  0.0210  8.78031330
  0.0220  7.50033301
  0.0230  6.16571998
  0.0240  4.77730211
  0.0250  3.33629213
  0.0260  1.84579511
  0.0270  0.35481052
  0.0280  1.33049538
  0.0290  2.97136877
  0.0300  4.66870189
  0.0310  6.41654690
  0.0320  8.21319256
  0.0330  10.05751191
  0.0340  11.94851798
  0.0350  13.88526045
  0.0360  15.86679287
  0.0370  17.89216011
  0.0380  19.96039310
  0.0390  22.07050642
  0.0400  24.22149724
  0.0410  26.41234497
  0.0420  28.64201120
  0.0430  30.90943992
  0.0440  33.21355778
  0.0450  35.55327446
  0.0460  37.92748314
  0.0470  40.33506091
  0.0480  42.77486928
  0.0490  45.24575469
  0.0500  47.74654902
  0.0510  50.27607014
  0.0520  52.83312242
  0.0530  55.41649735
  0.0540  58.02497404
  0.0550  60.65731982
  0.0560  63.31229081
  0.0570  65.98863253
  0.0580  68.68508045
  0.0590  71.40036060
  0.0600  74.13319019
  0.0610  76.88227818
  0.0620  79.64632592
  0.0630  82.42402773
  0.0640  85.21407154
  0.0650  88.01513951
  0.0660  90.82590861
  0.0670  93.64505131
  0.0680  96.47123613
  0.0690  99.30312832
  0.0700  102.13939047
  0.0710  104.97868313
  0.0720  107.81966546
  0.0730  110.66099583
  0.0740  113.50133247
  0.0750  116.33933411
  0.0760  119.17366056
  0.0770  122.00297341
  0.0780  124.82593658
  0.0790  127.64121700
  0.0800  130.44748521
  0.0810  133.24341598
  0.0820  136.02768893
  0.0830  138.79898916
  0.0840  141.55600784
  0.0850  144.29744283
  0.0860  147.02199926
  0.0870  149.72839020
  0.0880  152.41533718
  0.0890  155.08157081
  0.0900  157.72583139
  0.0910  160.34686945
  0.0920  162.94344636
  0.0930  165.51433490
  0.0940  168.05831980
  0.0950  170.57419831
  0.0960  173.06078077
  0.0970  175.51689113
  0.0980  177.94136750
  0.0990  180.33306268
  0.1000  182.69084469
  0.1010  185.01359726
  0.1020  187.30022036
  0.1030  189.54963072
  0.1040  191.76076224
  0.1050  193.93256657
  0.1060  196.06401353
  0.1070  198.15409155
  0.1080  200.20180819
  0.1090  202.20619051
  0.1100  204.16628558
  0.1110  206.08116082
  0.1120  207.94990449
  0.1130  209.77162604
  0.1140  211.54545653
  0.1150  213.27054899
  0.1160  214.94607881
  0.1170  216.57124409
  0.1180  218.14526596
  0.1190  219.66738899
  0.1200  221.13688142
  0.1210  222.55303553
  0.1220  223.91516794
  0.1230  225.22261986
  0.1240  226.47475741
  0.1250  227.67097184
  0.1260  228.81067982
  0.1270  229.89332365
  0.1280  230.91837148
  0.1290  231.88531756
  0.1300  232.79368240
  0.1310  233.64301297
  0.1320  234.43288288
  0.1330  235.16289251
  0.1340  235.83266921
  0.1350  236.44186739
  0.1360  236.99016864
  0.1370  237.47728186
  0.1380  237.90294335
  0.1390  238.26691687
  0.1400  238.56899371
  0.1410  238.80899277
  0.1420  238.98676058
  0.1430  239.10217131
  0.1440  239.15512682
  0.1450  239.14555663
  0.1460  239.07341791
  0.1470  238.93869547
  0.1480  238.74140170
  0.1490  238.48157654
  0.1500  238.15928738
  0.1510  237.77462899
  0.1520  237.32772348
  0.1530  236.81872009
  0.1540  236.24779517
  0.1550  235.61515200
  0.1560  234.92102066
  0.1570  234.16565784
  0.1580  233.34934674
  0.1590  232.47239681
  0.1600  231.53514362
  0.1610  230.53794861
  0.1620  229.48119890
  0.1630  228.36530705
  0.1640  227.19071080
  0.1650  225.95787286
  0.1660  224.66728060
  0.1670  223.31944580
  0.1680  221.91490438
  0.1690  220.45421605
  0.1700  218.93796404
  0.1710  217.36675479
  0.1720  215.74121758
  0.1730  214.06200424
  0.1740  212.32978877
  0.1750  210.54526697
  0.1760  208.70915611
  0.1770  206.82219452
  0.1780  204.88514122
  0.1790  202.89877552
  0.1800  200.86389661
  0.1810  198.78132316
  0.1820  196.65189289
  0.1830  194.47646213
  0.1840  192.25590542
  0.1850  189.99111501
  0.1860  187.68300048
  0.1870  185.33248822
  0.1880  182.94052098
  0.1890  180.50805744
  0.1900  178.03607166
  0.1910  175.52555267
  0.1920  172.97750392
  0.1930  170.39294284
  0.1940  167.77290029
  0.1950  165.11842010
  0.1960  162.43055851
  0.1970  159.71038372
  0.1980  156.95897532
  0.1990  154.17742379
  0.2000  151.36682997
  0.2010  148.52830454
  0.2020  145.66296747
  0.2030  142.77194753
  0.2040  139.85638169
  0.2050  136.91741463
  0.2060  133.95619818
  0.2070  130.97389080
  0.2080  127.97165698
  0.2090  124.95066679
  0.2100  121.91209523
  0.2110  118.85712177
  0.2120  115.78692975
  0.2130  112.70270585
  0.2140  109.60563957
  0.2150  106.49692265
  0.2160  103.37774854
  0.2170  100.24931186
  0.2180  97.11280784
  0.2190  93.96943183
  0.2200  90.82037869
  0.2210  87.66684231
  0.2220  84.51001507
  0.2230  81.35108728
  0.2240  78.19124669
  0.2250  75.03167792
  0.2260  71.87356200
  0.2270  68.71807581
  0.2280  65.56639157
  0.2290  62.41967635
  0.2300  59.27909155
  0.2310  56.14579242
  0.2320  53.02092758
  0.2330  49.90563847
  0.2340  46.80105896
  0.2350  43.70831484
  0.2360  40.62852336
  0.2370  37.56279281
  0.2380  34.51222207
  0.2390  31.47790028
  0.2400  28.46090645
  0.2410  25.46230920
  0.2420  22.48316672
  0.2430  19.52452687
  0.2440  16.58742811
  0.2450  13.67290190
  0.2460  10.78197960
  0.2470  7.91571513
  0.2480  5.07528380
  0.2490  2.26281491
  0.2500  0.54386761
  0.2510  3.28937391
  0.2520  6.01766208
  0.2530  8.71649036
  0.2540  11.38444563
  0.2550  14.02053539
  0.2560  16.62386155
  0.2570  19.19356665
  0.2580  21.72881977
  0.2590  24.22881169
  0.2600  26.69275322
  0.2610  29.11987443
  0.2620  31.50942450
  0.2630  33.86067168
  0.2640  36.17290339
  0.2650  38.44542637
  0.2660  40.67756686
  0.2670  42.86867075
  0.2680  45.01810382
  0.2690  47.12525186
  0.2700  49.18952090
  0.2710  51.21033735
  0.2720  53.18714818
  0.2730  55.11942105
  0.2740  57.00664448
  0.2750  58.84832799
  0.2760  60.64400221
  0.2770  62.39321900
  0.2780  64.09555156
  0.2790  65.75059454
  0.2800  67.35796409
  0.2810  68.91729799
  0.2820  70.42825568
  0.2830  71.89051831
  0.2840  73.30378882
  0.2850  74.66779196
  0.2860  75.98227432
  0.2870  77.24700433
  0.2880  78.46177229
  0.2890  79.62639035
  0.2900  80.74069251
  0.2910  81.80453460
  0.2920  82.81779420
  0.2930  83.78037069
  0.2940  84.69218510
  0.2950  85.55318012
  0.2960  86.36331997
  0.2970  87.12259037
  0.2980  87.83099842
  0.2990  88.48857253
  0.3000  89.09536225
  0.3010  89.65143823
  0.3020  90.15689203
  0.3030  90.61183603
  0.3040  91.01640323
  0.3050  91.37074718
  0.3060  91.67504173
  0.3070  91.92948092
  0.3080  92.13427876
  0.3090  92.28966907
  0.3100  92.39590530
  0.3110  92.45326027
  0.3120  92.46202602
  0.3130  92.42251353
  0.3140  92.33505257
  0.3150  92.19999140
  0.3160  92.01769655
  0.3170  91.78855257
  0.3180  91.51296181
  0.3190  91.19134409
  0.3200  90.82413648
  0.3210  90.41179302
  0.3220  89.95478442
  0.3230  89.45359779
  0.3240  88.90873632
  0.3250  88.32071901
  0.3260  87.69008036
  0.3270  87.01737002
  0.3280  86.30315253
  0.3290  85.54800695
  0.3300  84.75252657
  0.3310  83.91731854
  0.3320  83.04300356
  0.3330  82.13021553
  0.3340  81.17960122
  0.3350  80.19181987
  0.3360  79.16754289
  0.3370  78.10745349
  0.3380  77.01224628
  0.3390  75.88262696
  0.3400  74.71931191
  0.3410  73.52302784
  0.3420  72.29451140
  0.3430  71.03450881
  0.3440  69.74377548
  0.3450  68.42307564
  0.3460  67.07318192
  0.3470  65.69487499
  0.3480  64.28894319
  0.3490  62.85618207
  0.3500  61.39739410
  0.3510  59.91338818
  0.3520  58.40497929
  0.3530  56.87298812
  0.3540  55.31824062
  0.3550  53.74156764
  0.3560  52.14380454
  0.3570  50.52579075
  0.3580  48.88836944
  0.3590  47.23238707
  0.3600  45.55869302
  0.3610  43.86813920
  0.3620  42.16157963
  0.3630  40.43987012
  0.3640  38.70386781
  0.3650  36.95443081
  0.3660  35.19241786
  0.3670  33.41868791
  0.3680  31.63409978
  0.3690  29.83951182
  0.3700  28.03578156
  0.3710  26.22376536
  0.3720  24.40431822
  0.3730  22.57829345
  0.3740  20.74654260
  0.3750  18.90991538
  0.3760  17.06925991
  0.3770  15.22542337
  0.3780  13.37925344
  0.3790  11.53160159
  0.3800  9.68333039
  0.3810  7.83533184
  0.3820  5.98857988
  0.3830  4.14432404
  0.3840  2.30520976
  0.3850  0.50153842
  0.3860  1.39611838
  0.3870  3.21813763
  0.3880  5.04099757
  0.3890  6.85872864
  0.3900  8.66973891
  0.3910  10.47302228
  0.3920  12.26773146
  0.3930  14.05308141
  0.3940  15.82831914
  0.3950  17.59271225
  0.3960  19.34554400
  0.3970  21.08611109
  0.3980  22.81372250
  0.3990  24.52769904
  0.4000  26.22737315
  0.4010  27.91208881
  0.4020  29.58120168
  0.4030  31.23407913
  0.4040  32.87010044
  0.4050  34.48865691
  0.4060  36.08915209
  0.4070  37.67100190
  0.4080  39.23363482
  0.4090  40.77649208
  0.4100  42.29902780
  0.4110  43.80070918
  0.4120  45.28101663
  0.4130  46.73944398
  0.4140  48.17549854
  0.4150  49.58870133
  0.4160  50.97858715
  0.4170  52.34470475
  0.4180  53.68661692
  0.4190  55.00390062
  0.4200  56.29614709
  0.4210  57.56296192
  0.4220  58.80396517
  0.4230  60.01879146
  0.4240  61.20709001
  0.4250  62.36852475
  0.4260  63.50277435
  0.4270  64.60953227
  0.4280  65.68850686
  0.4290  66.73942132
  0.4300  67.76201381
  0.4310  68.75603740
  0.4320  69.72126014
  0.4330  70.65746506
  0.4340  71.56445013
  0.4350  72.44202833
  0.4360  73.29002755
  0.4370  74.10829065
  0.4380  74.89667536
  0.4390  75.65505430
  0.4400  76.38331491
  0.4410  77.08135942
  0.4420  77.74910476
  0.4430  78.38648253
  0.4440  78.99343892
  0.4450  79.56993463
  0.4460  80.11594479
  0.4470  80.63145884
  0.4480  81.11648050
  0.4490  81.57102760
  0.4500  81.99513199
  0.4510  82.38883946
  0.4520  82.75220955
  0.4530  83.08531548
  0.4540  83.38824399
  0.4550  83.66109520
  0.4560  83.90398247
  0.4570  84.11703224
  0.4580  84.30038387
  0.4590  84.45418950
  0.4600  84.57861385
  0.4610  84.67383406
  0.4620  84.74003953
  0.4630  84.77743170
  0.4640  84.78622388
  0.4650  84.76664107
  0.4660  84.71891973
  0.4670  84.64330761
  0.4680  84.54006352
  0.4690  84.40945714
  0.4700  84.25176876
  0.4710  84.06728913
  0.4720  83.85631920
  0.4730  83.61916986
  0.4740  83.35616177
  0.4750  83.06762511
  0.4760  82.75389933
  0.4770  82.41533289
  0.4780  82.05228308
  0.4790  81.66511572
  0.4800  81.25420493
  0.4810  80.81993291
  0.4820  80.36268962
  0.4830  79.88287258
  0.4840  79.38088662
  0.4850  78.85714358
  0.4860  78.31206208
  0.4870  77.74606724
  0.4880  77.15959044
  0.4890  76.55306903
  0.4900  75.92694611
  0.4910  75.28167020
  0.4920  74.61769502
  0.4930  73.93547921
  0.4940  73.23548607
  0.4950  72.51818327
  0.4960  71.78404261
  0.4970  71.03353974
  0.4980  70.26715387
  0.4990  69.48536755
  0.5000  68.68866637
  0.5010  67.87753868
  0.5020  67.05247538
  0.5030  66.21396958
  0.5040  65.36251640
  0.5050  64.49861269
  0.5060  63.62275673
  0.5070  62.73544803
  0.5080  61.83718702
  0.5090  60.92847483
  0.5100  60.00981302
  0.5110  59.08170332
  0.5120  58.14464738
  0.5130  57.19914654
  0.5140  56.24570156
  0.5150  55.28481239
  0.5160  54.31697792
  0.5170  53.34269573
  0.5180  52.36246190
  0.5190  51.37677071
  0.5200  50.38611445
  0.5210  49.39098321
  0.5220  48.39186458
  0.5230  47.38924353
  0.5240  46.38360211
  0.5250  45.37541926
  0.5260  44.36517063
  0.5270  43.35332832
  0.5280  42.34036071
  0.5290  41.32673227
  0.5300  40.31290333
  0.5310  39.29932988
  0.5320  38.28646345
  0.5330  37.27475085
  0.5340  36.26463403
  0.5350  35.25654990
  0.5360  34.25093012
  0.5370  33.24820100
  0.5380  32.24878330
  0.5390  31.25309204
  0.5400  30.26153642
  0.5410  29.27451959
  0.5420  28.29243859
  0.5430  27.31568411
  0.5440  26.34464046
  0.5450  25.37968536
  0.5460  24.42118985
  0.5470  23.46951817
  0.5480  22.52502763
  0.5490  21.58806854
  0.5500  20.65898404
  0.5510  19.73811007
  0.5520  18.82577524
  0.5530  17.92230077
  0.5540  17.02800040
  0.5550  16.14318032
  0.5560  15.26813916
  0.5570  14.40316787
  0.5580  13.54854978
  0.5590  12.70456053
  0.5600  11.87146812
  0.5610  11.04953300
  0.5620  10.23900811
  0.5630  9.44013915
  0.5640  8.65316487
  0.5650  7.87831757
  0.5660  7.11582398
  0.5670  6.36590662
  0.5680  5.62878630
  0.5690  4.90468654
  0.5700  4.19384235
  0.5710  3.49651871
  0.5720  2.81305465
  0.5730  2.14398604
  0.5740  1.49047948
  0.5750  0.85664705
  0.5760  0.28292493
  0.5770  0.45504798
  0.5780  1.03074650
  0.5790  1.61070262
  0.5800  2.17986476
  0.5810  2.73579726
  0.5820  3.27771404
  0.5830  3.80525661
  0.5840  4.31822182
  0.5850  4.81647722
  0.5860  5.29992869
  0.5870  5.76850629
  0.5880  6.22215724
  0.5890  6.66084224
  0.5900  7.08453339
  0.5910  7.49321288
  0.5920  7.88687219
  0.5930  8.26551155
  0.5940  8.62913954
  0.5950  8.97777277
  0.5960  9.31143570
  0.5970  9.63016042
  0.5980  9.93398649
  0.5990  10.22296077
  0.6000  10.49713734
  0.6010  10.75657733
  0.6020  11.00134881
  0.6030  11.23152665
  0.6040  11.44719245
  0.6050  11.64843437
  0.6060  11.83534705
  0.6070  12.00803148
  0.6080  12.16659489
  0.6090  12.31115059
  0.6100  12.44181792
  0.6110  12.55872208
  0.6120  12.66199401
  0.6130  12.75177029
  0.6140  12.82819300
  0.6150  12.89140959
  0.6160  12.94157276
  0.6170  12.97884034
  0.6180  13.00337515
  0.6190  13.01534486
  0.6200  13.01492189
  0.6210  13.00228323
  0.6220  12.97761037
  0.6230  12.94108910
  0.6240  12.89290943
  0.6250  12.83326542
  0.6260  12.76235504
  0.6270  12.68038009
  0.6280  12.58754599
  0.6290  12.48406169
  0.6300  12.37013951
  0.6310  12.24599503
  0.6320  12.11184692
  0.6330  11.96791683
  0.6340  11.81442924
  0.6350  11.65161132
  0.6360  11.47969283
  0.6370  11.29890593
  0.6380  11.10948511
  0.6390  10.91166699
  0.6400  10.70569025
  0.6410  10.49179549
  0.6420  10.27022508
  0.6430  10.04122307
  0.6440  9.80503504
  0.6450  9.56190803
  0.6460  9.31209041
  0.6470  9.05583176
  0.6480  8.79338283
  0.6490  8.52499542
  0.6500  8.25092234
  0.6510  7.97141735
  0.6520  7.68673514
  0.6530  7.39713134
  0.6540  7.10286255
  0.6550  6.80418648
  0.6560  6.50136207
  0.6570  6.19464978
  0.6580  5.88431197
  0.6590  5.57061350
  0.6600  5.25382259
  0.6610  4.93421203
  0.6620  4.61206107
  0.6630  4.28765813
  0.6640  3.96130501
  0.6650  3.63332349
  0.6660  3.30406583
  0.6670  2.97393255
  0.6680  2.64340342
  0.6690  2.31309493
  0.6700  1.98387425
  0.6710  1.65710558
  0.6720  1.33524354
  0.6730  1.02347631
  0.6740  0.73510807
  0.6750  0.51127808
  0.6760  0.45810107
  0.6770  0.62002911
  0.6780  0.88502170
  0.6790  1.18485974
  0.6800  1.49777385
  0.6810  1.81604844
  0.6820  2.13634181
  0.6830  2.45693818
  0.6840  2.77682564
  0.6850  3.09533528
  0.6860  3.41198165
  0.6870  3.72638518
  0.6880  4.03823149
  0.6890  4.34724866
  0.6900  4.65319388
  0.6910  4.95584536
  0.6920  5.25499708
  0.6930  5.55045548
  0.6940  5.84203712
  0.6950  6.12956721
  0.6960  6.41287847
  0.6970  6.69181038
  0.6980  6.96620862
  0.6990  7.23592469
  0.7000  7.50081561
  0.7010  7.76074370
  0.7020  8.01557640
  0.7030  8.26518621
  0.7040  8.50945053
  0.7050  8.74825164
  0.7060  8.98147665
  0.7070  9.20901742
  0.7080  9.43077058
  0.7090  9.64663751
  0.7100  9.85652428
  0.7110  10.06034168
  0.7120  10.25800516
  0.7130  10.44943490
  0.7140  10.63455572
  0.7150  10.81329711
  0.7160  10.98559324
  0.7170  11.15138290
  0.7180  11.31060952
  0.7190  11.46322118
  0.7200  11.60917053
  0.7210  11.74841487
  0.7220  11.88091603
  0.7230  12.00664043
  0.7240  12.12555903
  0.7250  12.23764731
  0.7260  12.34288524
  0.7270  12.44125727
  0.7280  12.53275228
  0.7290  12.61736359
  0.7300  12.69508886
  0.7310  12.76593013
  0.7320  12.82989375
  0.7330  12.88699032
  0.7340  12.93723469
  0.7350  12.98064590
  0.7360  13.01724713
  0.7370  13.04706566
  0.7380  13.07013283
  0.7390  13.08648397
  0.7400  13.09615837
  0.7410  13.09919920
  0.7420  13.09565350
  0.7430  13.08557206
  0.7440  13.06900940
  0.7450  13.04602373
  0.7460  13.01667682
  0.7470  12.98103400
  0.7480  12.93916405
  0.7490  12.89113918
  0.7500  12.83703490
  0.7510  12.77693001
  0.7520  12.71090646
  0.7530  12.63904936
  0.7540  12.56144682
  0.7550  12.47818996
  0.7560  12.38937274
  0.7570  12.29509196
  0.7580  12.19544714
  0.7590  12.09054044
  0.7600  11.98047660
  0.7610  11.86536283
  0.7620  11.74530875
  0.7630  11.62042628
  0.7640  11.49082960
  0.7650  11.35663499
  0.7660  11.21796083
  0.7670  11.07492744
  0.7680  10.92765702
  0.7690  10.77627359
  0.7700  10.62090285
  0.7710  10.46167213
  0.7720  10.29871026
  0.7730  10.13214752
  0.7740  9.96211556
  0.7750  9.78874723
  0.7760  9.61217659
  0.7770  9.43253877
  0.7780  9.24996985
  0.7790  9.06460685
  0.7800  8.87658756
  0.7810  8.68605051
  0.7820  8.49313485
  0.7830  8.29798025
  0.7840  8.10072687
  0.7850  7.90151520
  0.7860  7.70048603
  0.7870  7.49778034
  0.7880  7.29353921
  0.7890  7.08790376
  0.7900  6.88101506
  0.7910  6.67301405
  0.7920  6.46404144
  0.7930  6.25423769
  0.7940  6.04374289
  0.7950  5.83269670
  0.7960  5.62123832
  0.7970  5.40950638
  0.7980  5.19763894
  0.7990  4.98577338
  0.8000  4.77404644
  0.8010  4.56259412
  0.8020  4.35155174
  0.8030  4.14105389
  0.8040  3.93123451
  0.8050  3.72222692
  0.8060  3.51416398
  0.8070  3.30717825
  0.8080  3.10140228
  0.8090  2.89696899
  0.8100  2.69401233
  0.8110  2.49266817
  0.8120  2.29307572
  0.8130  2.09537963
  0.8140  1.89973349
  0.8150  1.70630536
  0.8160  1.51528752
  0.8170  1.32691368
  0.8180  1.14149228
  0.8190  0.95947521
  0.8200  0.78161483
  0.8210  0.60937179
  0.8220  0.44616724
  0.8230  0.30208314
  0.8240  0.21201919
  0.8250  0.23902272
  0.8260  0.35312547
  0.8270  0.49446368
  0.8280  0.64289762
  0.8290  0.79241511
  0.8300  0.94076120
  0.8310  1.08689922
  0.8320  1.23027115
  0.8330  1.37053662
  0.8340  1.50746604
  0.8350  1.64089148
  0.8360  1.77068208
  0.8370  1.89673079
  0.8380  2.01894678
  0.8390  2.13725096
  0.8400  2.25157313
  0.8410  2.36185020
  0.8420  2.46802493
  0.8430  2.57004517
  0.8440  2.66786325
  0.8450  2.76143557
  0.8460  2.85072233
  0.8470  2.93568727
  0.8480  3.01629755
  0.8490  3.09252360
  0.8500  3.16433900
  0.8510  3.23172043
  0.8520  3.29464759
  0.8530  3.35310317
  0.8540  3.40707276
  0.8550  3.45654485
  0.8560  3.50151076
  0.8570  3.54196465
  0.8580  3.57790346
  0.8590  3.60932688
  0.8600  3.63623733
  0.8610  3.65863995
  0.8620  3.67654257
  0.8630  3.68995567
  0.8640  3.69889235
  0.8650  3.70336836
  0.8660  3.70340203
  0.8670  3.69901426
  0.8680  3.69022850
  0.8690  3.67707075
  0.8700  3.65956953
  0.8710  3.63775587
  0.8720  3.61166328
  0.8730  3.58132776
  0.8740  3.54678782
  0.8750  3.50808440
  0.8760  3.46526098
  0.8770  3.41836351
  0.8780  3.36744046
  0.8790  3.31254287
  0.8800  3.25372438
  0.8810  3.19104129
  0.8820  3.12455265
  0.8830  3.05432040
  0.8840  2.98040948
  0.8850  2.90288805
  0.8860  2.82182774
  0.8870  2.73730398
  0.8880  2.64939643
  0.8890  2.55818957
  0.8900  2.46377342
  0.8910  2.36624456
  0.8920  2.26570748
  0.8930  2.16227636
  0.8940  2.05607761
  0.8950  1.94725338
  0.8960  1.83596646
  0.8970  1.72240750
  0.8980  1.60680554
  0.8990  1.48944394
  0.9000  1.37068508
  0.9010  1.25100949
  0.9020  1.13108019
  0.9030  1.01185100
  0.9040  0.89475460
  0.9050  0.78203399
  0.9060  0.67731817
  0.9070  0.58652470
  0.9080  0.51878453
  0.9090  0.48566373
  0.9100  0.49584060
  0.9110  0.54833427
  0.9120  0.63386615
  0.9130  0.74201963
  0.9140  0.86509171
  0.9150  0.99817448
  0.9160  1.13824075
  0.9170  1.28339071
  0.9180  1.43238734
  0.9190  1.58438963
  0.9200  1.73879980
  0.9210  1.89517422
  0.9220  2.05316994
  0.9230  2.21251170
  0.9240  2.37297092
  0.9250  2.53435198
  0.9260  2.69648311
  0.9270  2.85921007
  0.9280  3.02239182
  0.9290  3.18589741
  0.9300  3.34960374
  0.9310  3.51339394
  0.9320  3.67715618
  0.9330  3.84078270
  0.9340  4.00416920
  0.9350  4.16721430
  0.9360  4.32981912
  0.9370  4.49188699
  0.9380  4.65332323
  0.9390  4.81403496
  0.9400  4.97393095
  0.9410  5.13292153
  0.9420  5.29091849
  0.9430  5.44783505
  0.9440  5.60358580
  0.9450  5.75808665
  0.9460  5.91125484
  0.9470  6.06300892
  0.9480  6.21326875
  0.9490  6.36195547
  0.9500  6.50899154
  0.9510  6.65430075
  0.9520  6.79780819
  0.9530  6.93944033
  0.9540  7.07912496
  0.9550  7.21679128
  0.9560  7.35236986
  0.9570  7.48579271
  0.9580  7.61699326
  0.9590  7.74590638
  0.9600  7.87246846
  0.9610  7.99661736
  0.9620  8.11829245
  0.9630  8.23743467
  0.9640  8.35398650
  0.9650  8.46789202
  0.9660  8.57909690
  0.9670  8.68754844
  0.9680  8.79319558
  0.9690  8.89598892
  0.9700  8.99588074
  0.9710  9.09282504
  0.9720  9.18677751
  0.9730  9.27769557
  0.9740  9.36553841
  0.9750  9.45026698
  0.9760  9.53184398
  0.9770  9.61023395
  0.9780  9.68540318
  0.9790  9.75731983
  0.9800  9.82595384
  0.9810  9.89127702
  0.9820  9.95326301
  0.9830  10.01188733
  0.9840  10.06712733
  0.9850  10.11896226
  0.9860  10.16737323
  0.9870  10.21234323
  0.9880  10.25385715
  0.9890  10.29190175
  0.9900  10.32646569
  0.9910  10.35753951
  0.9920  10.38511566
  0.9930  10.40918847
  0.9940  10.42975415
  0.9950  10.44681080
  0.9960  10.46035840
  0.9970  10.47039880
  0.9980  10.47693573
  0.9990  10.47997478
