  0.0000  51.51310182
  0.0010  51.48949733
  0.0020  51.41869276
  0.0030  51.30071476
  0.0040  51.13560776
  0.0050  50.92343395
  0.0060  50.66427323
  0.0070  50.35822318
  0.0080  50.00539906
  0.0090  49.60593373
  0.0100  49.15997761
  0.0110  48.66769862
  0.0120  48.12928211
  0.0130  47.54493081
  0.0140  46.91486473
  0.0150  46.23932107
  0.0160  45.51855415
  0.0170  44.75283531
  0.0180  43.94245277
  0.0190  43.08771159
  0.0200  42.18893346
  0.0210  41.24645664
  0.0220  40.26063584
  0.0230  39.23184202
  0.0240  38.16046229
  0.0250  37.04689978
  0.0260  35.89157342
  0.0270  34.69491786
  0.0280  33.45738322
  0.0290  32.17943500
  0.0300  30.86155382
  0.0310  29.50423530
  0.0320  28.10798985
  0.0330  26.67334248
  0.0340  25.20083259
  0.0350  23.69101379
  0.0360  22.14445369
  0.0370  20.56173373
  0.0380  18.94344893
  0.0390  17.29020781
  0.0400  15.60263217
  0.0410  13.88135708
  0.0420  12.12703101
  0.0430  10.34031626
  0.0440  8.52189050
  0.0450  6.67245119
  0.0460  4.79273151
  0.0470  2.88358161
  0.0480  0.94706198
  0.0490  1.02514439
  0.0500  3.01751174
  0.0510  5.03799437
  0.0520  7.08464418
  0.0530  9.15655736
  0.0540  11.25291999
  0.0550  13.37293232
  0.0560  15.51579362
  0.0570  17.68069804
  0.0580  19.86683317
  0.0590  22.07337967
  0.0600  24.29951120
  0.0610  26.54439462
  0.0620  28.80719014
  0.0630  31.08705165
  0.0640  33.38312696
  0.0650  35.69455812
  0.0660  38.02048176
  0.0670  40.36002939
  0.0680  42.71232770
  0.0690  45.07649896
  0.0700  47.45166128
  0.0710  49.83692902
  0.0720  52.23141305
  0.0730  54.63422115
  0.0740  57.04445834
  0.0750  59.46122720
  0.0760  61.88362822
  0.0770  64.31076019
  0.0780  66.74172047
  0.0790  69.17560538
  0.0800  71.61151058
  0.0810  74.04853132
  0.0820  76.48576288
  0.0830  78.92230088
  0.0840  81.35724160
  0.0850  83.78968238
  0.0860  86.21872191
  0.0870  88.64346062
  0.0880  91.06300098
  0.0890  93.47644791
  0.0900  95.88290901
  0.0910  98.28149503
  0.0920  100.67132011
  0.0930  103.05150215
  0.0940  105.42116316
  0.0950  107.77942958
  0.0960  110.12543260
  0.0970  112.45830851
  0.0980  114.77719901
  0.0990  117.08125155
  0.1000  119.36961964
  0.1010  121.64146317
  0.1020  123.89594873
  0.1030  126.13224993
  0.1040  128.34954770
  0.1050  130.54703060
  0.1060  132.72389513
  0.1070  134.87934603
  0.1080  137.01259656
  0.1090  139.12286882
  0.1100  141.20939403
  0.1110  143.27141281
  0.1120  145.30817545
  0.1130  147.31894222
  0.1140  149.30298363
  0.1150  151.25958067
  0.1160  153.18802514
  0.1170  155.08761985
  0.1180  156.95767887
  0.1190  158.79752786
  0.1200  160.60650421
  0.1210  162.38395738
  0.1220  164.12924905
  0.1230  165.84175341
  0.1240  167.52085736
  0.1250  169.16596073
  0.1260  170.77647652
  0.1270  172.35183106
  0.1280  173.89146425
  0.1290  175.39482975
  0.1300  176.86139517
  0.1310  178.29064227
  0.1320  179.68206711
  0.1330  181.03518023
  0.1340  182.34950686
  0.1350  183.62458701
  0.1360  184.85997571
  0.1370  186.05524307
  0.1380  187.20997450
  0.1390  188.32377080
  0.1400  189.39624831
  0.1410  190.42703902
  0.1420  191.41579070
  0.1430  192.36216700
  0.1440  193.26584757
  0.1450  194.12652814
  0.1460  194.94392061
  0.1470  195.71775316
  0.1480  196.44777029
  0.1490  197.13373292
  0.1500  197.77541843
  0.1510  198.37262075
  0.1520  198.92515037
  0.1530  199.43283440
  0.1540  199.89551664
  0.1550  200.31305753
  0.1560  200.68533426
  0.1570  201.01224073
  0.1580  201.29368757
  0.1590  201.52960217
  0.1600  201.71992862
  0.1610  201.86462776
  0.1620  201.96367710
  0.1630  202.01707087
  0.1640  202.02481991
  0.1650  201.98695168
  0.1660  201.90351020
  0.1670  201.77455599
  0.1680  201.60016602
  0.1690  201.38043367
  0.1700  201.11546859
  0.1710  200.80539670
  0.1720  200.45036005
  0.1730  200.05051674
  0.1740  199.60604086
  0.1750  199.11712231
  0.1760  198.58396676
  0.1770  198.00679552
  0.1780  197.38584537
  0.1790  196.72136848
  0.1800  196.01363228
  0.1810  195.26291927
  0.1820  194.46952691
  0.1830  193.63376746
  0.1840  192.75596783
  0.1850  191.83646938
  0.1860  190.87562782
  0.1870  189.87381294
  0.1880  188.83140852
  0.1890  187.74881208
  0.1900  186.62643474
  0.1910  185.46470097
  0.1920  184.26404842
  0.1930  183.02492774
  0.1940  181.74780230
  0.1950  180.43314803
  0.1960  179.08145319
  0.1970  177.69321813
  0.1980  176.26895507
  0.1990  174.80918786
  0.2000  173.31445176
  0.2010  171.78529317
  0.2020  170.22226943
  0.2030  168.62594851
  0.2040  166.99690880
  0.2050  165.33573885
  0.2060  163.64303709
  0.2070  161.91941159
  0.2080  160.16547976
  0.2090  158.38186812
  0.2100  156.56921201
  0.2110  154.72815531
  0.2120  152.85935016
  0.2130  150.96345669
  0.2140  149.04114274
  0.2150  147.09308356
  0.2160  145.11996152
  0.2170  143.12246584
  0.2180  141.10129229
  0.2190  139.05714290
  0.2200  136.99072563
  0.2210  134.90275415
  0.2220  132.79394746
  0.2230  130.66502965
  0.2240  128.51672957
  0.2250  126.34978053
  0.2260  124.16492002
  0.2270  121.96288939
  0.2280  119.74443354
  0.2290  117.51030065
  0.2300  115.26124183
  0.2310  112.99801087
  0.2320  110.72136388
  0.2330  108.43205904
  0.2340  106.13085626
  0.2350  103.81851689
  0.2360  101.49580342
  0.2370  99.16347919
  0.2380  96.82230807
  0.2390  94.47305417
  0.2400  92.11648154
  0.2410  89.75335389
  0.2420  87.38443426
  0.2430  85.01048476
  0.2440  82.63226629
  0.2450  80.25053819
  0.2460  77.86605801
  0.2470  75.47958123
  0.2480  73.09186092
  0.2490  70.70364753
  0.2500  68.31568856
  0.2510  65.92872833
  0.2520  63.54350769
  0.2530  61.16076376
  0.2540  58.78122968
  0.2550  56.40563434
  0.2560  54.03470217
  0.2570  51.66915287
  0.2580  49.30970119
  0.2590  46.95705673
  0.2600  44.61192375
  0.2610  42.27500094
  0.2620  39.94698136
  0.2630  37.62855221
  0.2640  35.32039489
  0.2650  33.02318490
  0.2660  30.73759205
  0.2670  28.46428067
  0.2680  26.20391018
  0.2690  23.95713602
  0.2700  21.72461129
  0.2710  19.50698959
  0.2720  17.30493012
  0.2730  15.11910725
  0.2740  12.95022952
  0.2750  10.79908115
  0.2760  8.66662344
  0.2770  6.55428890
  0.2780  4.46508880
  0.2790  2.41034526
  0.2800  0.57829943
  0.2810  1.80608824
  0.2820  3.78644289
  0.2830  5.77053952
  0.2840  7.73832819
  0.2850  9.68575949
  0.2860  11.61121671
  0.2870  13.51375522
  0.2880  15.39268261
  0.2890  17.24742276
  0.2900  19.07746268
  0.2910  20.88232868
  0.2920  22.66157472
  0.2930  24.41477619
  0.2940  26.14152641
  0.2950  27.84143464
  0.2960  29.51412477
  0.2970  31.15923460
  0.2980  32.77641534
  0.2990  34.36533126
  0.3000  35.92565952
  0.3010  37.45708999
  0.3020  38.95932521
  0.3030  40.43208030
  0.3040  41.87508296
  0.3050  43.28807339
  0.3060  44.67080432
  0.3070  46.02304100
  0.3080  47.34456116
  0.3090  48.63515504
  0.3100  49.89462535
  0.3110  51.12278729
  0.3120  52.31946851
  0.3130  53.48450910
  0.3140  54.61776160
  0.3150  55.71909092
  0.3160  56.78837437
  0.3170  57.82550162
  0.3180  58.83037460
  0.3190  59.80290756
  0.3200  60.74302696
  0.3210  61.65067143
  0.3220  62.52579173
  0.3230  63.36835068
  0.3240  64.17832313
  0.3250  64.95569584
  0.3260  65.70046746
  0.3270  66.41264843
  0.3280  67.09226089
  0.3290  67.73933864
  0.3300  68.35392700
  0.3310  68.93608274
  0.3320  69.48587401
  0.3330  70.00338020
  0.3340  70.48869185
  0.3350  70.94191055
  0.3360  71.36314882
  0.3370  71.75253000
  0.3380  72.11018814
  0.3390  72.43626785
  0.3400  72.73092418
  0.3410  72.99432253
  0.3420  73.22663847
  0.3430  73.42805761
  0.3440  73.59877548
  0.3450  73.73899740
  0.3460  73.84893827
  0.3470  73.92882249
  0.3480  73.97888378
  0.3490  73.99936503
  0.3500  73.99051812
  0.3510  73.95260379
  0.3520  73.88589148
  0.3530  73.79065913
  0.3540  73.66719306
  0.3550  73.51578774
  0.3560  73.33674569
  0.3570  73.13037725
  0.3580  72.89700042
  0.3590  72.63694070
  0.3600  72.35053089
  0.3610  72.03811090
  0.3620  71.70002760
  0.3630  71.33663461
  0.3640  70.94829211
  0.3650  70.53536669
  0.3660  70.09823110
  0.3670  69.63726411
  0.3680  69.15285030
  0.3690  68.64537989
  0.3700  68.11524848
  0.3710  67.56285696
  0.3720  66.98861122
  0.3730  66.39292200
  0.3740  65.77620470
  0.3750  65.13887915
  0.3760  64.48136946
  0.3770  63.80410378
  0.3780  63.10751413
  0.3790  62.39203619
  0.3800  61.65810910
  0.3810  60.90617526
  0.3820  60.13668018
  0.3830  59.35007221
  0.3840  58.54680238
  0.3850  57.72732423
  0.3860  56.89209356
  0.3870  56.04156827
  0.3880  55.17620816
  0.3890  54.29647476
  0.3900  53.40283107
  0.3910  52.49574144
  0.3920  51.57567137
  0.3930  50.64308726
  0.3940  49.69845632
  0.3950  48.74224629
  0.3960  47.77492532
  0.3970  46.79696177
  0.3980  45.80882403
  0.3990  44.81098033
  0.4000  43.80389857
  0.4010  42.78804617
  0.4020  41.76388988
  0.4030  40.73189560
  0.4040  39.69252827
  0.4050  38.64625164
  0.4060  37.59352816
  0.4070  36.53481885
  0.4080  35.47058309
  0.4090  34.40127856
  0.4100  33.32736105
  0.4110  32.24928438
  0.4120  31.16750028
  0.4130  30.08245827
  0.4140  28.99460566
  0.4150  27.90438738
  0.4160  26.81224604
  0.4170  25.71862189
  0.4180  24.62395287
  0.4190  23.52867469
  0.4200  22.43322102
  0.4210  21.33802372
  0.4220  20.24351323
  0.4230  19.15011915
  0.4240  18.05827102
  0.4250  16.96839949
  0.4260  15.88093798
  0.4270  14.79632511
  0.4280  13.71500831
  0.4290  12.63744927
  0.4300  11.56413238
  0.4310  10.49557822
  0.4320  9.43236599
  0.4330  8.37517249
  0.4340  7.32484369
  0.4350  6.28253555
  0.4360  5.25001643
  0.4370  4.23039460
  0.4380  3.23016026
  0.4390  2.26631632
  0.4400  1.40034823
  0.4410  0.92947219
  0.4420  1.34104746
  0.4430  2.17156723
  0.4440  3.09274132
  0.4450  4.03655543
  0.4460  4.98472090
  0.4470  5.93042202
  0.4480  6.87047840
  0.4490  7.80314066
  0.4500  8.72731469
  0.4510  9.64224212
  0.4520  10.54735240
  0.4530  11.44218805
  0.4540  12.32636401
  0.4550  13.19954440
  0.4560  14.06142847
  0.4570  14.91174177
  0.4580  15.75023053
  0.4590  16.57665779
  0.4600  17.39080087
  0.4610  18.19244949
  0.4620  18.98140452
  0.4630  19.75747703
  0.4640  20.52048756
  0.4650  21.27026565
  0.4660  22.00664939
  0.4670  22.72948513
  0.4680  23.43862726
  0.4690  24.13393796
  0.4700  24.81528710
  0.4710  25.48255206
  0.4720  26.13561765
  0.4730  26.77437600
  0.4740  27.39872650
  0.4750  28.00857566
  0.4760  28.60383712
  0.4770  29.18443155
  0.4780  29.75028656
  0.4790  30.30133669
  0.4800  30.83752333
  0.4810  31.35879467
  0.4820  31.86510562
  0.4830  32.35641778
  0.4840  32.83269937
  0.4850  33.29392519
  0.4860  33.74007653
  0.4870  34.17114111
  0.4880  34.58711308
  0.4890  34.98799285
  0.4900  35.37378713
  0.4910  35.74450881
  0.4920  36.10017688
  0.4930  36.44081640
  0.4940  36.76645841
  0.4950  37.07713984
  0.4960  37.37290348
  0.4970  37.65379785
  0.4980  37.91987715
  0.4990  38.17120122
  0.5000  38.40783535
  0.5010  38.62985033
  0.5020  38.83732227
  0.5030  39.03033255
  0.5040  39.20896772
  0.5050  39.37331945
  0.5060  39.52348438
  0.5070  39.65956408
  0.5080  39.78166494
  0.5090  39.88989804
  0.5100  39.98437915
  0.5110  40.06522851
  0.5120  40.13257083
  0.5130  40.18653516
  0.5140  40.22725478
  0.5150  40.25486710
  0.5160  40.26951357
  0.5170  40.27133959
  0.5180  40.26049438
  0.5190  40.23713089
  0.5200  40.20140569
  0.5210  40.15347886
  0.5220  40.09351392
  0.5230  40.02167767
  0.5240  39.93814011
  0.5250  39.84307436
  0.5260  39.73665649
  0.5270  39.61906546
  0.5280  39.49048300
  0.5290  39.35109349
  0.5300  39.20108387
  0.5310  39.04064350
  0.5320  38.86996409
  0.5330  38.68923957
  0.5340  38.49866597
  0.5350  38.29844132
  0.5360  38.08876556
  0.5370  37.86984039
  0.5380  37.64186921
  0.5390  37.40505696
  0.5400  37.15961004
  0.5410  36.90573622
  0.5420  36.64364449
  0.5430  36.37354496
  0.5440  36.09564880
  0.5450  35.81016807
  0.5460  35.51731565
  0.5470  35.21730512
  0.5480  34.91035069
  0.5490  34.59666702
  0.5500  34.27646921
  0.5510  33.94997262
  0.5520  33.61739281
  0.5530  33.27894544
  0.5540  32.93484612
  0.5550  32.58531040
  0.5560  32.23055358
  0.5570  31.87079067
  0.5580  31.50623628
  0.5590  31.13710450
  0.5600  30.76360886
  0.5610  30.38596217
  0.5620  30.00437650
  0.5630  29.61906301
  0.5640  29.23023194
  0.5650  28.83809248
  0.5660  28.44285266
  0.5670  28.04471932
  0.5680  27.64389800
  0.5690  27.24059285
  0.5700  26.83500655
  0.5710  26.42734026
  0.5720  26.01779350
  0.5730  25.60656408
  0.5740  25.19384808
  0.5750  24.77983970
  0.5760  24.36473124
  0.5770  23.94871300
  0.5780  23.53197324
  0.5790  23.11469809
  0.5800  22.69707150
  0.5810  22.27927515
  0.5820  21.86148844
  0.5830  21.44388839
  0.5840  21.02664956
  0.5850  20.60994407
  0.5860  20.19394148
  0.5870  19.77880875
  0.5880  19.36471022
  0.5890  18.95180751
  0.5900  18.54025952
  0.5910  18.13022238
  0.5920  17.72184935
  0.5930  17.31529087
  0.5940  16.91069444
  0.5950  16.50820461
  0.5960  16.10796299
  0.5970  15.71010812
  0.5980  15.31477553
  0.5990  14.92209766
  0.6000  14.53220384
  0.6010  14.14522028
  0.6020  13.76127001
  0.6030  13.38047290
  0.6040  13.00294562
  0.6050  12.62880160
  0.6060  12.25815106
  0.6070  11.89110095
  0.6080  11.52775496
  0.6090  11.16821350
  0.6100  10.81257370
  0.6110  10.46092940
  0.6120  10.11337112
  0.6130  9.76998610
  0.6140  9.43085825
  0.6150  9.09606818
  0.6160  8.76569322
  0.6170  8.43980734
  0.6180  8.11848127
  0.6190  7.80178241
  0.6200  7.48977488
  0.6210  7.18251954
  0.6220  6.88007397
  0.6230  6.58249250
  0.6240  6.28982623
  0.6250  6.00212303
  0.6260  5.71942759
  0.6270  5.44178138
  0.6280  5.16922274
  0.6290  4.90178685
  0.6300  4.63950579
  0.6310  4.38240855
  0.6320  4.13052105
  0.6330  3.88386619
  0.6340  3.64246386
  0.6350  3.40633099
  0.6360  3.17548161
  0.6370  2.94992684
  0.6380  2.72967496
  0.6390  2.51473150
  0.6400  2.30509924
  0.6410  2.10077834
  0.6420  1.90176639
  0.6430  1.70805860
  0.6440  1.51964797
  0.6450  1.33652559
  0.6460  1.15868122
  0.6470  0.98610423
  0.6480  0.81878569
  0.6490  0.65672314
  0.6500  0.49993354
  0.6510  0.34849810
  0.6520  0.20279181
  0.6530  0.06658094
  0.6540  0.08394588
  0.6550  0.21172679
  0.6560  0.33738704
  0.6570  0.45857965
  0.6580  0.57502678
  0.6590  0.68668059
  0.6600  0.79355047
  0.6610  0.89566655
  0.6620  0.99306869
  0.6630  1.08580230
  0.6640  1.17391652
  0.6650  1.25746331
  0.6660  1.33649691
  0.6670  1.41107361
  0.6680  1.48125148
  0.6690  1.54709030
  0.6700  1.60865138
  0.6710  1.66599753
  0.6720  1.71919295
  0.6730  1.76830318
  0.6740  1.81339503
  0.6750  1.85453656
  0.6760  1.89179695
  0.6770  1.92524653
  0.6780  1.95495670
  0.6790  1.98099986
  0.6800  2.00344942
  0.6810  2.02237970
  0.6820  2.03786593
  0.6830  2.04998422
  0.6840  2.05881147
  0.6850  2.06442542
  0.6860  2.06690453
  0.6870  2.06632805
  0.6880  2.06277592
  0.6890  2.05632879
  0.6900  2.04706799
  0.6910  2.03507557
  0.6920  2.02043424
  0.6930  2.00322741
  0.6940  1.98353920
  0.6950  1.96145448
  0.6960  1.93705888
  0.6970  1.91043889
  0.6980  1.88168188
  0.6990  1.85087622
  0.7000  1.81811139
  0.7010  1.78347810
  0.7020  1.74706852
  0.7030  1.70897640
  0.7040  1.66929743
  0.7050  1.62812950
  0.7060  1.58557310
  0.7070  1.54173182
  0.7080  1.49671290
  0.7090  1.45062798
  0.7100  1.40359395
  0.7110  1.35573403
  0.7120  1.30717909
  0.7130  1.25806928
  0.7140  1.20855601
  0.7150  1.15880445
  0.7160  1.10899657
  0.7170  1.05933480
  0.7180  1.01004666
  0.7190  0.96139014
  0.7200  0.91366024
  0.7210  0.86719631
  0.7220  0.82239018
  0.7230  0.77969420
  0.7240  0.73962776
  0.7250  0.70278002
  0.7260  0.66980478
  0.7270  0.64140285
  0.7280  0.61828668
  0.7290  0.60112502
  0.7300  0.59047144
  0.7310  0.58668972
  0.7320  0.58989668
  0.7330  0.59994176
  0.7340  0.61643121
  0.7350  0.63878813
  0.7360  0.66632834
  0.7370  0.69833189
  0.7380  0.73409765
  0.7390  0.77297746
  0.7400  0.81439284
  0.7410  0.85783914
  0.7420  0.90288220
  0.7430  0.94915141
  0.7440  0.99633124
  0.7450  1.04415304
  0.7460  1.09238740
  0.7470  1.14083763
  0.7480  1.18933417
  0.7490  1.23773003
  0.7500  1.28589700
  0.7510  1.33372256
  0.7520  1.38110738
  0.7530  1.42796327
  0.7540  1.47421154
  0.7550  1.51978160
  0.7560  1.56460988
  0.7570  1.60863890
  0.7580  1.65181652
  0.7590  1.69409531
  0.7600  1.73543204
  0.7610  1.77578721
  0.7620  1.81512471
  0.7630  1.85341153
  0.7640  1.89061746
  0.7650  1.92671485
  0.7660  1.96167849
  0.7670  1.99548537
  0.7680  2.02811456
  0.7690  2.05954711
  0.7700  2.08976591
  0.7710  2.11875557
  0.7720  2.14650242
  0.7730  2.17299431
  0.7740  2.19822067
  0.7750  2.22217233
  0.7760  2.24484153
  0.7770  2.26622188
  0.7780  2.28630825
  0.7790  2.30509678
  0.7800  2.32258479
  0.7810  2.33877080
  0.7820  2.35365444
  0.7830  2.36723645
  0.7840  2.37951862
  0.7850  2.39050376
  0.7860  2.40019571
  0.7870  2.40859924
  0.7880  2.41572010
  0.7890  2.42156491
  0.7900  2.42614121
  0.7910  2.42945738
  0.7920  2.43152263
  0.7930  2.43234698
  0.7940  2.43194124
  0.7950  2.43031696
  0.7960  2.42748642
  0.7970  2.42346262
  0.7980  2.41825923
  0.7990  2.41189059
  0.8000  2.40437167
  0.8010  2.39571805
  0.8020  2.38594590
  0.8030  2.37507196
  0.8040  2.36311351
  0.8050  2.35008834
  0.8060  2.33601477
  0.8070  2.32091156
  0.8080  2.30479794
  0.8090  2.28769358
  0.8100  2.26961856
  0.8110  2.25059332
  0.8120  2.23063871
  0.8130  2.20977590
  0.8140  2.18802640
  0.8150  2.16541201
  0.8160  2.14195483
  0.8170  2.11767722
  0.8180  2.09260177
  0.8190  2.06675133
  0.8200  2.04014892
  0.8210  2.01281776
  0.8220  1.98478123
  0.8230  1.95606286
  0.8240  1.92668633
  0.8250  1.89667539
  0.8260  1.86605391
  0.8270  1.83484584
  0.8280  1.80307516
  0.8290  1.77076591
  0.8300  1.73794215
  0.8310  1.70462795
  0.8320  1.67084735
  0.8330  1.63662438
  0.8340  1.60198304
  0.8350  1.56694724
  0.8360  1.53154085
  0.8370  1.49578764
  0.8380  1.45971127
  0.8390  1.42333530
  0.8400  1.38668315
  0.8410  1.34977811
  0.8420  1.31264331
  0.8430  1.27530171
  0.8440  1.23777609
  0.8450  1.20008906
  0.8460  1.16226299
  0.8470  1.12432009
  0.8480  1.08628230
  0.8490  1.04817136
  0.8500  1.01000875
  0.8510  0.97181573
  0.8520  0.93361326
  0.8530  0.89542208
  0.8540  0.85726263
  0.8550  0.81915511
  0.8560  0.78111940
  0.8570  0.74317513
  0.8580  0.70534165
  0.8590  0.66763800
  0.8600  0.63008300
  0.8610  0.59269516
  0.8620  0.55549277
  0.8630  0.51849388
  0.8640  0.48171639
  0.8650  0.44517805
  0.8660  0.40889658
  0.8670  0.37288985
  0.8680  0.33717604
  0.8690  0.30177412
  0.8700  0.26670447
  0.8710  0.23199025
  0.8720  0.19765994
  0.8730  0.16375307
  0.8740  0.13033439
  0.8750  0.09753576
  0.8760  0.06571693
  0.8770  0.03641695
  0.8780  0.02135653
  0.8790  0.04033440
  0.8800  0.06895737
  0.8810  0.09877213
  0.8820  0.12861969
  0.8830  0.15820544
  0.8840  0.18741769
  0.8850  0.21620183
  0.8860  0.24452582
  0.8870  0.27236813
  0.8880  0.29971276
  0.8890  0.32654692
  0.8900  0.35285988
  0.8910  0.37864229
  0.8920  0.40388589
  0.8930  0.42858321
  0.8940  0.45272746
  0.8950  0.47631244
  0.8960  0.49933247
  0.8970  0.52178236
  0.8980  0.54365737
  0.8990  0.56495315
  0.9000  0.58566580
  0.9010  0.60579180
  0.9020  0.62532801
  0.9030  0.64427165
  0.9040  0.66262033
  0.9050  0.68037201
  0.9060  0.69752500
  0.9070  0.71407796
  0.9080  0.73002991
  0.9090  0.74538019
  0.9100  0.76012848
  0.9110  0.77427482
  0.9120  0.78781954
  0.9130  0.80076333
  0.9140  0.81310719
  0.9150  0.82485244
  0.9160  0.83600073
  0.9170  0.84655401
  0.9180  0.85651457
  0.9190  0.86588499
  0.9200  0.87466816
  0.9210  0.88286730
  0.9220  0.89048591
  0.9230  0.89752781
  0.9240  0.90399713
  0.9250  0.90989828
  0.9260  0.91523599
  0.9270  0.92001528
  0.9280  0.92424147
  0.9290  0.92792017
  0.9300  0.93105731
  0.9310  0.93365908
  0.9320  0.93573201
  0.9330  0.93728288
  0.9340  0.93831879
  0.9350  0.93884714
  0.9360  0.93887563
  0.9370  0.93841222
  0.9380  0.93746521
  0.9390  0.93604319
  0.9400  0.93415503
  0.9410  0.93180992
  0.9420  0.92901736
  0.9430  0.92578714
  0.9440  0.92212938
  0.9450  0.91805449
  0.9460  0.91357322
  0.9470  0.90869662
  0.9480  0.90343609
  0.9490  0.89780334
  0.9500  0.89181044
  0.9510  0.88546978
  0.9520  0.87879411
  0.9530  0.87179656
  0.9540  0.86449058
  0.9550  0.85689005
  0.9560  0.84900920
  0.9570  0.84086267
  0.9580  0.83246550
  0.9590  0.82383317
  0.9600  0.81498158
  0.9610  0.80592707
  0.9620  0.79668646
  0.9630  0.78727703
  0.9640  0.77771658
  0.9650  0.76802338
  0.9660  0.75821625
  0.9670  0.74831454
  0.9680  0.73833818
  0.9690  0.72830762
  0.9700  0.71824394
  0.9710  0.70816879
  0.9720  0.69810444
  0.9730  0.68807373
  0.9740  0.67810014
  0.9750  0.66820775
  0.9760  0.65842122
  0.9770  0.64876576
  0.9780  0.63926715
  0.9790  0.62995163
  0.9800  0.62084591
  0.9810  0.61197703
  0.9820  0.60337234
  0.9830  0.59505933
  0.9840  0.58706556
  0.9850  0.57941845
  0.9860  0.57214516
  0.9870  0.56527239
  0.9880  0.55882614
  0.9890  0.55283151
  0.9900  0.54731245
  0.9910  0.54229148
  0.9920  0.53778947
  0.9930  0.53382535
  0.9940  0.53041590
  0.9950  0.52757548
  0.9960  0.52531585
  0.9970  0.52364600
  0.9980  0.52257202
  0.9990  0.52209703
