  0.0000  81.21999055
  0.0010  81.18014072
  0.0020  81.06061194
  0.0030  80.86146625
  0.0040  80.58280708
  0.0050  80.22477910
  0.0060  79.78756820
  0.0070  79.27140138
  0.0080  78.67654660
  0.0090  78.00331265
  0.0100  77.25204900
  0.0110  76.42314555
  0.0120  75.51703250
  0.0130  74.53418003
  0.0140  73.47509809
  0.0150  72.34033613
  0.0160  71.13048273
  0.0170  69.84616538
  0.0180  68.48805005
  0.0190  67.05684084
  0.0200  65.55327965
  0.0210  63.97814568
  0.0220  62.33225510
  0.0230  60.61646053
  0.0240  58.83165058
  0.0250  56.97874941
  0.0260  55.05871618
  0.0270  53.07254452
  0.0280  51.02126201
  0.0290  48.90592961
  0.0300  46.72764106
  0.0310  44.48752231
  0.0320  42.18673085
  0.0330  39.82645516
  0.0340  37.40791396
  0.0350  34.93235562
  0.0360  32.40105745
  0.0370  29.81532500
  0.0380  27.17649135
  0.0390  24.48591644
  0.0400  21.74498628
  0.0410  18.95511230
  0.0420  16.11773072
  0.0430  13.23430201
  0.0440  10.30631098
  0.0450  7.33526882
  0.0460  4.32272762
  0.0470  1.27051708
  0.0480  1.82144476
  0.0490  4.94907016
  0.0500  8.11212331
  0.0510  11.30882802
  0.0520  14.53752888
  0.0530  17.79656972
  0.0540  21.08428349
  0.0550  24.39899097
  0.0560  27.73900092
  0.0570  31.10261080
  0.0580  34.48810757
  0.0590  37.89376856
  0.0600  41.31786239
  0.0610  44.75864988
  0.0620  48.21438503
  0.0630  51.68331591
  0.0640  55.16368563
  0.0650  58.65373331
  0.0660  62.15169499
  0.0670  65.65580464
  0.0680  69.16429505
  0.0690  72.67539884
  0.0700  76.18734937
  0.0710  79.69838174
  0.0720  83.20673368
  0.0730  86.71064654
  0.0740  90.20836623
  0.0750  93.69814415
  0.0760  97.17823810
  0.0770  100.64691329
  0.0780  104.10244315
  0.0790  107.54311035
  0.0800  110.96720767
  0.0810  114.37303890
  0.0820  117.75891973
  0.0830  121.12317868
  0.0840  124.46415793
  0.0850  127.78021422
  0.0860  131.06971972
  0.0870  134.33106284
  0.0880  137.56264911
  0.0890  140.76290198
  0.0900  143.93026365
  0.0910  147.06319588
  0.0920  150.16018078
  0.0930  153.21972155
  0.0940  156.24034329
  0.0950  159.22059376
  0.0960  162.15904405
  0.0970  165.05428936
  0.0980  167.90494969
  0.0990  170.70967051
  0.1000  173.46712345
  0.1010  176.17600697
  0.1020  178.83504696
  0.1030  181.44299740
  0.1040  183.99864095
  0.1050  186.50078952
  0.1060  188.94828489
  0.1070  191.33999918
  0.1080  193.67483547
  0.1090  195.95172823
  0.1100  198.16964387
  0.1110  200.32758120
  0.1120  202.42457188
  0.1130  204.45968082
  0.1140  206.43200666
  0.1150  208.34068211
  0.1160  210.18487434
  0.1170  211.96378534
  0.1180  213.67665223
  0.1190  215.32274760
  0.1200  216.90137975
  0.1210  218.41189301
  0.1220  219.85366797
  0.1230  221.22612169
  0.1240  222.52870791
  0.1250  223.76091724
  0.1260  224.92227732
  0.1270  226.01235296
  0.1280  227.03074623
  0.1290  227.97709663
  0.1300  228.85108106
  0.1310  229.65241397
  0.1320  230.38084736
  0.1330  231.03617075
  0.1340  231.61821124
  0.1350  232.12683344
  0.1360  232.56193943
  0.1370  232.92346867
  0.1380  233.21139794
  0.1390  233.42574122
  0.1400  233.56654952
  0.1410  233.63391079
  0.1420  233.62794970
  0.1430  233.54882745
  0.1440  233.39674161
  0.1450  233.17192582
  0.1460  232.87464957
  0.1470  232.50521798
  0.1480  232.06397141
  0.1490  231.55128526
  0.1500  230.96756959
  0.1510  230.31326879
  0.1520  229.58886123
  0.1530  228.79485888
  0.1540  227.93180693
  0.1550  227.00028337
  0.1560  226.00089859
  0.1570  224.93429490
  0.1580  223.80114612
  0.1590  222.60215709
  0.1600  221.33806319
  0.1610  220.00962986
  0.1620  218.61765203
  0.1630  217.16295369
  0.1640  215.64638726
  0.1650  214.06883311
  0.1660  212.43119895
  0.1670  210.73441927
  0.1680  208.97945476
  0.1690  207.16729173
  0.1700  205.29894144
  0.1710  203.37543956
  0.1720  201.39784549
  0.1730  199.36724172
  0.1740  197.28473322
  0.1750  195.15144676
  0.1760  192.96853023
  0.1770  190.73715200
  0.1780  188.45850023
  0.1790  186.13378215
  0.1800  183.76422344
  0.1810  181.35106743
  0.1820  178.89557449
  0.1830  176.39902127
  0.1840  173.86269996
  0.1850  171.28791763
  0.1860  168.67599545
  0.1870  166.02826801
  0.1880  163.34608252
  0.1890  160.63079814
  0.1900  157.88378521
  0.1910  155.10642451
  0.1920  152.30010650
  0.1930  149.46623062
  0.1940  146.60620451
  0.1950  143.72144325
  0.1960  140.81336865
  0.1970  137.88340849
  0.1980  134.93299576
  0.1990  131.96356791
  0.2000  128.97656614
  0.2010  125.97343462
  0.2020  122.95561976
  0.2030  119.92456949
  0.2040  116.88173247
  0.2050  113.82855744
  0.2060  110.76649240
  0.2070  107.69698395
  0.2080  104.62147654
  0.2090  101.54141178
  0.2100  98.45822767
  0.2110  95.37335797
  0.2120  92.28823146
  0.2130  89.20427124
  0.2140  86.12289408
  0.2150  83.04550974
  0.2160  79.97352029
  0.2170  76.90831947
  0.2180  73.85129205
  0.2190  70.80381321
  0.2200  67.76724795
  0.2210  64.74295048
  0.2220  61.73226368
  0.2230  58.73651858
  0.2240  55.75703387
  0.2250  52.79511548
  0.2260  49.85205621
  0.2270  46.92913547
  0.2280  44.02761913
  0.2290  41.14875961
  0.2300  38.29379616
  0.2310  35.46395561
  0.2320  32.66045367
  0.2330  29.88449732
  0.2340  27.13728872
  0.2350  24.42003202
  0.2360  21.73394518
  0.2370  19.08028154
  0.2380  16.46037139
  0.2390  13.87570822
  0.2400  11.32814698
  0.2410  8.82042900
  0.2420  6.35789044
  0.2430  3.95626530
  0.2440  1.71293396
  0.2450  1.30630772
  0.2460  3.37617094
  0.2470  5.60656466
  0.2480  7.82493079
  0.2490  10.01002309
  0.2500  12.15558000
  0.2510  14.25876481
  0.2520  16.31788414
  0.2530  18.33172617
  0.2540  20.29931960
  0.2550  22.21983143
  0.2560  24.09251849
  0.2570  25.91670249
  0.2580  27.69175631
  0.2590  29.41709607
  0.2600  31.09217635
  0.2610  32.71648723
  0.2620  34.28955231
  0.2630  35.81092753
  0.2640  37.28020026
  0.2650  38.69698876
  0.2660  40.06094180
  0.2670  41.37173830
  0.2680  42.62908720
  0.2690  43.83272724
  0.2700  44.98242687
  0.2710  46.07798411
  0.2720  47.11922647
  0.2730  48.10601085
  0.2740  49.03822343
  0.2750  49.91577957
  0.2760  50.73862372
  0.2770  51.50672928
  0.2780  52.22009847
  0.2790  52.87876221
  0.2800  53.48277997
  0.2810  54.03223958
  0.2820  54.52725708
  0.2830  54.96797649
  0.2840  55.35456966
  0.2850  55.68723602
  0.2860  55.96620235
  0.2870  56.19172252
  0.2880  56.36407728
  0.2890  56.48357392
  0.2900  56.55054604
  0.2910  56.56535321
  0.2920  56.52838066
  0.2930  56.44003899
  0.2940  56.30076378
  0.2950  56.11101524
  0.2960  55.87127789
  0.2970  55.58206012
  0.2980  55.24389384
  0.2990  54.85733403
  0.3000  54.42295839
  0.3010  53.94136683
  0.3020  53.41318111
  0.3030  52.83904432
  0.3040  52.21962046
  0.3050  51.55559396
  0.3060  50.84766917
  0.3070  50.09656991
  0.3080  49.30303893
  0.3090  48.46783741
  0.3100  47.59174445
  0.3110  46.67555652
  0.3120  45.72008696
  0.3130  44.72616536
  0.3140  43.69463710
  0.3150  42.62636272
  0.3160  41.52221738
  0.3170  40.38309028
  0.3180  39.20988409
  0.3190  38.00351437
  0.3200  36.76490895
  0.3210  35.49500738
  0.3220  34.19476030
  0.3230  32.86512884
  0.3240  31.50708406
  0.3250  30.12160629
  0.3260  28.70968456
  0.3270  27.27231598
  0.3280  25.81050515
  0.3290  24.32526356
  0.3300  22.81760899
  0.3310  21.28856497
  0.3320  19.73916018
  0.3330  18.17042798
  0.3340  16.58340596
  0.3350  14.97913557
  0.3360  13.35866207
  0.3370  11.72303483
  0.3380  10.07330859
  0.3390  8.41054711
  0.3400  6.73583304
  0.3410  5.05029919
  0.3420  3.35525714
  0.3430  1.65312789
  0.3440  0.14756989
  0.3450  1.78935060
  0.3460  3.51227836
  0.3470  5.24156817
  0.3480  6.97501719
  0.3490  8.71136326
  0.3500  10.44951127
  0.3510  12.18841917
  0.3520  13.92706944
  0.3530  15.66445986
  0.3540  17.39960009
  0.3550  19.13151041
  0.3560  20.85922128
  0.3570  22.58177342
  0.3580  24.29821794
  0.3590  26.00761671
  0.3600  27.70904269
  0.3610  29.40158034
  0.3620  31.08432601
  0.3630  32.75638833
  0.3640  34.41688865
  0.3650  36.06496140
  0.3660  37.69975452
  0.3670  39.32042980
  0.3680  40.92616328
  0.3690  42.51614562
  0.3700  44.08958243
  0.3710  45.64569462
  0.3720  47.18371874
  0.3730  48.70290729
  0.3740  50.20252900
  0.3750  51.68186917
  0.3760  53.14022993
  0.3770  54.57693048
  0.3780  55.99130740
  0.3790  57.38271485
  0.3800  58.75052482
  0.3810  60.09412732
  0.3820  61.41293065
  0.3830  62.70636150
  0.3840  63.97386520
  0.3850  65.21490587
  0.3860  66.42896655
  0.3870  67.61554936
  0.3880  68.77417562
  0.3890  69.90438597
  0.3900  71.00574047
  0.3910  72.07781870
  0.3920  73.12021980
  0.3930  74.13256257
  0.3940  75.11448553
  0.3950  76.06564692
  0.3960  76.98572475
  0.3970  77.87441684
  0.3980  78.73144075
  0.3990  79.55653388
  0.4000  80.34945334
  0.4010  81.10997599
  0.4020  81.83789839
  0.4030  82.53303671
  0.4040  83.19522669
  0.4050  83.82432359
  0.4060  84.42020204
  0.4070  84.98275600
  0.4080  85.51189863
  0.4090  86.00756218
  0.4100  86.46969785
  0.4110  86.89827566
  0.4120  87.29328432
  0.4130  87.65473104
  0.4140  87.98264140
  0.4150  88.27705916
  0.4160  88.53804608
  0.4170  88.76568172
  0.4180  88.96006325
  0.4190  89.12130525
  0.4200  89.24953950
  0.4210  89.34491472
  0.4220  89.40759637
  0.4230  89.43776642
  0.4240  89.43562310
  0.4250  89.40138062
  0.4260  89.33526896
  0.4270  89.23753357
  0.4280  89.10843512
  0.4290  88.94824922
  0.4300  88.75726613
  0.4310  88.53579049
  0.4320  88.28414101
  0.4330  88.00265021
  0.4340  87.69166405
  0.4350  87.35154171
  0.4360  86.98265522
  0.4370  86.58538914
  0.4380  86.16014032
  0.4390  85.70731746
  0.4400  85.22734091
  0.4410  84.72064223
  0.4420  84.18766393
  0.4430  83.62885913
  0.4440  83.04469118
  0.4450  82.43563336
  0.4460  81.80216854
  0.4470  81.14478879
  0.4480  80.46399511
  0.4490  79.76029701
  0.4500  79.03421219
  0.4510  78.28626620
  0.4520  77.51699210
  0.4530  76.72693004
  0.4540  75.91662699
  0.4550  75.08663634
  0.4560  74.23751755
  0.4570  73.36983581
  0.4580  72.48416166
  0.4590  71.58107069
  0.4600  70.66114309
  0.4610  69.72496340
  0.4620  68.77312009
  0.4630  67.80620524
  0.4640  66.82481414
  0.4650  65.82954502
  0.4660  64.82099862
  0.4670  63.79977789
  0.4680  62.76648763
  0.4690  61.72173413
  0.4700  60.66612486
  0.4710  59.60026810
  0.4720  58.52477260
  0.4730  57.44024726
  0.4740  56.34730078
  0.4750  55.24654134
  0.4760  54.13857626
  0.4770  53.02401169
  0.4780  51.90345227
  0.4790  50.77750079
  0.4800  49.64675792
  0.4810  48.51182187
  0.4820  47.37328808
  0.4830  46.23174891
  0.4840  45.08779334
  0.4850  43.94200669
  0.4860  42.79497028
  0.4870  41.64726120
  0.4880  40.49945197
  0.4890  39.35211030
  0.4900  38.20579878
  0.4910  37.06107464
  0.4920  35.91848946
  0.4930  34.77858891
  0.4940  33.64191254
  0.4950  32.50899347
  0.4960  31.38035818
  0.4970  30.25652628
  0.4980  29.13801026
  0.4990  28.02531530
  0.5000  26.91893904
  0.5010  25.81937138
  0.5020  24.72709429
  0.5030  23.64258164
  0.5040  22.56629900
  0.5050  21.49870356
  0.5060  20.44024391
  0.5070  19.39136001
  0.5080  18.35248307
  0.5090  17.32403550
  0.5100  16.30643097
  0.5110  15.30007443
  0.5120  14.30536231
  0.5130  13.32268283
  0.5140  12.35241646
  0.5150  11.39493673
  0.5160  10.45061148
  0.5170  9.51980481
  0.5180  8.60288028
  0.5190  7.70020621
  0.5200  6.81216492
  0.5210  5.93916947
  0.5220  5.08169642
  0.5230  4.24035516
  0.5240  3.41605216
  0.5250  2.61044502
  0.5260  1.82751853
  0.5270  1.08155318
  0.5280  0.47800902
  0.5290  0.66376612
  0.5300  1.31568689
  0.5310  2.00634476
  0.5320  2.69259549
  0.5330  3.36633102
  0.5340  4.02491875
  0.5350  4.66720246
  0.5360  5.29256269
  0.5370  5.90061740
  0.5380  6.49110620
  0.5390  7.06383899
  0.5400  7.61867081
  0.5410  8.15548851
  0.5420  8.67420319
  0.5430  9.17474564
  0.5440  9.65706360
  0.5450  10.12111983
  0.5460  10.56689092
  0.5470  10.99436638
  0.5480  11.40354796
  0.5490  11.79444920
  0.5500  12.16709501
  0.5510  12.52152136
  0.5520  12.85777495
  0.5530  13.17591304
  0.5540  13.47600316
  0.5550  13.75812294
  0.5560  14.02235990
  0.5570  14.26881123
  0.5580  14.49758365
  0.5590  14.70879317
  0.5600  14.90256496
  0.5610  15.07903311
  0.5620  15.23834048
  0.5630  15.38063848
  0.5640  15.50608692
  0.5650  15.61485375
  0.5660  15.70711496
  0.5670  15.78305429
  0.5680  15.84286308
  0.5690  15.88674007
  0.5700  15.91489117
  0.5710  15.92752926
  0.5720  15.92487402
  0.5730  15.90715165
  0.5740  15.87459471
  0.5750  15.82744190
  0.5760  15.76593783
  0.5770  15.69033281
  0.5780  15.60088262
  0.5790  15.49784831
  0.5800  15.38149598
  0.5810  15.25209653
  0.5820  15.10992548
  0.5830  14.95526271
  0.5840  14.78839226
  0.5850  14.60960211
  0.5860  14.41918394
  0.5870  14.21743294
  0.5880  14.00464754
  0.5890  13.78112925
  0.5900  13.54718239
  0.5910  13.30311389
  0.5920  13.04923312
  0.5930  12.78585158
  0.5940  12.51328278
  0.5950  12.23184200
  0.5960  11.94184605
  0.5970  11.64361313
  0.5980  11.33746260
  0.5990  11.02371477
  0.6000  10.70269077
  0.6010  10.37471232
  0.6020  10.04010158
  0.6030  9.69918099
  0.6040  9.35227314
  0.6050  8.99970063
  0.6060  8.64178596
  0.6070  8.27885145
  0.6080  7.91121922
  0.6090  7.53921120
  0.6100  7.16314916
  0.6110  6.78335495
  0.6120  6.40015077
  0.6130  6.01385965
  0.6140  5.62480631
  0.6150  5.23331833
  0.6160  4.83972809
  0.6170  4.44437588
  0.6180  4.04761480
  0.6190  3.64981911
  0.6200  3.25139875
  0.6210  2.85282607
  0.6220  2.45468855
  0.6230  2.05780181
  0.6240  1.66348150
  0.6250  1.27430508
  0.6260  0.89676992
  0.6270  0.55400918
  0.6280  0.36043990
  0.6290  0.51981824
  0.6300  0.85090706
  0.6310  1.21937028
  0.6320  1.59792660
  0.6330  1.97927422
  0.6340  2.36063617
  0.6350  2.74065679
  0.6360  3.11853810
  0.6370  3.49373783
  0.6380  3.86584566
  0.6390  4.23452606
  0.6400  4.59948955
  0.6410  4.96047708
  0.6420  5.31725119
  0.6430  5.66959057
  0.6440  6.01728685
  0.6450  6.36014236
  0.6460  6.69796879
  0.6470  7.03058618
  0.6480  7.35782229
  0.6490  7.67951213
  0.6500  7.99549763
  0.6510  8.30562740
  0.6520  8.60975655
  0.6530  8.90774659
  0.6540  9.19946527
  0.6550  9.48478659
  0.6560  9.76359066
  0.6570  10.03576371
  0.6580  10.30119803
  0.6590  10.55979193
  0.6600  10.81144973
  0.6610  11.05608173
  0.6620  11.29360415
  0.6630  11.52393917
  0.6640  11.74701485
  0.6650  11.96276511
  0.6660  12.17112974
  0.6670  12.37205433
  0.6680  12.56549025
  0.6690  12.75139464
  0.6700  12.92973034
  0.6710  13.10046590
  0.6720  13.26357547
  0.6730  13.41903885
  0.6740  13.56684137
  0.6750  13.70697388
  0.6760  13.83943270
  0.6770  13.96421956
  0.6780  14.08134156
  0.6790  14.19081110
  0.6800  14.29264583
  0.6810  14.38686861
  0.6820  14.47350740
  0.6830  14.55259525
  0.6840  14.62417018
  0.6850  14.68827516
  0.6860  14.74495801
  0.6870  14.79427131
  0.6880  14.83627239
  0.6890  14.87102317
  0.6900  14.89859013
  0.6910  14.91904421
  0.6920  14.93246073
  0.6930  14.93891932
  0.6940  14.93850378
  0.6950  14.93130205
  0.6960  14.91740607
  0.6970  14.89691171
  0.6980  14.86991867
  0.6990  14.83653037
  0.7000  14.79685386
  0.7010  14.75099971
  0.7020  14.69908190
  0.7030  14.64121775
  0.7040  14.57752776
  0.7050  14.50813552
  0.7060  14.43316763
  0.7070  14.35275354
  0.7080  14.26702546
  0.7090  14.17611824
  0.7100  14.08016927
  0.7110  13.97931833
  0.7120  13.87370749
  0.7130  13.76348099
  0.7140  13.64878512
  0.7150  13.52976809
  0.7160  13.40657991
  0.7170  13.27937226
  0.7180  13.14829839
  0.7190  13.01351295
  0.7200  12.87517192
  0.7210  12.73343242
  0.7220  12.58845266
  0.7230  12.44039173
  0.7240  12.28940954
  0.7250  12.13566666
  0.7260  11.97932418
  0.7270  11.82054363
  0.7280  11.65948681
  0.7290  11.49631568
  0.7300  11.33119223
  0.7310  11.16427837
  0.7320  10.99573577
  0.7330  10.82572578
  0.7340  10.65440927
  0.7350  10.48194652
  0.7360  10.30849710
  0.7370  10.13421977
  0.7380  9.95927231
  0.7390  9.78381146
  0.7400  9.60799276
  0.7410  9.43197046
  0.7420  9.25589740
  0.7430  9.07992488
  0.7440  8.90420261
  0.7450  8.72887852
  0.7460  8.55409871
  0.7470  8.38000735
  0.7480  8.20674654
  0.7490  8.03445624
  0.7500  7.86327418
  0.7510  7.69333573
  0.7520  7.52477386
  0.7530  7.35771900
  0.7540  7.19229898
  0.7550  7.02863897
  0.7560  6.86686134
  0.7570  6.70708563
  0.7580  6.54942847
  0.7590  6.39400349
  0.7600  6.24092125
  0.7610  6.09028920
  0.7620  5.94221159
  0.7630  5.79678943
  0.7640  5.65412041
  0.7650  5.51429886
  0.7660  5.37741570
  0.7670  5.24355837
  0.7680  5.11281083
  0.7690  4.98525347
  0.7700  4.86096308
  0.7710  4.74001285
  0.7720  4.62247227
  0.7730  4.50840716
  0.7740  4.39787963
  0.7750  4.29094801
  0.7760  4.18766688
  0.7770  4.08808706
  0.7780  3.99225553
  0.7790  3.90021550
  0.7800  3.81200635
  0.7810  3.72766364
  0.7820  3.64721914
  0.7830  3.57070083
  0.7840  3.49813287
  0.7850  3.42953571
  0.7860  3.36492603
  0.7870  3.30431684
  0.7880  3.24771748
  0.7890  3.19513369
  0.7900  3.14656768
  0.7910  3.10201816
  0.7920  3.06148042
  0.7930  3.02494643
  0.7940  2.99240489
  0.7950  2.96384132
  0.7960  2.93923817
  0.7970  2.91857490
  0.7980  2.90182804
  0.7990  2.88897133
  0.8000  2.87997578
  0.8010  2.87480976
  0.8020  2.87343908
  0.8030  2.87582708
  0.8040  2.88193472
  0.8050  2.89172058
  0.8060  2.90514103
  0.8070  2.92215019
  0.8080  2.94270005
  0.8090  2.96674050
  0.8100  2.99421941
  0.8110  3.02508262
  0.8120  3.05927404
  0.8130  3.09673569
  0.8140  3.13740774
  0.8150  3.18122855
  0.8160  3.22813477
  0.8170  3.27806133
  0.8180  3.33094155
  0.8190  3.38670718
  0.8200  3.44528845
  0.8210  3.50661418
  0.8220  3.57061179
  0.8230  3.63720743
  0.8240  3.70632600
  0.8250  3.77789126
  0.8260  3.85182589
  0.8270  3.92805158
  0.8280  4.00648909
  0.8290  4.08705833
  0.8300  4.16967846
  0.8310  4.25426795
  0.8320  4.34074466
  0.8330  4.42902589
  0.8340  4.51902851
  0.8350  4.61066900
  0.8360  4.70386352
  0.8370  4.79852799
  0.8380  4.89457816
  0.8390  4.99192968
  0.8400  5.09049816
  0.8410  5.19019925
  0.8420  5.29094867
  0.8430  5.39266230
  0.8440  5.49525623
  0.8450  5.59864683
  0.8460  5.70275076
  0.8470  5.80748509
  0.8480  5.91276729
  0.8490  6.01851531
  0.8500  6.12464762
  0.8510  6.23108326
  0.8520  6.33774186
  0.8530  6.44454371
  0.8540  6.55140978
  0.8550  6.65826177
  0.8560  6.76502213
  0.8570  6.87161409
  0.8580  6.97796171
  0.8590  7.08398991
  0.8600  7.18962446
  0.8610  7.29479205
  0.8620  7.39942030
  0.8630  7.50343775
  0.8640  7.60677395
  0.8650  7.70935941
  0.8660  7.81112564
  0.8670  7.91200520
  0.8680  8.01193166
  0.8690  8.11083965
  0.8700  8.20866488
  0.8710  8.30534412
  0.8720  8.40081521
  0.8730  8.49501712
  0.8740  8.58788990
  0.8750  8.67937473
  0.8760  8.76941388
  0.8770  8.85795078
  0.8780  8.94492998
  0.8790  9.03029716
  0.8800  9.11399914
  0.8810  9.19598390
  0.8820  9.27620058
  0.8830  9.35459944
  0.8840  9.43113194
  0.8850  9.50575068
  0.8860  9.57840943
  0.8870  9.64906316
  0.8880  9.71766797
  0.8890  9.78418119
  0.8900  9.84856131
  0.8910  9.91076801
  0.8920  9.97076218
  0.8930  10.02850592
  0.8940  10.08396251
  0.8950  10.13709647
  0.8960  10.18787355
  0.8970  10.23626072
  0.8980  10.28222620
  0.8990  10.32573945
  0.9000  10.36677121
  0.9010  10.40529346
  0.9020  10.44127949
  0.9030  10.47470389
  0.9040  10.50554252
  0.9050  10.53377261
  0.9060  10.55937267
  0.9070  10.58232260
  0.9080  10.60260364
  0.9090  10.62019842
  0.9100  10.63509096
  0.9110  10.64726668
  0.9120  10.65671244
  0.9130  10.66341654
  0.9140  10.66736872
  0.9150  10.66856023
  0.9160  10.66698379
  0.9170  10.66263363
  0.9180  10.65550553
  0.9190  10.64559679
  0.9200  10.63290630
  0.9210  10.61743451
  0.9220  10.59918346
  0.9230  10.57815682
  0.9240  10.55435989
  0.9250  10.52779958
  0.9260  10.49848449
  0.9270  10.46642488
  0.9280  10.43163267
  0.9290  10.39412149
  0.9300  10.35390668
  0.9310  10.31100527
  0.9320  10.26543603
  0.9330  10.21721943
  0.9340  10.16637769
  0.9350  10.11293476
  0.9360  10.05691630
  0.9370  9.99834974
  0.9380  9.93726422
  0.9390  9.87369061
  0.9400  9.80766151
  0.9410  9.73921121
  0.9420  9.66837575
  0.9430  9.59519281
  0.9440  9.51970180
  0.9450  9.44194375
  0.9460  9.36196135
  0.9470  9.27979893
  0.9480  9.19550240
  0.9490  9.10911925
  0.9500  9.02069851
  0.9510  8.93029075
  0.9520  8.83794800
  0.9530  8.74372376
  0.9540  8.64767293
  0.9550  8.54985180
  0.9560  8.45031797
  0.9570  8.34913035
  0.9580  8.24634909
  0.9590  8.14203554
  0.9600  8.03625218
  0.9610  7.92906259
  0.9620  7.82053139
  0.9630  7.71072420
  0.9640  7.59970753
  0.9650  7.48754879
  0.9660  7.37431618
  0.9670  7.26007863
  0.9680  7.14490576
  0.9690  7.02886781
  0.9700  6.91203555
  0.9710  6.79448023
  0.9720  6.67627350
  0.9730  6.55748735
  0.9740  6.43819405
  0.9750  6.31846604
  0.9760  6.19837589
  0.9770  6.07799623
  0.9780  5.95739965
  0.9790  5.83665864
  0.9800  5.71584554
  0.9810  5.59503243
  0.9820  5.47429106
  0.9830  5.35369282
  0.9840  5.23330860
  0.9850  5.11320880
  0.9860  4.99346319
  0.9870  4.87414085
  0.9880  4.75531016
  0.9890  4.63703865
  0.9900  4.51939299
  0.9910  4.40243892
  0.9920  4.28624114
  0.9930  4.17086333
  0.9940  4.05636801
  0.9950  3.94281652
  0.9960  3.83026899
  0.9970  3.71878421
  0.9980  3.60841967
  0.9990  3.49923145
