  0.0000  52.20571222
  0.0010  52.18164493
  0.0020  52.10945299
  0.0030  51.98916611
  0.0040  51.82083384
  0.0050  51.60452549
  0.0060  51.34033012
  0.0070  51.02835652
  0.0080  50.66873312
  0.0090  50.26160798
  0.0100  49.80714867
  0.0110  49.30554225
  0.0120  48.75699513
  0.0130  48.16173305
  0.0140  47.52000090
  0.0150  46.83206266
  0.0160  46.09820126
  0.0170  45.31871849
  0.0180  44.49393479
  0.0190  43.62418920
  0.0200  42.70983914
  0.0210  41.75126026
  0.0220  40.74884632
  0.0230  39.70300895
  0.0240  38.61417750
  0.0250  37.48279884
  0.0260  36.30933719
  0.0270  35.09427385
  0.0280  33.83810704
  0.0290  32.54135166
  0.0300  31.20453907
  0.0310  29.82821682
  0.0320  28.41294846
  0.0330  26.95931323
  0.0340  25.46790586
  0.0350  23.93933626
  0.0360  22.37422927
  0.0370  20.77322439
  0.0380  19.13697548
  0.0390  17.46615049
  0.0400  15.76143113
  0.0410  14.02351263
  0.0420  12.25310336
  0.0430  10.45092461
  0.0440  8.61771025
  0.0450  6.75420646
  0.0460  4.86117168
  0.0470  2.93937746
  0.0480  0.98962346
  0.0490  0.98743288
  0.0500  2.99076557
  0.0510  5.01969713
  0.0520  7.07338624
  0.0530  9.15099930
  0.0540  11.25169520
  0.0550  13.37462445
  0.0560  15.51892936
  0.0570  17.68374429
  0.0580  19.86819604
  0.0590  22.07140420
  0.0600  24.29248155
  0.0610  26.53053441
  0.0620  28.78466305
  0.0630  31.05396209
  0.0640  33.33752086
  0.0650  35.63442381
  0.0660  37.94375092
  0.0670  40.26457806
  0.0680  42.59597744
  0.0690  44.93701796
  0.0700  47.28676564
  0.0710  49.64428400
  0.0720  52.00863450
  0.0730  54.37887688
  0.0740  56.75406962
  0.0750  59.13327032
  0.0760  61.51553609
  0.0770  63.89992396
  0.0780  66.28549129
  0.0790  68.67129615
  0.0800  71.05639775
  0.0810  73.43985679
  0.0820  75.82073590
  0.0830  78.19810001
  0.0840  80.57101674
  0.0850  82.93855682
  0.0860  85.29979443
  0.0870  87.65380765
  0.0880  89.99967876
  0.0890  92.33649471
  0.0900  94.66334744
  0.0910  96.97933425
  0.0920  99.28355823
  0.0930  101.57512856
  0.0940  103.85316092
  0.0950  106.11677783
  0.0960  108.36510903
  0.0970  110.59729180
  0.0980  112.81247132
  0.0990  115.00980105
  0.1000  117.18844301
  0.1010  119.34756818
  0.1020  121.48635677
  0.1030  123.60399860
  0.1040  125.69969336
  0.1050  127.77265101
  0.1060  129.82209201
  0.1070  131.84724767
  0.1080  133.84736042
  0.1090  135.82168414
  0.1100  137.76948442
  0.1110  139.69003886
  0.1120  141.58263733
  0.1130  143.44658224
  0.1140  145.28118883
  0.1150  147.08578538
  0.1160  148.85971350
  0.1170  150.60232838
  0.1180  152.31299897
  0.1190  153.99110829
  0.1200  155.63605358
  0.1210  157.24724657
  0.1220  158.82411366
  0.1230  160.36609612
  0.1240  161.87265031
  0.1250  163.34324786
  0.1260  164.77737583
  0.1270  166.17453690
  0.1280  167.53424954
  0.1290  168.85604814
  0.1300  170.13948321
  0.1310  171.38412148
  0.1320  172.58954605
  0.1330  173.75535650
  0.1340  174.88116906
  0.1350  175.96661667
  0.1360  177.01134909
  0.1370  178.01503304
  0.1380  178.97735222
  0.1390  179.89800745
  0.1400  180.77671672
  0.1410  181.61321525
  0.1420  182.40725556
  0.1430  183.15860749
  0.1440  183.86705828
  0.1450  184.53241258
  0.1460  185.15449248
  0.1470  185.73313754
  0.1480  186.26820475
  0.1490  186.75956862
  0.1500  187.20712108
  0.1510  187.61077153
  0.1520  187.97044680
  0.1530  188.28609112
  0.1540  188.55766606
  0.1550  188.78515052
  0.1560  188.96854069
  0.1570  189.10784992
  0.1580  189.20310874
  0.1590  189.25436471
  0.1600  189.26168240
  0.1610  189.22514326
  0.1620  189.14484554
  0.1630  189.02090419
  0.1640  188.85345073
  0.1650  188.64263317
  0.1660  188.38861583
  0.1670  188.09157927
  0.1680  187.75172011
  0.1690  187.36925091
  0.1700  186.94439999
  0.1710  186.47741132
  0.1720  185.96854429
  0.1730  185.41807361
  0.1740  184.82628909
  0.1750  184.19349548
  0.1760  183.52001224
  0.1770  182.80617342
  0.1780  182.05232739
  0.1790  181.25883667
  0.1800  180.42607773
  0.1810  179.55444074
  0.1820  178.64432936
  0.1830  177.69616056
  0.1840  176.71036430
  0.1850  175.68738337
  0.1860  174.62767313
  0.1870  173.53170125
  0.1880  172.39994746
  0.1890  171.23290333
  0.1900  170.03107196
  0.1910  168.79496778
  0.1920  167.52511621
  0.1930  166.22205346
  0.1940  164.88632622
  0.1950  163.51849140
  0.1960  162.11911583
  0.1970  160.68877599
  0.1980  159.22805773
  0.1990  157.73755598
  0.2000  156.21787444
  0.2010  154.66962531
  0.2020  153.09342898
  0.2030  151.48991374
  0.2040  149.85971546
  0.2050  148.20347732
  0.2060  146.52184948
  0.2070  144.81548878
  0.2080  143.08505844
  0.2090  141.33122774
  0.2100  139.55467171
  0.2110  137.75607085
  0.2120  135.93611077
  0.2130  134.09548189
  0.2140  132.23487918
  0.2150  130.35500176
  0.2160  128.45655266
  0.2170  126.54023845
  0.2180  124.60676898
  0.2190  122.65685701
  0.2200  120.69121796
  0.2210  118.71056953
  0.2220  116.71563144
  0.2230  114.70712508
  0.2240  112.68577325
  0.2250  110.65229978
  0.2260  108.60742928
  0.2270  106.55188682
  0.2280  104.48639760
  0.2290  102.41168668
  0.2300  100.32847865
  0.2310  98.23749735
  0.2320  96.13946556
  0.2330  94.03510469
  0.2340  91.92513454
  0.2350  89.81027294
  0.2360  87.69123551
  0.2370  85.56873534
  0.2380  83.44348275
  0.2390  81.31618495
  0.2400  79.18754583
  0.2410  77.05826563
  0.2420  74.92904069
  0.2430  72.80056321
  0.2440  70.67352092
  0.2450  68.54859691
  0.2460  66.42646928
  0.2470  64.30781096
  0.2480  62.19328943
  0.2490  60.08356649
  0.2500  57.97929798
  0.2510  55.88113364
  0.2520  53.78971676
  0.2530  51.70568407
  0.2540  49.62966545
  0.2550  47.56228375
  0.2560  45.50415456
  0.2570  43.45588606
  0.2580  41.41807881
  0.2590  39.39132553
  0.2600  37.37621103
  0.2610  35.37331199
  0.2620  33.38319683
  0.2630  31.40642568
  0.2640  29.44355021
  0.2650  27.49511371
  0.2660  25.56165107
  0.2670  23.64368895
  0.2680  21.74174613
  0.2690  19.85633405
  0.2700  17.98795782
  0.2710  16.13711799
  0.2720  14.30431371
  0.2730  12.49004860
  0.2740  10.69484255
  0.2750  8.91925707
  0.2760  7.16395705
  0.2770  5.42988807
  0.2780  3.71893329
  0.2790  2.03778403
  0.2800  0.48694014
  0.2810  1.36703076
  0.2820  2.97154911
  0.2830  4.57185821
  0.2840  6.15333074
  0.2850  7.71317993
  0.2860  9.25031848
  0.2870  10.76412099
  0.2880  12.25413578
  0.2890  13.71999294
  0.2900  15.16136853
  0.2910  16.57796873
  0.2920  17.96952204
  0.2930  19.33577510
  0.2940  20.67649037
  0.2950  21.99144475
  0.2960  23.28042870
  0.2970  24.54324568
  0.2980  25.77971175
  0.2990  26.98965536
  0.3000  28.17291710
  0.3010  29.32934959
  0.3020  30.45881734
  0.3030  31.56119665
  0.3040  32.63637552
  0.3050  33.68425360
  0.3060  34.70474205
  0.3070  35.69776354
  0.3080  36.66325210
  0.3090  37.60115311
  0.3100  38.51142316
  0.3110  39.39403003
  0.3120  40.24895254
  0.3130  41.07618053
  0.3140  41.87571471
  0.3150  42.64756662
  0.3160  43.39175849
  0.3170  44.10832316
  0.3180  44.79730398
  0.3190  45.45875466
  0.3200  46.09273924
  0.3210  46.69933190
  0.3220  47.27861686
  0.3230  47.83068828
  0.3240  48.35565011
  0.3250  48.85361599
  0.3260  49.32470906
  0.3270  49.76906191
  0.3280  50.18681636
  0.3290  50.57812336
  0.3300  50.94314285
  0.3310  51.28204358
  0.3320  51.59500299
  0.3330  51.88220706
  0.3340  52.14385013
  0.3350  52.38013473
  0.3360  52.59127148
  0.3370  52.77747887
  0.3380  52.93898312
  0.3390  53.07601800
  0.3400  53.18882468
  0.3410  53.27765152
  0.3420  53.34275397
  0.3430  53.38439429
  0.3440  53.40284149
  0.3450  53.39837105
  0.3460  53.37126480
  0.3470  53.32181072
  0.3480  53.25030278
  0.3490  53.15704071
  0.3500  53.04232986
  0.3510  52.90648100
  0.3520  52.74981013
  0.3530  52.57263828
  0.3540  52.37529136
  0.3550  52.15809994
  0.3560  51.92139907
  0.3570  51.66552810
  0.3580  51.39083048
  0.3590  51.09765356
  0.3600  50.78634845
  0.3610  50.45726976
  0.3620  50.11077546
  0.3630  49.74722668
  0.3640  49.36698751
  0.3650  48.97042483
  0.3660  48.55790811
  0.3670  48.12980923
  0.3680  47.68650226
  0.3690  47.22836335
  0.3700  46.75577046
  0.3710  46.26910323
  0.3720  45.76874278
  0.3730  45.25507152
  0.3740  44.72847300
  0.3750  44.18933170
  0.3760  43.63803284
  0.3770  43.07496226
  0.3780  42.50050619
  0.3790  41.91505110
  0.3800  41.31898352
  0.3810  40.71268990
  0.3820  40.09655640
  0.3830  39.47096874
  0.3840  38.83631203
  0.3850  38.19297066
  0.3860  37.54132805
  0.3870  36.88176657
  0.3880  36.21466734
  0.3890  35.54041011
  0.3900  34.85937309
  0.3910  34.17193281
  0.3920  33.47846397
  0.3930  32.77933931
  0.3940  32.07492948
  0.3950  31.36560289
  0.3960  30.65172556
  0.3970  29.93366106
  0.3980  29.21177031
  0.3990  28.48641153
  0.4000  27.75794007
  0.4010  27.02670833
  0.4020  26.29306568
  0.4030  25.55735830
  0.4040  24.81992914
  0.4050  24.08111785
  0.4060  23.34126064
  0.4070  22.60069029
  0.4080  21.85973605
  0.4090  21.11872360
  0.4100  20.37797507
  0.4110  19.63780898
  0.4120  18.89854030
  0.4130  18.16048047
  0.4140  17.42393750
  0.4150  16.68921607
  0.4160  15.95661775
  0.4170  15.22644121
  0.4180  14.49898263
  0.4190  13.77453610
  0.4200  13.05339435
  0.4210  12.33584960
  0.4220  11.62219475
  0.4230  10.91272513
  0.4240  10.20774080
  0.4250  9.50754995
  0.4260  8.81247373
  0.4270  8.12285351
  0.4280  7.43906180
  0.4290  6.76151950
  0.4300  6.09072376
  0.4310  5.42729526
  0.4320  4.77206207
  0.4330  4.12621811
  0.4340  3.49164442
  0.4350  2.87162280
  0.4360  2.27260902
  0.4370  1.70928327
  0.4380  1.22095732
  0.4390  0.91938133
  0.4400  0.97875111
  0.4410  1.34204340
  0.4420  1.82934667
  0.4430  2.35918688
  0.4440  2.90345938
  0.4450  3.45115252
  0.4460  3.99721418
  0.4470  4.53900670
  0.4480  5.07500417
  0.4490  5.60424743
  0.4500  6.12609083
  0.4510  6.64007422
  0.4520  7.14585364
  0.4530  7.64316163
  0.4540  8.13178346
  0.4550  8.61154219
  0.4560  9.08228908
  0.4570  9.54389718
  0.4580  9.99625690
  0.4590  10.43927294
  0.4600  10.87286212
  0.4610  11.29695168
  0.4620  11.71147815
  0.4630  12.11638640
  0.4640  12.51162892
  0.4650  12.89716528
  0.4660  13.27296169
  0.4670  13.63899061
  0.4680  13.99523047
  0.4690  14.34166539
  0.4700  14.67828500
  0.4710  15.00508423
  0.4720  15.32206311
  0.4730  15.62922670
  0.4740  15.92658486
  0.4750  16.21415218
  0.4760  16.49194785
  0.4770  16.75999553
  0.4780  17.01832328
  0.4790  17.26696341
  0.4800  17.50595240
  0.4810  17.73533083
  0.4820  17.95514324
  0.4830  18.16543806
  0.4840  18.36626753
  0.4850  18.55768757
  0.4860  18.73975773
  0.4870  18.91254108
  0.4880  19.07610413
  0.4890  19.23051671
  0.4900  19.37585195
  0.4910  19.51218610
  0.4920  19.63959853
  0.4930  19.75817158
  0.4940  19.86799051
  0.4950  19.96914337
  0.4960  20.06172097
  0.4970  20.14581674
  0.4980  20.22152668
  0.4990  20.28894923
  0.5000  20.34818525
  0.5010  20.39933785
  0.5020  20.44251237
  0.5030  20.47781627
  0.5040  20.50535903
  0.5050  20.52525210
  0.5060  20.53760875
  0.5070  20.54254407
  0.5080  20.54017482
  0.5090  20.53061938
  0.5100  20.51399763
  0.5110  20.49043091
  0.5120  20.46004191
  0.5130  20.42295460
  0.5140  20.37929413
  0.5150  20.32918677
  0.5160  20.27275982
  0.5170  20.21014153
  0.5180  20.14146103
  0.5190  20.06684822
  0.5200  19.98643375
  0.5210  19.90034887
  0.5220  19.80872543
  0.5230  19.71169574
  0.5240  19.60939254
  0.5250  19.50194890
  0.5260  19.38949816
  0.5270  19.27217387
  0.5280  19.15010969
  0.5290  19.02343933
  0.5300  18.89229651
  0.5310  18.75681486
  0.5320  18.61712786
  0.5330  18.47336878
  0.5340  18.32567063
  0.5350  18.17416607
  0.5360  18.01898736
  0.5370  17.86026630
  0.5380  17.69813418
  0.5390  17.53272170
  0.5400  17.36415893
  0.5410  17.19257527
  0.5420  17.01809933
  0.5430  16.84085898
  0.5440  16.66098118
  0.5450  16.47859205
  0.5460  16.29381670
  0.5470  16.10677929
  0.5480  15.91760292
  0.5490  15.72640958
  0.5500  15.53332015
  0.5510  15.33845434
  0.5520  15.14193060
  0.5530  14.94386616
  0.5540  14.74437693
  0.5550  14.54357750
  0.5560  14.34158107
  0.5570  14.13849946
  0.5580  13.93444301
  0.5590  13.72952062
  0.5600  13.52383967
  0.5610  13.31750601
  0.5620  13.11062393
  0.5630  12.90329612
  0.5640  12.69562366
  0.5650  12.48770601
  0.5660  12.27964093
  0.5670  12.07152452
  0.5680  11.86345117
  0.5690  11.65551354
  0.5700  11.44780255
  0.5710  11.24040736
  0.5720  11.03341535
  0.5730  10.82691212
  0.5740  10.62098144
  0.5750  10.41570530
  0.5760  10.21116385
  0.5770  10.00743538
  0.5780  9.80459637
  0.5790  9.60272142
  0.5800  9.40188329
  0.5810  9.20215287
  0.5820  9.00359919
  0.5830  8.80628938
  0.5840  8.61028873
  0.5850  8.41566064
  0.5860  8.22246665
  0.5870  8.03076640
  0.5880  7.84061769
  0.5890  7.65207643
  0.5900  7.46519669
  0.5910  7.28003067
  0.5920  7.09662870
  0.5930  6.91503930
  0.5940  6.73530913
  0.5950  6.55748303
  0.5960  6.38160401
  0.5970  6.20771329
  0.5980  6.03585028
  0.5990  5.86605260
  0.6000  5.69835611
  0.6010  5.53279491
  0.6020  5.36940134
  0.6030  5.20820603
  0.6040  5.04923789
  0.6050  4.89252412
  0.6060  4.73809026
  0.6070  4.58596017
  0.6080  4.43615609
  0.6090  4.28869859
  0.6100  4.14360669
  0.6110  4.00089778
  0.6120  3.86058772
  0.6130  3.72269080
  0.6140  3.58721981
  0.6150  3.45418603
  0.6160  3.32359927
  0.6170  3.19546789
  0.6180  3.06979882
  0.6190  2.94659761
  0.6200  2.82586841
  0.6210  2.70761404
  0.6220  2.59183598
  0.6230  2.47853445
  0.6240  2.36770837
  0.6250  2.25935545
  0.6260  2.15347222
  0.6270  2.05005399
  0.6280  1.94909499
  0.6290  1.85058833
  0.6300  1.75452607
  0.6310  1.66089926
  0.6320  1.56969797
  0.6330  1.48091140
  0.6340  1.39452784
  0.6350  1.31053485
  0.6360  1.22891924
  0.6370  1.14966723
  0.6380  1.07276454
  0.6390  0.99819654
  0.6400  0.92594843
  0.6410  0.85600545
  0.6420  0.78835326
  0.6430  0.72297830
  0.6440  0.65986847
  0.6450  0.59901393
  0.6460  0.54040846
  0.6470  0.48405141
  0.6480  0.42995083
  0.6490  0.37812865
  0.6500  0.32862947
  0.6510  0.28153649
  0.6520  0.23700181
  0.6530  0.19530782
  0.6540  0.15699960
  0.6550  0.12318271
  0.6560  0.09615214
  0.6570  0.08011427
  0.6580  0.07923882
  0.6590  0.09187674
  0.6600  0.11202043
  0.6610  0.13516733
  0.6620  0.15906592
  0.6630  0.18265993
  0.6640  0.20543395
  0.6650  0.22712384
  0.6660  0.24759039
  0.6670  0.26676094
  0.6680  0.28460060
  0.6690  0.30109710
  0.6700  0.31625234
  0.6710  0.33007749
  0.6720  0.34258995
  0.6730  0.35381150
  0.6740  0.36376704
  0.6750  0.37248376
  0.6760  0.37999058
  0.6770  0.38631776
  0.6780  0.39149660
  0.6790  0.39555926
  0.6800  0.39853859
  0.6810  0.40046806
  0.6820  0.40138165
  0.6830  0.40131386
  0.6840  0.40029963
  0.6850  0.39837440
  0.6860  0.39557408
  0.6870  0.39193509
  0.6880  0.38749445
  0.6890  0.38228981
  0.6900  0.37635959
  0.6910  0.36974308
  0.6920  0.36248063
  0.6930  0.35461383
  0.6940  0.34618576
  0.6950  0.33724134
  0.6960  0.32782764
  0.6970  0.31799445
  0.6980  0.30779479
  0.6990  0.29728566
  0.7000  0.28652891
  0.7010  0.27559232
  0.7020  0.26455091
  0.7030  0.25348847
  0.7040  0.24249937
  0.7050  0.23169060
  0.7060  0.22118391
  0.7070  0.21111788
  0.7080  0.20164937
  0.7090  0.19295381
  0.7100  0.18522315
  0.7110  0.17866029
  0.7120  0.17346890
  0.7130  0.16983823
  0.7140  0.16792447
  0.7150  0.16783203
  0.7160  0.16959999
  0.7170  0.17319795
  0.7180  0.17853261
  0.7190  0.18546290
  0.7200  0.19381865
  0.7210  0.20341822
  0.7220  0.21408226
  0.7230  0.22564257
  0.7240  0.23794680
  0.7250  0.25086001
  0.7260  0.26426437
  0.7270  0.27805772
  0.7280  0.29215177
  0.7290  0.30647020
  0.7300  0.32094686
  0.7310  0.33552418
  0.7320  0.35015182
  0.7330  0.36478552
  0.7340  0.37938612
  0.7350  0.39391880
  0.7360  0.40835241
  0.7370  0.42265897
  0.7380  0.43681319
  0.7390  0.45079214
  0.7400  0.46457494
  0.7410  0.47814251
  0.7420  0.49147739
  0.7430  0.50456354
  0.7440  0.51738622
  0.7450  0.52993186
  0.7460  0.54218794
  0.7470  0.55414295
  0.7480  0.56578626
  0.7490  0.57710811
  0.7500  0.58809951
  0.7510  0.59875222
  0.7520  0.60905869
  0.7530  0.61901205
  0.7540  0.62860604
  0.7550  0.63783502
  0.7560  0.64669391
  0.7570  0.65517818
  0.7580  0.66328384
  0.7590  0.67100741
  0.7600  0.67834589
  0.7610  0.68529675
  0.7620  0.69185794
  0.7630  0.69802784
  0.7640  0.70380527
  0.7650  0.70918945
  0.7660  0.71418002
  0.7670  0.71877700
  0.7680  0.72298081
  0.7690  0.72679221
  0.7700  0.73021235
  0.7710  0.73324272
  0.7720  0.73588512
  0.7730  0.73814172
  0.7740  0.74001497
  0.7750  0.74150766
  0.7760  0.74262286
  0.7770  0.74336393
  0.7780  0.74373452
  0.7790  0.74373854
  0.7800  0.74338016
  0.7810  0.74266383
  0.7820  0.74159420
  0.7830  0.74017620
  0.7840  0.73841495
  0.7850  0.73631581
  0.7860  0.73388434
  0.7870  0.73112630
  0.7880  0.72804766
  0.7890  0.72465455
  0.7900  0.72095329
  0.7910  0.71695036
  0.7920  0.71265241
  0.7930  0.70806624
  0.7940  0.70319878
  0.7950  0.69805712
  0.7960  0.69264845
  0.7970  0.68698011
  0.7980  0.68105953
  0.7990  0.67489426
  0.8000  0.66849194
  0.8010  0.66186030
  0.8020  0.65500717
  0.8030  0.64794045
  0.8040  0.64066809
  0.8050  0.63319812
  0.8060  0.62553865
  0.8070  0.61769779
  0.8080  0.60968374
  0.8090  0.60150472
  0.8100  0.59316898
  0.8110  0.58468480
  0.8120  0.57606048
  0.8130  0.56730433
  0.8140  0.55842470
  0.8150  0.54942990
  0.8160  0.54032829
  0.8170  0.53112818
  0.8180  0.52183790
  0.8190  0.51246578
  0.8200  0.50302010
  0.8210  0.49350915
  0.8220  0.48394120
  0.8230  0.47432447
  0.8240  0.46466720
  0.8250  0.45497756
  0.8260  0.44526372
  0.8270  0.43553380
  0.8280  0.42579592
  0.8290  0.41605815
  0.8300  0.40632854
  0.8310  0.39661511
  0.8320  0.38692587
  0.8330  0.37726880
  0.8340  0.36765187
  0.8350  0.35808304
  0.8360  0.34857026
  0.8370  0.33912149
  0.8380  0.32974469
  0.8390  0.32044785
  0.8400  0.31123899
  0.8410  0.30212617
  0.8420  0.29311749
  0.8430  0.28422115
  0.8440  0.27544540
  0.8450  0.26679860
  0.8460  0.25828925
  0.8470  0.24992596
  0.8480  0.24171750
  0.8490  0.23367282
  0.8500  0.22580106
  0.8510  0.21811157
  0.8520  0.21061392
  0.8530  0.20331793
  0.8540  0.19623362
  0.8550  0.18937129
  0.8560  0.18274142
  0.8570  0.17635471
  0.8580  0.17022196
  0.8590  0.16435409
  0.8600  0.15876193
  0.8610  0.15345621
  0.8620  0.14844729
  0.8630  0.14374502
  0.8640  0.13935849
  0.8650  0.13529573
  0.8660  0.13156345
  0.8670  0.12816667
  0.8680  0.12510846
  0.8690  0.12238960
  0.8700  0.12000837
  0.8710  0.11796031
  0.8720  0.11623821
  0.8730  0.11483203
  0.8740  0.11372908
  0.8750  0.11291425
  0.8760  0.11237028
  0.8770  0.11207822
  0.8780  0.11201780
  0.8790  0.11216794
  0.8800  0.11250713
  0.8810  0.11301389
  0.8820  0.11366711
  0.8830  0.11444634
  0.8840  0.11533203
  0.8850  0.11630573
  0.8860  0.11735018
  0.8870  0.11844940
  0.8880  0.11958872
  0.8890  0.12075476
  0.8900  0.12193542
  0.8910  0.12311987
  0.8920  0.12429839
  0.8930  0.12546242
  0.8940  0.12660442
  0.8950  0.12771781
  0.8960  0.12879690
  0.8970  0.12983686
  0.8980  0.13083357
  0.8990  0.13178364
  0.9000  0.13268431
  0.9010  0.13353341
  0.9020  0.13432928
  0.9030  0.13507077
  0.9040  0.13575716
  0.9050  0.13638815
  0.9060  0.13696378
  0.9070  0.13748445
  0.9080  0.13795084
  0.9090  0.13836392
  0.9100  0.13872489
  0.9110  0.13903519
  0.9120  0.13929644
  0.9130  0.13951045
  0.9140  0.13967917
  0.9150  0.13980471
  0.9160  0.13988927
  0.9170  0.13993518
  0.9180  0.13994481
  0.9190  0.13992065
  0.9200  0.13986519
  0.9210  0.13978099
  0.9220  0.13967062
  0.9230  0.13953665
  0.9240  0.13938164
  0.9250  0.13920816
  0.9260  0.13901869
  0.9270  0.13881572
  0.9280  0.13860164
  0.9290  0.13837879
  0.9300  0.13814941
  0.9310  0.13791567
  0.9320  0.13767960
  0.9330  0.13744316
  0.9340  0.13720815
  0.9350  0.13697625
  0.9360  0.13674901
  0.9370  0.13652783
  0.9380  0.13631395
  0.9390  0.13610847
  0.9400  0.13591231
  0.9410  0.13572626
  0.9420  0.13555091
  0.9430  0.13538671
  0.9440  0.13523394
  0.9450  0.13509273
  0.9460  0.13496303
  0.9470  0.13484465
  0.9480  0.13473725
  0.9490  0.13464035
  0.9500  0.13455331
  0.9510  0.13447540
  0.9520  0.13440574
  0.9530  0.13434333
  0.9540  0.13428710
  0.9550  0.13423585
  0.9560  0.13418832
  0.9570  0.13414318
  0.9580  0.13409901
  0.9590  0.13405436
  0.9600  0.13400774
  0.9610  0.13395762
  0.9620  0.13390245
  0.9630  0.13384068
  0.9640  0.13377076
  0.9650  0.13369112
  0.9660  0.13360025
  0.9670  0.13349665
  0.9680  0.13337886
  0.9690  0.13324546
  0.9700  0.13309509
  0.9710  0.13292645
  0.9720  0.13273832
  0.9730  0.13252954
  0.9740  0.13229904
  0.9750  0.13204583
  0.9760  0.13176903
  0.9770  0.13146785
  0.9780  0.13114160
  0.9790  0.13078971
  0.9800  0.13041172
  0.9810  0.13000729
  0.9820  0.12957618
  0.9830  0.12911832
  0.9840  0.12863373
  0.9850  0.12812257
  0.9860  0.12758514
  0.9870  0.12702188
  0.9880  0.12643337
  0.9890  0.12582031
  0.9900  0.12518356
  0.9910  0.12452412
  0.9920  0.12384314
  0.9930  0.12314191
  0.9940  0.12242186
  0.9950  0.12168457
  0.9960  0.12093176
  0.9970  0.12016530
  0.9980  0.11938719
  0.9990  0.11859958
