  0.0000  64.86187471
  0.0010  64.82835785
  0.0020  64.72782250
  0.0030  64.56031424
  0.0040  64.32590908
  0.0050  64.02471335
  0.0060  63.65686368
  0.0070  63.22252696
  0.0080  62.72190023
  0.0090  62.15521061
  0.0100  61.52271520
  0.0110  60.82470098
  0.0120  60.06148463
  0.0130  59.23341246
  0.0140  58.34086019
  0.0150  57.38423286
  0.0160  56.36396455
  0.0170  55.28051829
  0.0180  54.13438577
  0.0190  52.92608717
  0.0200  51.65617092
  0.0210  50.32521345
  0.0220  48.93381893
  0.0230  47.48261901
  0.0240  45.97227253
  0.0250  44.40346525
  0.0260  42.77690950
  0.0270  41.09334392
  0.0280  39.35353309
  0.0290  37.55826721
  0.0300  35.70836175
  0.0310  33.80465710
  0.0320  31.84801818
  0.0330  29.83933410
  0.0340  27.77951777
  0.0350  25.66950554
  0.0360  23.51025683
  0.0370  21.30275383
  0.0380  19.04800121
  0.0390  16.74702608
  0.0400  14.40087826
  0.0410  12.01063145
  0.0420  9.57738705
  0.0430  7.10228732
  0.0440  4.58657415
  0.0450  2.03210151
  0.0460  0.57234142
  0.0470  3.19729285
  0.0480  5.86428635
  0.0490  8.56658416
  0.0500  11.30267073
  0.0510  14.07123442
  0.0520  16.87099165
  0.0530  19.70065777
  0.0540  22.55893957
  0.0550  25.44453309
  0.0560  28.35612305
  0.0570  31.29238289
  0.0580  34.25197516
  0.0590  37.23355191
  0.0600  40.23575527
  0.0610  43.25721798
  0.0620  46.29656404
  0.0630  49.35240924
  0.0640  52.42336186
  0.0650  55.50802324
  0.0660  58.60498843
  0.0670  61.71284686
  0.0680  64.83018294
  0.0690  67.95557675
  0.0700  71.08760466
  0.0710  74.22484000
  0.0720  77.36585371
  0.0730  80.50921501
  0.0740  83.65349205
  0.0750  86.79725258
  0.0760  89.93906459
  0.0770  93.07749701
  0.0780  96.21112033
  0.0790  99.33850730
  0.0800  102.45823356
  0.0810  105.56887832
  0.0820  108.66902503
  0.0830  111.75726201
  0.0840  114.83218311
  0.0850  117.89238838
  0.0860  120.93648473
  0.0870  123.96308653
  0.0880  126.97081632
  0.0890  129.95830540
  0.0900  132.92419448
  0.0910  135.86713434
  0.0920  138.78578643
  0.0930  141.67882350
  0.0940  144.54493022
  0.0950  147.38280381
  0.0960  150.19115462
  0.0970  152.96870676
  0.0980  155.71419866
  0.0990  158.42638372
  0.1000  161.10403080
  0.1010  163.74592489
  0.1020  166.35086761
  0.1030  168.91767781
  0.1040  171.44519209
  0.1050  173.93226535
  0.1060  176.37777135
  0.1070  178.78060321
  0.1080  181.13967391
  0.1090  183.45391684
  0.1100  185.72228626
  0.1110  187.94375778
  0.1120  190.11732888
  0.1130  192.24201933
  0.1140  194.31687167
  0.1150  196.34095162
  0.1160  198.31334855
  0.1170  200.23317589
  0.1180  202.09957151
  0.1190  203.91169816
  0.1200  205.66874380
  0.1210  207.36992202
  0.1220  209.01447238
  0.1230  210.60166073
  0.1240  212.13077958
  0.1250  213.60114841
  0.1260  215.01211396
  0.1270  216.36305053
  0.1280  217.65336025
  0.1290  218.88247338
  0.1300  220.04984849
  0.1310  221.15497277
  0.1320  222.19736221
  0.1330  223.17656180
  0.1340  224.09214577
  0.1350  224.94371769
  0.1360  225.73091073
  0.1370  226.45338771
  0.1380  227.11084130
  0.1390  227.70299410
  0.1400  228.22959879
  0.1410  228.69043816
  0.1420  229.08532520
  0.1430  229.41410319
  0.1440  229.67664571
  0.1450  229.87285666
  0.1460  230.00267030
  0.1470  230.06605123
  0.1480  230.06299435
  0.1490  229.99352489
  0.1500  229.85769826
  0.1510  229.65560010
  0.1520  229.38734609
  0.1530  229.05308194
  0.1540  228.65298322
  0.1550  228.18725529
  0.1560  227.65613311
  0.1570  227.05988109
  0.1580  226.39879297
  0.1590  225.67319156
  0.1600  224.88342861
  0.1610  224.02988455
  0.1620  223.11296829
  0.1630  222.13311695
  0.1640  221.09079563
  0.1650  219.98649714
  0.1660  218.82074168
  0.1670  217.59407661
  0.1680  216.30707607
  0.1690  214.96034068
  0.1700  213.55449724
  0.1710  212.09019834
  0.1720  210.56812198
  0.1730  208.98897128
  0.1740  207.35347398
  0.1750  205.66238216
  0.1760  203.91647172
  0.1770  202.11654205
  0.1780  200.26341553
  0.1790  198.35793714
  0.1800  196.40097397
  0.1810  194.39341477
  0.1820  192.33616949
  0.1830  190.23016875
  0.1840  188.07636342
  0.1850  185.87572403
  0.1860  183.62924035
  0.1870  181.33792080
  0.1880  179.00279195
  0.1890  176.62489798
  0.1900  174.20530015
  0.1910  171.74507622
  0.1920  169.24531991
  0.1930  166.70714034
  0.1940  164.13166146
  0.1950  161.52002143
  0.1960  158.87337212
  0.1970  156.19287842
  0.1980  153.47971775
  0.1990  150.73507936
  0.2000  147.96016383
  0.2010  145.15618237
  0.2020  142.32435626
  0.2030  139.46591625
  0.2040  136.58210190
  0.2050  133.67416098
  0.2060  130.74334887
  0.2070  127.79092790
  0.2080  124.81816675
  0.2090  121.82633981
  0.2100  118.81672657
  0.2110  115.79061099
  0.2120  112.74928085
  0.2130  109.69402714
  0.2140  106.62614346
  0.2150  103.54692535
  0.2160  100.45766970
  0.2170  97.35967411
  0.2180  94.25423628
  0.2190  91.14265342
  0.2200  88.02622160
  0.2210  84.90623515
  0.2220  81.78398612
  0.2230  78.66076360
  0.2240  75.53785318
  0.2250  72.41653639
  0.2260  69.29809011
  0.2270  66.18378600
  0.2280  63.07489004
  0.2290  59.97266191
  0.2300  56.87835460
  0.2310  53.79321390
  0.2320  50.71847804
  0.2330  47.65537733
  0.2340  44.60513389
  0.2350  41.56896162
  0.2360  38.54806623
  0.2370  35.54364568
  0.2380  32.55689111
  0.2390  29.58898857
  0.2400  26.64112224
  0.2410  23.71448027
  0.2420  20.81026578
  0.2430  17.92971851
  0.2440  15.07416090
  0.2450  12.24510693
  0.2460  9.44456091
  0.2470  6.67604681
  0.2480  3.94984999
  0.2490  1.35129972
  0.2500  1.66070977
  0.2510  4.23032158
  0.2520  6.83540458
  0.2530  9.41857224
  0.2540  11.97136175
  0.2550  14.49072171
  0.2560  16.97492442
  0.2570  19.42270673
  0.2580  21.83301129
  0.2590  24.20488998
  0.2600  26.53746225
  0.2610  28.82989520
  0.2620  31.08139329
  0.2630  33.29119272
  0.2640  35.45855821
  0.2650  37.58278111
  0.2660  39.66317828
  0.2670  41.69909144
  0.2680  43.68988672
  0.2690  45.63495450
  0.2700  47.53370925
  0.2710  49.38558953
  0.2720  51.19005795
  0.2730  52.94660126
  0.2740  54.65473036
  0.2750  56.31398035
  0.2760  57.92391063
  0.2770  59.48410493
  0.2780  60.99417139
  0.2790  62.45374258
  0.2800  63.86247558
  0.2810  65.22005200
  0.2820  66.52617799
  0.2830  67.78058429
  0.2840  68.98302623
  0.2850  70.13328371
  0.2860  71.23116118
  0.2870  72.27648768
  0.2880  73.26911672
  0.2890  74.20892627
  0.2900  75.09581875
  0.2910  75.92972086
  0.2920  76.71058361
  0.2930  77.43838216
  0.2940  78.11311572
  0.2950  78.73480749
  0.2960  79.30350450
  0.2970  79.81927746
  0.2980  80.28222065
  0.2990  80.69245178
  0.3000  81.05011177
  0.3010  81.35536461
  0.3020  81.60839719
  0.3030  81.80941907
  0.3040  81.95866230
  0.3050  82.05638119
  0.3060  82.10285212
  0.3070  82.09837324
  0.3080  82.04326431
  0.3090  81.93786638
  0.3100  81.78254158
  0.3110  81.57767280
  0.3120  81.32366347
  0.3130  81.02093722
  0.3140  80.66993762
  0.3150  80.27112789
  0.3160  79.82499053
  0.3170  79.33202705
  0.3180  78.79275766
  0.3190  78.20772089
  0.3200  77.57747326
  0.3210  76.90258898
  0.3220  76.18365953
  0.3230  75.42129336
  0.3240  74.61611547
  0.3250  73.76876707
  0.3260  72.87990523
  0.3270  71.95020240
  0.3280  70.98034615
  0.3290  69.97103865
  0.3300  68.92299637
  0.3310  67.83694962
  0.3320  66.71364215
  0.3330  65.55383074
  0.3340  64.35828482
  0.3350  63.12778596
  0.3360  61.86312754
  0.3370  60.56511426
  0.3380  59.23456173
  0.3390  57.87229606
  0.3400  56.47915335
  0.3410  55.05597933
  0.3420  53.60362888
  0.3430  52.12296559
  0.3440  50.61486131
  0.3450  49.08019571
  0.3460  47.51985583
  0.3470  45.93473565
  0.3480  44.32573561
  0.3490  42.69376220
  0.3500  41.03972746
  0.3510  39.36454862
  0.3520  37.66914758
  0.3530  35.95445052
  0.3540  34.22138749
  0.3550  32.47089195
  0.3560  30.70390040
  0.3570  28.92135202
  0.3580  27.12418831
  0.3590  25.31335281
  0.3600  23.48979090
  0.3610  21.65444972
  0.3620  19.80827835
  0.3630  17.95222830
  0.3640  16.08725473
  0.3650  14.21431901
  0.3660  12.33439402
  0.3670  10.44847570
  0.3680  8.55761060
  0.3690  6.66297130
  0.3700  4.76611324
  0.3710  2.87025233
  0.3720  0.99620301
  0.3730  0.99688751
  0.3740  2.87128622
  0.3750  4.76780577
  0.3760  6.66567554
  0.3770  8.56171277
  0.3780  10.45440468
  0.3790  12.34263170
  0.3800  14.22541078
  0.3810  16.10181987
  0.3820  17.97097039
  0.3830  19.83199557
  0.3840  21.68404508
  0.3850  23.52628238
  0.3860  25.35788345
  0.3870  27.17803613
  0.3880  28.98593986
  0.3890  30.78080566
  0.3900  32.56185616
  0.3910  34.32832580
  0.3920  36.07946099
  0.3930  37.81452032
  0.3940  39.53277484
  0.3950  41.23350827
  0.3960  42.91601726
  0.3970  44.57961165
  0.3980  46.22361469
  0.3990  47.84736330
  0.4000  49.45020833
  0.4010  51.03151476
  0.4020  52.59066194
  0.4030  54.12704382
  0.4040  55.64006915
  0.4050  57.12916169
  0.4060  58.59376041
  0.4070  60.03331970
  0.4080  61.44730951
  0.4090  62.83521554
  0.4100  64.19653946
  0.4110  65.53079896
  0.4120  66.83752800
  0.4130  68.11627690
  0.4140  69.36661247
  0.4150  70.58811815
  0.4160  71.78039412
  0.4170  72.94305739
  0.4180  74.07574191
  0.4190  75.17809865
  0.4200  76.24979570
  0.4210  77.29051830
  0.4220  78.29996890
  0.4230  79.27786728
  0.4240  80.22395048
  0.4250  81.13797295
  0.4260  82.01970647
  0.4270  82.86894023
  0.4280  83.68548082
  0.4290  84.46915220
  0.4300  85.21979574
  0.4310  85.93727014
  0.4320  86.62145144
  0.4330  87.27223295
  0.4340  87.88952525
  0.4350  88.47325606
  0.4360  89.02337025
  0.4370  89.53982971
  0.4380  90.02261331
  0.4390  90.47171676
  0.4400  90.88715256
  0.4410  91.26894985
  0.4420  91.61715432
  0.4430  91.93182808
  0.4440  92.21304953
  0.4450  92.46091320
  0.4460  92.67552962
  0.4470  92.85702517
  0.4480  93.00554189
  0.4490  93.12123733
  0.4500  93.20428437
  0.4510  93.25487102
  0.4520  93.27320023
  0.4530  93.25948973
  0.4540  93.21397173
  0.4550  93.13689282
  0.4560  93.02851365
  0.4570  92.88910878
  0.4580  92.71896638
  0.4590  92.51838804
  0.4600  92.28768852
  0.4610  92.02719547
  0.4620  91.73724918
  0.4630  91.41820234
  0.4640  91.07041976
  0.4650  90.69427809
  0.4660  90.29016555
  0.4670  89.85848164
  0.4680  89.39963687
  0.4690  88.91405244
  0.4700  88.40215996
  0.4710  87.86440116
  0.4720  87.30122758
  0.4730  86.71310023
  0.4740  86.10048933
  0.4750  85.46387396
  0.4760  84.80374177
  0.4770  84.12058862
  0.4780  83.41491830
  0.4790  82.68724217
  0.4800  81.93807886
  0.4810  81.16795392
  0.4820  80.37739948
  0.4830  79.56695396
  0.4840  78.73716168
  0.4850  77.88857256
  0.4860  77.02174177
  0.4870  76.13722940
  0.4880  75.23560011
  0.4890  74.31742278
  0.4900  73.38327021
  0.4910  72.43371873
  0.4920  71.46934791
  0.4930  70.49074018
  0.4940  69.49848051
  0.4950  68.49315607
  0.4960  67.47535589
  0.4970  66.44567054
  0.4980  65.40469176
  0.4990  64.35301218
  0.5000  63.29122492
  0.5010  62.21992332
  0.5020  61.13970060
  0.5030  60.05114952
  0.5040  58.95486204
  0.5050  57.85142906
  0.5060  56.74144006
  0.5070  55.62548278
  0.5080  54.50414293
  0.5090  53.37800388
  0.5100  52.24764636
  0.5110  51.11364815
  0.5120  49.97658379
  0.5130  48.83702427
  0.5140  47.69553679
  0.5150  46.55268442
  0.5160  45.40902587
  0.5170  44.26511519
  0.5180  43.12150151
  0.5190  41.97872876
  0.5200  40.83733544
  0.5210  39.69785437
  0.5220  38.56081240
  0.5230  37.42673022
  0.5240  36.29612211
  0.5250  35.16949569
  0.5260  34.04735172
  0.5270  32.93018389
  0.5280  31.81847862
  0.5290  30.71271482
  0.5300  29.61336375
  0.5310  28.52088881
  0.5320  27.43574537
  0.5330  26.35838064
  0.5340  25.28923345
  0.5350  24.22873421
  0.5360  23.17730470
  0.5370  22.13535800
  0.5380  21.10329843
  0.5390  20.08152145
  0.5400  19.07041364
  0.5410  18.07035273
  0.5420  17.08170762
  0.5430  16.10483850
  0.5440  15.14009710
  0.5450  14.18782693
  0.5460  13.24836384
  0.5470  12.32203667
  0.5480  11.40916835
  0.5490  10.51007748
  0.5500  9.62508070
  0.5510  8.75449647
  0.5520  7.89865098
  0.5530  7.05788796
  0.5540  6.23258570
  0.5550  5.42318787
  0.5560  4.63026385
  0.5570  3.85463659
  0.5580  3.09768620
  0.5590  2.36218900
  0.5600  1.65520713
  0.5610  1.00207128
  0.5620  0.55050264
  0.5630  0.75299858
  0.5640  1.31433540
  0.5650  1.92793785
  0.5660  2.54342449
  0.5670  3.14936471
  0.5680  3.74186752
  0.5690  4.31923774
  0.5700  4.88060671
  0.5710  5.42547598
  0.5720  5.95353588
  0.5730  6.46458362
  0.5740  6.95848254
  0.5750  7.43514034
  0.5760  7.89449664
  0.5770  8.33651547
  0.5780  8.76118064
  0.5790  9.16849266
  0.5800  9.55846665
  0.5810  9.93113092
  0.5820  10.28652588
  0.5830  10.62470327
  0.5840  10.94572554
  0.5850  11.24966538
  0.5860  11.53660526
  0.5870  11.80663714
  0.5880  12.05986215
  0.5890  12.29639031
  0.5900  12.51634028
  0.5910  12.71983914
  0.5920  12.90702215
  0.5930  13.07803257
  0.5940  13.23302142
  0.5950  13.37214729
  0.5960  13.49557613
  0.5970  13.60348108
  0.5980  13.69604226
  0.5990  13.77344653
  0.6000  13.83588739
  0.6010  13.88356470
  0.6020  13.91668452
  0.6030  13.93545890
  0.6040  13.94010571
  0.6050  13.93084843
  0.6060  13.90791594
  0.6070  13.87154234
  0.6080  13.82196674
  0.6090  13.75943311
  0.6100  13.68419000
  0.6110  13.59649042
  0.6120  13.49659161
  0.6130  13.38475486
  0.6140  13.26124529
  0.6150  13.12633171
  0.6160  12.98028637
  0.6170  12.82338481
  0.6180  12.65590567
  0.6190  12.47813051
  0.6200  12.29034360
  0.6210  12.09283178
  0.6220  11.88588430
  0.6230  11.66979260
  0.6240  11.44485022
  0.6250  11.21135259
  0.6260  10.96959694
  0.6270  10.71988214
  0.6280  10.46250860
  0.6290  10.19777817
  0.6300  9.92599407
  0.6310  9.64746081
  0.6320  9.36248420
  0.6330  9.07137138
  0.6340  8.77443082
  0.6350  8.47197253
  0.6360  8.16430822
  0.6370  7.85175161
  0.6380  7.53461891
  0.6390  7.21322941
  0.6400  6.88790637
  0.6410  6.55897820
  0.6420  6.22678011
  0.6430  5.89165644
  0.6440  5.55396381
  0.6450  5.21407570
  0.6460  4.87238898
  0.6470  4.52933347
  0.6480  4.18538627
  0.6490  3.84109377
  0.6500  3.49710638
  0.6510  3.15423537
  0.6520  2.81354941
  0.6530  2.47654612
  0.6540  2.14547224
  0.6550  1.82395450
  0.6560  1.51830688
  0.6570  1.24030614
  0.6580  1.01260981
  0.6590  0.87457107
  0.6600  0.86875114
  0.6610  0.99607309
  0.6620  1.21398298
  0.6630  1.48171199
  0.6640  1.77557770
  0.6650  2.08330693
  0.6660  2.39837339
  0.6670  2.71707323
  0.6680  3.03714992
  0.6690  3.35713314
  0.6700  3.67600451
  0.6710  3.99301910
  0.6720  4.30760534
  0.6730  4.61930616
  0.6740  4.92774312
  0.6750  5.23259359
  0.6760  5.53357605
  0.6770  5.83044007
  0.6780  6.12295956
  0.6790  6.41092797
  0.6800  6.69415493
  0.6810  6.97246372
  0.6820  7.24568949
  0.6830  7.51367786
  0.6840  7.77628392
  0.6850  8.03337141
  0.6860  8.28481208
  0.6870  8.53048528
  0.6880  8.77027747
  0.6890  9.00408199
  0.6900  9.23179875
  0.6910  9.45333407
  0.6920  9.66860045
  0.6930  9.87751644
  0.6940  10.08000655
  0.6950  10.27600106
  0.6960  10.46543600
  0.6970  10.64825298
  0.6980  10.82439918
  0.6990  10.99382721
  0.7000  11.15649509
  0.7010  11.31236614
  0.7020  11.46140891
  0.7030  11.60359717
  0.7040  11.73890976
  0.7050  11.86733058
  0.7060  11.98884854
  0.7070  12.10345742
  0.7080  12.21115590
  0.7090  12.31194741
  0.7100  12.40584013
  0.7110  12.49284685
  0.7120  12.57298497
  0.7130  12.64627641
  0.7140  12.71274751
  0.7150  12.77242899
  0.7160  12.82535585
  0.7170  12.87156733
  0.7180  12.91110681
  0.7190  12.94402172
  0.7200  12.97036351
  0.7210  12.99018751
  0.7220  13.00355289
  0.7230  13.01052258
  0.7240  13.01116315
  0.7250  13.00554478
  0.7260  12.99374112
  0.7270  12.97582925
  0.7280  12.95188957
  0.7290  12.92200570
  0.7300  12.88626444
  0.7310  12.84475561
  0.7320  12.79757205
  0.7330  12.74480943
  0.7340  12.68656624
  0.7350  12.62294365
  0.7360  12.55404546
  0.7370  12.47997794
  0.7380  12.40084982
  0.7390  12.31677214
  0.7400  12.22785816
  0.7410  12.13422331
  0.7420  12.03598502
  0.7430  11.93326271
  0.7440  11.82617764
  0.7450  11.71485282
  0.7460  11.59941294
  0.7470  11.47998427
  0.7480  11.35669453
  0.7490  11.22967284
  0.7500  11.09904962
  0.7510  10.96495646
  0.7520  10.82752607
  0.7530  10.68689216
  0.7540  10.54318935
  0.7550  10.39655310
  0.7560  10.24711959
  0.7570  10.09502563
  0.7580  9.94040859
  0.7590  9.78340629
  0.7600  9.62415693
  0.7610  9.46279897
  0.7620  9.29947108
  0.7630  9.13431201
  0.7640  8.96746054
  0.7650  8.79905537
  0.7660  8.62923506
  0.7670  8.45813790
  0.7680  8.28590190
  0.7690  8.11266461
  0.7700  7.93856314
  0.7710  7.76373399
  0.7720  7.58831305
  0.7730  7.41243547
  0.7740  7.23623557
  0.7750  7.05984684
  0.7760  6.88340179
  0.7770  6.70703189
  0.7780  6.53086754
  0.7790  6.35503796
  0.7800  6.17967111
  0.7810  6.00489368
  0.7820  5.83083096
  0.7830  5.65760680
  0.7840  5.48534357
  0.7850  5.31416207
  0.7860  5.14418144
  0.7870  4.97551919
  0.7880  4.80829106
  0.7890  4.64261098
  0.7900  4.47859107
  0.7910  4.31634153
  0.7920  4.15597059
  0.7930  3.99758452
  0.7940  3.84128752
  0.7950  3.68718173
  0.7960  3.53536714
  0.7970  3.38594161
  0.7980  3.23900077
  0.7990  3.09463808
  0.8000  2.95294470
  0.8010  2.81400956
  0.8020  2.67791928
  0.8030  2.54475824
  0.8040  2.41460847
  0.8050  2.28754977
  0.8060  2.16365968
  0.8070  2.04301349
  0.8080  1.92568435
  0.8090  1.81174333
  0.8100  1.70125949
  0.8110  1.59430004
  0.8120  1.49093054
  0.8130  1.39121506
  0.8140  1.29521657
  0.8150  1.20299726
  0.8160  1.11461901
  0.8170  1.03014408
  0.8180  0.94963581
  0.8190  0.87315962
  0.8200  0.80078419
  0.8210  0.73258288
  0.8220  0.66863537
  0.8230  0.60902945
  0.8240  0.55386273
  0.8250  0.50324385
  0.8260  0.45729243
  0.8270  0.41613643
  0.8280  0.37990515
  0.8290  0.34871572
  0.8300  0.32265176
  0.8310  0.30173523
  0.8320  0.28589713
  0.8330  0.27495791
  0.8340  0.26862950
  0.8350  0.26654488
  0.8360  0.26830916
  0.8370  0.27355652
  0.8380  0.28199618
  0.8390  0.29343780
  0.8400  0.30779533
  0.8410  0.32507439
  0.8420  0.34535021
  0.8430  0.36874239
  0.8440  0.39539123
  0.8450  0.42543839
  0.8460  0.45901301
  0.8470  0.49622329
  0.8480  0.53715263
  0.8490  0.58185910
  0.8500  0.63037712
  0.8510  0.68272021
  0.8520  0.73888423
  0.8530  0.79885047
  0.8540  0.86258846
  0.8550  0.93005837
  0.8560  1.00121291
  0.8570  1.07599887
  0.8580  1.15435832
  0.8590  1.23622949
  0.8600  1.32154746
  0.8610  1.41024467
  0.8620  1.50225129
  0.8630  1.59749550
  0.8640  1.69590371
  0.8650  1.79740069
  0.8660  1.90190970
  0.8670  2.00935261
  0.8680  2.11964990
  0.8690  2.23272079
  0.8700  2.34848324
  0.8710  2.46685401
  0.8720  2.58774872
  0.8730  2.71108185
  0.8740  2.83676679
  0.8750  2.96471591
  0.8760  3.09484054
  0.8770  3.22705105
  0.8780  3.36125689
  0.8790  3.49736660
  0.8800  3.63528789
  0.8810  3.77492763
  0.8820  3.91619197
  0.8830  4.05898631
  0.8840  4.20321540
  0.8850  4.34878336
  0.8860  4.49559374
  0.8870  4.64354956
  0.8880  4.79255338
  0.8890  4.94250731
  0.8900  5.09331313
  0.8910  5.24487226
  0.8920  5.39708589
  0.8930  5.54985499
  0.8940  5.70308035
  0.8950  5.85666268
  0.8960  6.01050265
  0.8970  6.16450092
  0.8980  6.31855822
  0.8990  6.47257540
  0.9000  6.62645348
  0.9010  6.78009372
  0.9020  6.93339766
  0.9030  7.08626720
  0.9040  7.23860460
  0.9050  7.39031262
  0.9060  7.54129450
  0.9070  7.69145406
  0.9080  7.84069574
  0.9090  7.98892467
  0.9100  8.13604669
  0.9110  8.28196845
  0.9120  8.42659742
  0.9130  8.56984200
  0.9140  8.71161149
  0.9150  8.85181626
  0.9160  8.99036767
  0.9170  9.12717823
  0.9180  9.26216161
  0.9190  9.39523268
  0.9200  9.52630756
  0.9210  9.65530371
  0.9220  9.78213994
  0.9230  9.90673646
  0.9240  10.02901494
  0.9250  10.14889857
  0.9260  10.26631208
  0.9270  10.38118178
  0.9280  10.49343564
  0.9290  10.60300331
  0.9300  10.70981613
  0.9310  10.81380726
  0.9320  10.91491162
  0.9330  11.01306600
  0.9340  11.10820904
  0.9350  11.20028133
  0.9360  11.28922539
  0.9370  11.37498574
  0.9380  11.45750891
  0.9390  11.53674348
  0.9400  11.61264011
  0.9410  11.68515158
  0.9420  11.75423278
  0.9430  11.81984078
  0.9440  11.88193484
  0.9450  11.94047641
  0.9460  11.99542918
  0.9470  12.04675909
  0.9480  12.09443434
  0.9490  12.13842542
  0.9500  12.17870512
  0.9510  12.21524853
  0.9520  12.24803307
  0.9530  12.27703851
  0.9540  12.30224693
  0.9550  12.32364277
  0.9560  12.34121285
  0.9570  12.35494631
  0.9580  12.36483467
  0.9590  12.37087180
  0.9600  12.37305393
  0.9610  12.37137964
  0.9620  12.36584986
  0.9630  12.35646787
  0.9640  12.34323927
  0.9650  12.32617198
  0.9660  12.30527625
  0.9670  12.28056460
  0.9680  12.25205185
  0.9690  12.21975508
  0.9700  12.18369361
  0.9710  12.14388899
  0.9720  12.10036497
  0.9730  12.05314749
  0.9740  12.00226462
  0.9750  11.94774658
  0.9760  11.88962569
  0.9770  11.82793632
  0.9780  11.76271489
  0.9790  11.69399982
  0.9800  11.62183152
  0.9810  11.54625232
  0.9820  11.46730644
  0.9830  11.38503997
  0.9840  11.29950083
  0.9850  11.21073871
  0.9860  11.11880503
  0.9870  11.02375292
  0.9880  10.92563716
  0.9890  10.82451413
  0.9900  10.72044175
  0.9910  10.61347949
  0.9920  10.50368825
  0.9930  10.39113035
  0.9940  10.27586949
  0.9950  10.15797066
  0.9960  10.03750012
  0.9970  9.91452533
  0.9980  9.78911491
  0.9990  9.66133859
