  0.0000  89.46028605
  0.0010  89.41721847
  0.0020  89.28803927
  0.0030  89.07281906
  0.0040  88.77167544
  0.0050  88.38477297
  0.0060  87.91232308
  0.0070  87.35458391
  0.0080  86.71186020
  0.0090  85.98450307
  0.0100  85.17290987
  0.0110  84.27752389
  0.0120  83.29883414
  0.0130  82.23737508
  0.0140  81.09372624
  0.0150  79.86851198
  0.0160  78.56240104
  0.0170  77.17610620
  0.0180  75.71038386
  0.0190  74.16603357
  0.0200  72.54389763
  0.0210  70.84486053
  0.0220  69.06984847
  0.0230  67.21982883
  0.0240  65.29580959
  0.0250  63.29883875
  0.0260  61.23000374
  0.0270  59.09043077
  0.0280  56.88128417
  0.0290  54.60376575
  0.0300  52.25911406
  0.0310  49.84860372
  0.0320  47.37354466
  0.0330  44.83528137
  0.0340  42.23519214
  0.0350  39.57468825
  0.0360  36.85521323
  0.0370  34.07824198
  0.0380  31.24528004
  0.0390  28.35786278
  0.0400  25.41755467
  0.0410  22.42594867
  0.0420  19.38466592
  0.0430  16.29535606
  0.0440  13.15969948
  0.0450  9.97941583
  0.0460  6.75630003
  0.0470  3.49246846
  0.0480  0.21490833
  0.0490  3.15679562
  0.0500  6.53353393
  0.0510  9.94497719
  0.0520  13.38881420
  0.0530  16.86310488
  0.0540  20.36595585
  0.0550  23.89547721
  0.0560  27.44977277
  0.0570  31.02693759
  0.0580  34.62505765
  0.0590  38.24221027
  0.0600  41.87646495
  0.0610  45.52588427
  0.0620  49.18852488
  0.0630  52.86243858
  0.0640  56.54567341
  0.0650  60.23627467
  0.0660  63.93228607
  0.0670  67.63175085
  0.0680  71.33271279
  0.0690  75.03321741
  0.0700  78.73131304
  0.0710  82.42505187
  0.0720  86.11249112
  0.0730  89.79169409
  0.0740  93.46073126
  0.0750  97.11768136
  0.0760  100.76063246
  0.0770  104.38768303
  0.0780  107.99694299
  0.0790  111.58653480
  0.0800  115.15459445
  0.0810  118.69927254
  0.0820  122.21873527
  0.0830  125.71116548
  0.0840  129.17476362
  0.0850  132.60774877
  0.0860  136.00835958
  0.0870  139.37485528
  0.0880  142.70551658
  0.0890  145.99864663
  0.0900  149.25257192
  0.0910  152.46564322
  0.0920  155.63623643
  0.0930  158.76275346
  0.0940  161.84362308
  0.0950  164.87730177
  0.0960  167.86227453
  0.0970  170.79705568
  0.0980  173.68018961
  0.0990  176.51025159
  0.1000  179.28584849
  0.1010  182.00561948
  0.1020  184.66823675
  0.1030  187.27240619
  0.1040  189.81686803
  0.1050  192.30039749
  0.1060  194.72180538
  0.1070  197.07993872
  0.1080  199.37368126
  0.1090  201.60195406
  0.1100  203.76371599
  0.1110  205.85796426
  0.1120  207.88373485
  0.1130  209.84010300
  0.1140  211.72618360
  0.1150  213.54113162
  0.1160  215.28414247
  0.1170  216.95445237
  0.1180  218.55133866
  0.1190  220.07412010
  0.1200  221.52215715
  0.1210  222.89485226
  0.1220  224.19165002
  0.1230  225.41203744
  0.1240  226.55554408
  0.1250  227.62174222
  0.1260  228.61024696
  0.1270  229.52071638
  0.1280  230.35285153
  0.1290  231.10639657
  0.1300  231.78113872
  0.1310  232.37690832
  0.1320  232.89357875
  0.1330  233.33106643
  0.1340  233.68933071
  0.1350  233.96837380
  0.1360  234.16824062
  0.1370  234.28901867
  0.1380  234.33083785
  0.1390  234.29387028
  0.1400  234.17833005
  0.1410  233.98447301
  0.1420  233.71259648
  0.1430  233.36303899
  0.1440  232.93617994
  0.1450  232.43243927
  0.1460  231.85227712
  0.1470  231.19619345
  0.1480  230.46472762
  0.1490  229.65845800
  0.1500  228.77800149
  0.1510  227.82401311
  0.1520  226.79718546
  0.1530  225.69824827
  0.1540  224.52796785
  0.1550  223.28714655
  0.1560  221.97662219
  0.1570  220.59726754
  0.1580  219.14998965
  0.1590  217.63572927
  0.1600  216.05546024
  0.1610  214.41018880
  0.1620  212.70095297
  0.1630  210.92882183
  0.1640  209.09489488
  0.1650  207.20030127
  0.1660  205.24619910
  0.1670  203.23377472
  0.1680  201.16424192
  0.1690  199.03884119
  0.1700  196.85883896
  0.1710  194.62552680
  0.1720  192.34022060
  0.1730  190.00425978
  0.1740  187.61900647
  0.1750  185.18584466
  0.1760  182.70617939
  0.1770  180.18143586
  0.1780  177.61305859
  0.1790  175.00251055
  0.1800  172.35127230
  0.1810  169.66084107
  0.1820  166.93272991
  0.1830  164.16846677
  0.1840  161.36959363
  0.1850  158.53766553
  0.1860  155.67424975
  0.1870  152.78092481
  0.1880  149.85927962
  0.1890  146.91091250
  0.1900  143.93743032
  0.1910  140.94044751
  0.1920  137.92158519
  0.1930  134.88247019
  0.1940  131.82473419
  0.1950  128.75001271
  0.1960  125.65994426
  0.1970  122.55616936
  0.1980  119.44032965
  0.1990  116.31406695
  0.2000  113.17902234
  0.2010  110.03683527
  0.2020  106.88914260
  0.2030  103.73757776
  0.2040  100.58376979
  0.2050  97.42934246
  0.2060  94.27591341
  0.2070  91.12509321
  0.2080  87.97848454
  0.2090  84.83768128
  0.2100  81.70426769
  0.2110  78.57981752
  0.2120  75.46589318
  0.2130  72.36404496
  0.2140  69.27581012
  0.2150  66.20271218
  0.2160  63.14626009
  0.2170  60.10794744
  0.2180  57.08925177
  0.2190  54.09163378
  0.2200  51.11653667
  0.2210  48.16538545
  0.2220  45.23958635
  0.2230  42.34052621
  0.2240  39.46957205
  0.2250  36.62807061
  0.2260  33.81734822
  0.2270  31.03871077
  0.2280  28.29344410
  0.2290  25.58281509
  0.2300  22.90807376
  0.2310  20.27045741
  0.2320  17.67119877
  0.2330  15.11154237
  0.2340  12.59278023
  0.2350  10.11633834
  0.2360  7.68402176
  0.2370  5.29890231
  0.2380  2.97029744
  0.2390  0.80608416
  0.2400  1.71078110
  0.2410  3.87514382
  0.2420  6.02331127
  0.2430  8.12877975
  0.2440  10.18662544
  0.2450  12.19481192
  0.2460  14.15207488
  0.2470  16.05744471
  0.2480  17.91009682
  0.2490  19.70929437
  0.2500  21.45436308
  0.2510  23.14467909
  0.2520  24.77966253
  0.2530  26.35877406
  0.2540  27.88151284
  0.2550  29.34741528
  0.2560  30.75605434
  0.2570  32.10703904
  0.2580  33.40001412
  0.2590  34.63465988
  0.2600  35.81069199
  0.2610  36.92786138
  0.2620  37.98595412
  0.2630  38.98479136
  0.2640  39.92422917
  0.2650  40.80415846
  0.2660  41.62450488
  0.2670  42.38522863
  0.2680  43.08632437
  0.2690  43.72782101
  0.2700  44.30978156
  0.2710  44.83230289
  0.2720  45.29551556
  0.2730  45.69958357
  0.2740  46.04470409
  0.2750  46.33110718
  0.2760  46.55905555
  0.2770  46.72884421
  0.2780  46.84080013
  0.2790  46.89528195
  0.2800  46.89267959
  0.2810  46.83341384
  0.2820  46.71793602
  0.2830  46.54672753
  0.2840  46.32029943
  0.2850  46.03919202
  0.2860  45.70397432
  0.2870  45.31524365
  0.2880  44.87362510
  0.2890  44.37977106
  0.2900  43.83436065
  0.2910  43.23809924
  0.2920  42.59171783
  0.2930  41.89597258
  0.2940  41.15164414
  0.2950  40.35953712
  0.2960  39.52047948
  0.2970  38.63532190
  0.2980  37.70493718
  0.2990  36.73021959
  0.3000  35.71208423
  0.3010  34.65146638
  0.3020  33.54932084
  0.3030  32.40662125
  0.3040  31.22435940
  0.3050  30.00354458
  0.3060  28.74520284
  0.3070  27.45037632
  0.3080  26.12012251
  0.3090  24.75551357
  0.3100  23.35763559
  0.3110  21.92758787
  0.3120  20.46648218
  0.3130  18.97544205
  0.3140  17.45560200
  0.3150  15.90810684
  0.3160  14.33411089
  0.3170  12.73477728
  0.3180  11.11127713
  0.3190  9.46478892
  0.3200  7.79649764
  0.3210  6.10759414
  0.3220  4.39927444
  0.3230  2.67273937
  0.3240  0.92919886
  0.3250  0.83018738
  0.3260  2.60413037
  0.3270  4.39146998
  0.3280  6.19098812
  0.3290  8.00147362
  0.3300  9.82171675
  0.3310  11.65050948
  0.3320  13.48664613
  0.3330  15.32892402
  0.3340  17.17614421
  0.3350  19.02711217
  0.3360  20.88063846
  0.3370  22.73553943
  0.3380  24.59063791
  0.3390  26.44476386
  0.3400  28.29675501
  0.3410  30.14545758
  0.3420  31.98972685
  0.3430  33.82842784
  0.3440  35.66043593
  0.3450  37.48463745
  0.3460  39.29993032
  0.3470  41.10522461
  0.3480  42.89944316
  0.3490  44.68152211
  0.3500  46.45041150
  0.3510  48.20507579
  0.3520  49.94449441
  0.3530  51.66766228
  0.3540  53.37359033
  0.3550  55.06130600
  0.3560  56.72985368
  0.3570  58.37829526
  0.3580  60.00571053
  0.3590  61.61119766
  0.3600  63.19387360
  0.3610  64.75287451
  0.3620  66.28735618
  0.3630  67.79649440
  0.3640  69.27948534
  0.3650  70.73554590
  0.3660  72.16391408
  0.3670  73.56384928
  0.3680  74.93463262
  0.3690  76.27556726
  0.3700  77.58597868
  0.3710  78.86521491
  0.3720  80.11264683
  0.3730  81.32766839
  0.3740  82.50969684
  0.3750  83.65817290
  0.3760  84.77256103
  0.3770  85.85234950
  0.3780  86.89705065
  0.3790  87.90620096
  0.3800  88.87936122
  0.3810  89.81611663
  0.3820  90.71607689
  0.3830  91.57887631
  0.3840  92.40417382
  0.3850  93.19165308
  0.3860  93.94102248
  0.3870  94.65201517
  0.3880  95.32438906
  0.3890  95.95792680
  0.3900  96.55243579
  0.3910  97.10774809
  0.3920  97.62372038
  0.3930  98.10023392
  0.3940  98.53719441
  0.3950  98.93453193
  0.3960  99.29220081
  0.3970  99.61017950
  0.3980  99.88847042
  0.3990  100.12709981
  0.4000  100.32611758
  0.4010  100.48559706
  0.4020  100.60563488
  0.4030  100.68635070
  0.4040  100.72788701
  0.4050  100.73040888
  0.4060  100.69410372
  0.4070  100.61918102
  0.4080  100.50587205
  0.4090  100.35442962
  0.4100  100.16512770
  0.4110  99.93826121
  0.4120  99.67414562
  0.4130  99.37311664
  0.4140  99.03552990
  0.4150  98.66176056
  0.4160  98.25220298
  0.4170  97.80727031
  0.4180  97.32739413
  0.4190  96.81302407
  0.4200  96.26462737
  0.4210  95.68268849
  0.4220  95.06770871
  0.4230  94.42020567
  0.4240  93.74071296
  0.4250  93.02977965
  0.4260  92.28796989
  0.4270  91.51586241
  0.4280  90.71405006
  0.4290  89.88313938
  0.4300  89.02375008
  0.4310  88.13651459
  0.4320  87.22207758
  0.4330  86.28109544
  0.4340  85.31423583
  0.4350  84.32217713
  0.4360  83.30560800
  0.4370  82.26522684
  0.4380  81.20174128
  0.4390  80.11586768
  0.4400  79.00833064
  0.4410  77.87986244
  0.4420  76.73120259
  0.4430  75.56309724
  0.4440  74.37629873
  0.4450  73.17156504
  0.4460  71.94965925
  0.4470  70.71134911
  0.4480  69.45740642
  0.4490  68.18860659
  0.4500  66.90572809
  0.4510  65.60955196
  0.4520  64.30086129
  0.4530  62.98044071
  0.4540  61.64907591
  0.4550  60.30755309
  0.4560  58.95665854
  0.4570  57.59717807
  0.4580  56.22989657
  0.4590  54.85559751
  0.4600  53.47506246
  0.4610  52.08907060
  0.4620  50.69839831
  0.4630  49.30381863
  0.4640  47.90610085
  0.4650  46.50601007
  0.4660  45.10430670
  0.4670  43.70174610
  0.4680  42.29907809
  0.4690  40.89704656
  0.4700  39.49638905
  0.4710  38.09783636
  0.4720  36.70211214
  0.4730  35.30993252
  0.4740  33.92200571
  0.4750  32.53903170
  0.4760  31.16170185
  0.4770  29.79069860
  0.4780  28.42669512
  0.4790  27.07035506
  0.4800  25.72233221
  0.4810  24.38327032
  0.4820  23.05380283
  0.4830  21.73455273
  0.4840  20.42613242
  0.4850  19.12914368
  0.4860  17.84417773
  0.4870  16.57181540
  0.4880  15.31262761
  0.4890  14.06717614
  0.4900  12.83601489
  0.4910  11.61969218
  0.4920  10.41875449
  0.4930  9.23375322
  0.4940  8.06525692
  0.4950  6.91387548
  0.4960  5.78031120
  0.4970  4.66548021
  0.4980  3.57084844
  0.4990  2.49960446
  0.5000  1.46272931
  0.5010  0.55319189
  0.5020  0.79169113
  0.5030  1.72643420
  0.5040  2.69179655
  0.5050  3.64699852
  0.5060  4.58513704
  0.5070  5.50393370
  0.5080  6.40231155
  0.5090  7.27962617
  0.5100  8.13542593
  0.5110  8.96936052
  0.5120  9.78114070
  0.5130  10.57051875
  0.5140  11.33727817
  0.5150  12.08122778
  0.5160  12.80219836
  0.5170  13.50004041
  0.5180  14.17462276
  0.5190  14.82583166
  0.5200  15.45357003
  0.5210  16.05775699
  0.5220  16.63832750
  0.5230  17.19523200
  0.5240  17.72843615
  0.5250  18.23792062
  0.5260  18.72368086
  0.5270  19.18572692
  0.5280  19.62408321
  0.5290  20.03878838
  0.5300  20.42989509
  0.5310  20.79746981
  0.5320  21.14159269
  0.5330  21.46235730
  0.5340  21.75987048
  0.5350  22.03425214
  0.5360  22.28563502
  0.5370  22.51416452
  0.5380  22.71999847
  0.5390  22.90330692
  0.5400  23.06427190
  0.5410  23.20308723
  0.5420  23.31995822
  0.5430  23.41510153
  0.5440  23.48874484
  0.5450  23.54112664
  0.5460  23.57249601
  0.5470  23.58311229
  0.5480  23.57324492
  0.5490  23.54317309
  0.5500  23.49318553
  0.5510  23.42358020
  0.5520  23.33466406
  0.5530  23.22675277
  0.5540  23.10017041
  0.5550  22.95524921
  0.5560  22.79232924
  0.5570  22.61175817
  0.5580  22.41389093
  0.5590  22.19908947
  0.5600  21.96772240
  0.5610  21.72016476
  0.5620  21.45679771
  0.5630  21.17800818
  0.5640  20.88418865
  0.5650  20.57573680
  0.5660  20.25305520
  0.5670  19.91655107
  0.5680  19.56663590
  0.5690  19.20372521
  0.5700  18.82823823
  0.5710  18.44059758
  0.5720  18.04122900
  0.5730  17.63056105
  0.5740  17.20902479
  0.5750  16.77705350
  0.5760  16.33508241
  0.5770  15.88354836
  0.5780  15.42288959
  0.5790  14.95354539
  0.5800  14.47595587
  0.5810  13.99056169
  0.5820  13.49780382
  0.5830  12.99812324
  0.5840  12.49196081
  0.5850  11.97975698
  0.5860  11.46195165
  0.5870  10.93898403
  0.5880  10.41129253
  0.5890  9.87931475
  0.5900  9.34348749
  0.5910  8.80424701
  0.5920  8.26202934
  0.5930  7.71727096
  0.5940  7.17040987
  0.5950  6.62188730
  0.5960  6.07215057
  0.5970  5.52165767
  0.5980  4.97088520
  0.5990  4.42034215
  0.6000  3.87059561
  0.6010  3.32232175
  0.6020  2.77641626
  0.6030  2.23426309
  0.6040  1.69850363
  0.6050  1.17582869
  0.6060  0.69171295
  0.6070  0.40574329
  0.6080  0.65697222
  0.6090  1.12630342
  0.6100  1.63194545
  0.6110  2.14526247
  0.6120  2.65904470
  0.6130  3.17055580
  0.6140  3.67842922
  0.6150  4.18183147
  0.6160  4.68017375
  0.6170  5.17299462
  0.6180  5.65990617
  0.6190  6.14056693
  0.6200  6.61466734
  0.6210  7.08192142
  0.6220  7.54206176
  0.6230  7.99483649
  0.6240  8.44000729
  0.6250  8.87734807
  0.6260  9.30664415
  0.6270  9.72769159
  0.6280  10.14029685
  0.6290  10.54427642
  0.6300  10.93945664
  0.6310  11.32567355
  0.6320  11.70277274
  0.6330  12.07060926
  0.6340  12.42904753
  0.6350  12.77796131
  0.6360  13.11723358
  0.6370  13.44675652
  0.6380  13.76643143
  0.6390  14.07616870
  0.6400  14.37588771
  0.6410  14.66551678
  0.6420  14.94499312
  0.6430  15.21426272
  0.6440  15.47328030
  0.6450  15.72200923
  0.6460  15.96042143
  0.6470  16.18849727
  0.6480  16.40622548
  0.6490  16.61360307
  0.6500  16.81063516
  0.6510  16.99733494
  0.6520  17.17372349
  0.6530  17.33982967
  0.6540  17.49569002
  0.6550  17.64134860
  0.6560  17.77685683
  0.6570  17.90227340
  0.6580  18.01766405
  0.6590  18.12310149
  0.6600  18.21866518
  0.6610  18.30444122
  0.6620  18.38052215
  0.6630  18.44700678
  0.6640  18.50400004
  0.6650  18.55161281
  0.6660  18.58996168
  0.6670  18.61916887
  0.6680  18.63936196
  0.6690  18.65067372
  0.6700  18.65324198
  0.6710  18.64720935
  0.6720  18.63272312
  0.6730  18.60993499
  0.6740  18.57900092
  0.6750  18.54008093
  0.6760  18.49333889
  0.6770  18.43894233
  0.6780  18.37706226
  0.6790  18.30787293
  0.6800  18.23155170
  0.6810  18.14827877
  0.6820  18.05823705
  0.6830  17.96161192
  0.6840  17.85859105
  0.6850  17.74936422
  0.6860  17.63412312
  0.6870  17.51306113
  0.6880  17.38637320
  0.6890  17.25425559
  0.6900  17.11690575
  0.6910  16.97452209
  0.6920  16.82730381
  0.6930  16.67545076
  0.6940  16.51916321
  0.6950  16.35864172
  0.6960  16.19408696
  0.6970  16.02569954
  0.6980  15.85367985
  0.6990  15.67822789
  0.7000  15.49954315
  0.7010  15.31782442
  0.7020  15.13326966
  0.7030  14.94607585
  0.7040  14.75643886
  0.7050  14.56455328
  0.7060  14.37061236
  0.7070  14.17480778
  0.7080  13.97732961
  0.7090  13.77836616
  0.7100  13.57810383
  0.7110  13.37672706
  0.7120  13.17441818
  0.7130  12.97135730
  0.7140  12.76772224
  0.7150  12.56368841
  0.7160  12.35942872
  0.7170  12.15511352
  0.7180  11.95091047
  0.7190  11.74698449
  0.7200  11.54349766
  0.7210  11.34060920
  0.7220  11.13847534
  0.7230  10.93724927
  0.7240  10.73708111
  0.7250  10.53811784
  0.7260  10.34050320
  0.7270  10.14437772
  0.7280  9.94987861
  0.7290  9.75713974
  0.7300  9.56629159
  0.7310  9.37746125
  0.7320  9.19077232
  0.7330  9.00634494
  0.7340  8.82429573
  0.7350  8.64473778
  0.7360  8.46778062
  0.7370  8.29353018
  0.7380  8.12208882
  0.7390  7.95355530
  0.7400  7.78802471
  0.7410  7.62558856
  0.7420  7.46633469
  0.7430  7.31034731
  0.7440  7.15770697
  0.7450  7.00849058
  0.7460  6.86277140
  0.7470  6.72061905
  0.7480  6.58209951
  0.7490  6.44727511
  0.7500  6.31620458
  0.7510  6.18894303
  0.7520  6.06554197
  0.7530  5.94604933
  0.7540  5.83050946
  0.7550  5.71896319
  0.7560  5.61144779
  0.7570  5.50799705
  0.7580  5.40864128
  0.7590  5.31340732
  0.7600  5.22231861
  0.7610  5.13539520
  0.7620  5.05265376
  0.7630  4.97410766
  0.7640  4.89976698
  0.7650  4.82963855
  0.7660  4.76372598
  0.7670  4.70202974
  0.7680  4.64454716
  0.7690  4.59127247
  0.7700  4.54219689
  0.7710  4.49730863
  0.7720  4.45659293
  0.7730  4.42003214
  0.7740  4.38760572
  0.7750  4.35929031
  0.7760  4.33505974
  0.7770  4.31488512
  0.7780  4.29873479
  0.7790  4.28657446
  0.7800  4.27836714
  0.7810  4.27407324
  0.7820  4.27365061
  0.7830  4.27705449
  0.7840  4.28423763
  0.7850  4.29515027
  0.7860  4.30974017
  0.7870  4.32795267
  0.7880  4.34973068
  0.7890  4.37501476
  0.7900  4.40374309
  0.7910  4.43585158
  0.7920  4.47127384
  0.7930  4.50994127
  0.7940  4.55178307
  0.7950  4.59672630
  0.7960  4.64469594
  0.7970  4.69561490
  0.7980  4.74940412
  0.7990  4.80598260
  0.8000  4.86526747
  0.8010  4.92717402
  0.8020  4.99161584
  0.8030  5.05850480
  0.8040  5.12775117
  0.8050  5.19926366
  0.8060  5.27294955
  0.8070  5.34871468
  0.8080  5.42646360
  0.8090  5.50609962
  0.8100  5.58752487
  0.8110  5.67064043
  0.8120  5.75534636
  0.8130  5.84154181
  0.8140  5.92912511
  0.8150  6.01799386
  0.8160  6.10804496
  0.8170  6.19917479
  0.8180  6.29127923
  0.8190  6.38425376
  0.8200  6.47799358
  0.8210  6.57239364
  0.8220  6.66734881
  0.8230  6.76275390
  0.8240  6.85850379
  0.8250  6.95449352
  0.8260  7.05061835
  0.8270  7.14677388
  0.8280  7.24285616
  0.8290  7.33876171
  0.8300  7.43438769
  0.8310  7.52963195
  0.8320  7.62439310
  0.8330  7.71857067
  0.8340  7.81206511
  0.8350  7.90477794
  0.8360  7.99661183
  0.8370  8.08747065
  0.8380  8.17725959
  0.8390  8.26588523
  0.8400  8.35325564
  0.8410  8.43928041
  0.8420  8.52387080
  0.8430  8.60693976
  0.8440  8.68840204
  0.8450  8.76817424
  0.8460  8.84617491
  0.8470  8.92232458
  0.8480  8.99654587
  0.8490  9.06876352
  0.8500  9.13890449
  0.8510  9.20689799
  0.8520  9.27267553
  0.8530  9.33617103
  0.8540  9.39732079
  0.8550  9.45606363
  0.8560  9.51234085
  0.8570  9.56609636
  0.8580  9.61727663
  0.8590  9.66583082
  0.8600  9.71171073
  0.8610  9.75487089
  0.8620  9.79526857
  0.8630  9.83286381
  0.8640  9.86761941
  0.8650  9.89950101
  0.8660  9.92847703
  0.8670  9.95451876
  0.8680  9.97760031
  0.8690  9.99769864
  0.8700  10.01479355
  0.8710  10.02886769
  0.8720  10.03990657
  0.8730  10.04789849
  0.8740  10.05283462
  0.8750  10.05470891
  0.8760  10.05351811
  0.8770  10.04926172
  0.8780  10.04194202
  0.8790  10.03156399
  0.8800  10.01813528
  0.8810  10.00166623
  0.8820  9.98216979
  0.8830  9.95966149
  0.8840  9.93415941
  0.8850  9.90568411
  0.8860  9.87425864
  0.8870  9.83990842
  0.8880  9.80266124
  0.8890  9.76254721
  0.8900  9.71959867
  0.8910  9.67385015
  0.8920  9.62533834
  0.8930  9.57410197
  0.8940  9.52018183
  0.8950  9.46362062
  0.8960  9.40446294
  0.8970  9.34275521
  0.8980  9.27854563
  0.8990  9.21188405
  0.9000  9.14282196
  0.9010  9.07141239
  0.9020  8.99770986
  0.9030  8.92177029
  0.9040  8.84365096
  0.9050  8.76341038
  0.9060  8.68110828
  0.9070  8.59680553
  0.9080  8.51056402
  0.9090  8.42244664
  0.9100  8.33251719
  0.9110  8.24084032
  0.9120  8.14748144
  0.9130  8.05250665
  0.9140  7.95598272
  0.9150  7.85797694
  0.9160  7.75855714
  0.9170  7.65779154
  0.9180  7.55574876
  0.9190  7.45249771
  0.9200  7.34810752
  0.9210  7.24264752
  0.9220  7.13618715
  0.9230  7.02879591
  0.9240  6.92054328
  0.9250  6.81149870
  0.9260  6.70173150
  0.9270  6.59131082
  0.9280  6.48030560
  0.9290  6.36878452
  0.9300  6.25681592
  0.9310  6.14446779
  0.9320  6.03180771
  0.9330  5.91890279
  0.9340  5.80581967
  0.9350  5.69262443
  0.9360  5.57938260
  0.9370  5.46615909
  0.9380  5.35301815
  0.9390  5.24002336
  0.9400  5.12723761
  0.9410  5.01472301
  0.9420  4.90254093
  0.9430  4.79075194
  0.9440  4.67941577
  0.9450  4.56859135
  0.9460  4.45833669
  0.9470  4.34870896
  0.9480  4.23976440
  0.9490  4.13155835
  0.9500  4.02414518
  0.9510  3.91757835
  0.9520  3.81191034
  0.9530  3.70719265
  0.9540  3.60347580
  0.9550  3.50080934
  0.9560  3.39924178
  0.9570  3.29882067
  0.9580  3.19959252
  0.9590  3.10160284
  0.9600  3.00489614
  0.9610  2.90951589
  0.9620  2.81550455
  0.9630  2.72290359
  0.9640  2.63175345
  0.9650  2.54209355
  0.9660  2.45396235
  0.9670  2.36739726
  0.9680  2.28243474
  0.9690  2.19911023
  0.9700  2.11745821
  0.9710  2.03751219
  0.9720  1.95930471
  0.9730  1.88286733
  0.9740  1.80823070
  0.9750  1.73542448
  0.9760  1.66447740
  0.9770  1.59541727
  0.9780  1.52827090
  0.9790  1.46306420
  0.9800  1.39982207
  0.9810  1.33856844
  0.9820  1.27932621
  0.9830  1.22211721
  0.9840  1.16696215
  0.9850  1.11388052
  0.9860  1.06289052
  0.9870  1.01400889
  0.9880  0.96725080
  0.9890  0.92262962
  0.9900  0.88015670
  0.9910  0.83984111
  0.9920  0.80168930
  0.9930  0.76570478
  0.9940  0.73188777
  0.9950  0.70023474
  0.9960  0.67073808
  0.9970  0.64338576
  0.9980  0.61816101
  0.9990  0.59504219
