  0.0000  36.62006795
  0.0010  36.58429942
  0.0020  36.47701278
  0.0030  36.29826488
  0.0040  36.04815045
  0.0050  35.72680201
  0.0060  35.33438989
  0.0070  34.87112207
  0.0080  34.33724415
  0.0090  33.73303919
  0.0100  33.05882763
  0.0110  32.31496710
  0.0120  31.50185230
  0.0130  30.61991481
  0.0140  29.66962293
  0.0150  28.65148149
  0.0160  27.56603164
  0.0170  26.41385069
  0.0180  25.19555192
  0.0190  23.91178448
  0.0200  22.56323324
  0.0210  21.15061889
  0.0220  19.67469809
  0.0230  18.13626404
  0.0240  16.53614760
  0.0250  14.87521957
  0.0260  13.15439540
  0.0270  11.37464514
  0.0280  9.53701647
  0.0290  7.64269507
  0.0300  5.69319658
  0.0310  3.69120797
  0.0320  1.64787053
  0.0330  0.59251809
  0.0340  2.68278916
  0.0350  4.89044085
  0.0360  7.15297891
  0.0370  9.46537404
  0.0380  11.82548469
  0.0390  14.23172484
  0.0400  16.68266345
  0.0410  19.17691602
  0.0420  21.71310696
  0.0430  24.28985452
  0.0440  26.90576408
  0.0450  29.55942511
  0.0460  32.24940991
  0.0470  34.97427313
  0.0480  37.73255183
  0.0490  40.52276586
  0.0500  43.34341831
  0.0510  46.19299615
  0.0520  49.06997089
  0.0530  51.97279936
  0.0540  54.89992447
  0.0550  57.84977601
  0.0560  60.82077147
  0.0570  63.81131691
  0.0580  66.81980784
  0.0590  69.84463005
  0.0600  72.88416053
  0.0610  75.93676836
  0.0620  79.00081564
  0.0630  82.07465837
  0.0640  85.15664743
  0.0650  88.24512943
  0.0660  91.33844773
  0.0670  94.43494333
  0.0680  97.53295582
  0.0690  100.63082435
  0.0700  103.72688856
  0.0710  106.81948954
  0.0720  109.90697078
  0.0730  112.98767914
  0.0740  116.05996576
  0.0750  119.12218709
  0.0760  122.17270575
  0.0770  125.20989155
  0.0780  128.23212241
  0.0790  131.23778529
  0.0800  134.22527714
  0.0810  137.19300583
  0.0820  140.13939111
  0.0830  143.06286545
  0.0840  145.96187503
  0.0850  148.83488062
  0.0860  151.68035846
  0.0870  154.49680115
  0.0880  157.28271855
  0.0890  160.03663863
  0.0900  162.75710832
  0.0910  165.44269435
  0.0920  168.09198412
  0.0930  170.70358643
  0.0940  173.27613238
  0.0950  175.80827610
  0.0960  178.29869552
  0.0970  180.74609315
  0.0980  183.14919681
  0.0990  185.50676035
  0.1000  187.81756437
  0.1010  190.08041688
  0.1020  192.29415397
  0.1030  194.45764049
  0.1040  196.56977066
  0.1050  198.62946866
  0.1060  200.63568925
  0.1070  202.58741832
  0.1080  204.48367343
  0.1090  206.32350434
  0.1100  208.10599353
  0.1110  209.83025663
  0.1120  211.49544293
  0.1130  213.10073578
  0.1140  214.64535299
  0.1150  216.12854726
  0.1160  217.54960649
  0.1170  218.90785414
  0.1180  220.20264953
  0.1190  221.43338816
  0.1200  222.59950192
  0.1210  223.70045937
  0.1220  224.73576594
  0.1230  225.70496411
  0.1240  226.60763357
  0.1250  227.44339137
  0.1260  228.21189203
  0.1270  228.91282762
  0.1280  229.54592783
  0.1290  230.11096000
  0.1300  230.60772912
  0.1310  231.03607787
  0.1320  231.39588650
  0.1330  231.68707286
  0.1340  231.90959224
  0.1350  232.06343730
  0.1360  232.14863794
  0.1370  232.16526111
  0.1380  232.11341069
  0.1390  231.99322721
  0.1400  231.80488771
  0.1410  231.54860542
  0.1420  231.22462954
  0.1430  230.83324495
  0.1440  230.37477185
  0.1450  229.84956550
  0.1460  229.25801582
  0.1470  228.60054702
  0.1480  227.87761726
  0.1490  227.08971819
  0.1500  226.23737452
  0.1510  225.32114363
  0.1520  224.34161506
  0.1530  223.29941004
  0.1540  222.19518103
  0.1550  221.02961116
  0.1560  219.80341373
  0.1570  218.51733169
  0.1580  217.17213704
  0.1590  215.76863031
  0.1600  214.30763994
  0.1610  212.79002173
  0.1620  211.21665820
  0.1630  209.58845798
  0.1640  207.90635520
  0.1650  206.17130885
  0.1660  204.38430212
  0.1670  202.54634175
  0.1680  200.65845739
  0.1690  198.72170089
  0.1700  196.73714565
  0.1710  194.70588592
  0.1720  192.62903611
  0.1730  190.50773011
  0.1740  188.34312054
  0.1750  186.13637810
  0.1760  183.88869082
  0.1770  181.60126335
  0.1780  179.27531626
  0.1790  176.91208527
  0.1800  174.51282058
  0.1810  172.07878611
  0.1820  169.61125879
  0.1830  167.11152780
  0.1840  164.58089387
  0.1850  162.02066854
  0.1860  159.43217341
  0.1870  156.81673946
  0.1880  154.17570625
  0.1890  151.51042124
  0.1900  148.82223906
  0.1910  146.11252077
  0.1920  143.38263314
  0.1930  140.63394793
  0.1940  137.86784117
  0.1950  135.08569247
  0.1960  132.28888426
  0.1970  129.47880114
  0.1980  126.65682911
  0.1990  123.82435495
  0.2000  120.98276544
  0.2010  118.13344674
  0.2020  115.27778366
  0.2030  112.41715900
  0.2040  109.55295286
  0.2050  106.68654201
  0.2060  103.81929916
  0.2070  100.95259234
  0.2080  98.08778427
  0.2090  95.22623167
  0.2100  92.36928466
  0.2110  89.51828608
  0.2120  86.67457093
  0.2130  83.83946569
  0.2140  81.01428777
  0.2150  78.20034486
  0.2160  75.39893437
  0.2170  72.61134284
  0.2180  69.83884536
  0.2190  67.08270502
  0.2200  64.34417238
  0.2210  61.62448490
  0.2220  58.92486645
  0.2230  56.24652679
  0.2240  53.59066114
  0.2250  50.95844966
  0.2260  48.35105710
  0.2270  45.76963238
  0.2280  43.21530828
  0.2290  40.68920119
  0.2300  38.19241096
  0.2310  35.72602083
  0.2320  33.29109766
  0.2330  30.88869230
  0.2340  28.51984042
  0.2350  26.18556401
  0.2360  23.88687382
  0.2370  21.62477341
  0.2380  19.40026609
  0.2390  17.21436690
  0.2400  15.06812431
  0.2410  12.96266177
  0.2420  10.89926355
  0.2430  8.87957091
  0.2440  6.90609690
  0.2450  4.98387934
  0.2460  3.12783133
  0.2470  1.42443988
  0.2480  1.03894616
  0.2490  2.53772468
  0.2500  4.19760837
  0.2510  5.84229785
  0.2520  7.44960005
  0.2530  9.01319061
  0.2540  10.53036103
  0.2550  11.99960504
  0.2560  13.41992103
  0.2570  14.79055872
  0.2580  16.11091197
  0.2590  17.38046803
  0.2600  18.59878143
  0.2610  19.76545961
  0.2620  20.88015467
  0.2630  21.94255826
  0.2640  22.95239849
  0.2650  23.90943785
  0.2660  24.81347185
  0.2670  25.66432813
  0.2680  26.46186579
  0.2690  27.20597492
  0.2700  27.89657625
  0.2710  28.53362093
  0.2720  29.11709023
  0.2730  29.64699546
  0.2740  30.12337771
  0.2750  30.54630778
  0.2760  30.91588598
  0.2770  31.23224198
  0.2780  31.49553470
  0.2790  31.70595210
  0.2800  31.86371102
  0.2810  31.96905701
  0.2820  32.02226414
  0.2830  32.02363474
  0.2840  31.97349924
  0.2850  31.87221588
  0.2860  31.72017049
  0.2870  31.51777621
  0.2880  31.26547317
  0.2890  30.96372826
  0.2900  30.61303475
  0.2910  30.21391197
  0.2920  29.76690497
  0.2930  29.27258415
  0.2940  28.73154490
  0.2950  28.14440715
  0.2960  27.51181498
  0.2970  26.83443623
  0.2980  26.11296200
  0.2990  25.34810619
  0.3000  24.54060509
  0.3010  23.69121680
  0.3020  22.80072082
  0.3030  21.86991743
  0.3040  20.89962726
  0.3050  19.89069069
  0.3060  18.84396729
  0.3070  17.76033529
  0.3080  16.64069100
  0.3090  15.48594820
  0.3100  14.29703761
  0.3110  13.07490631
  0.3120  11.82051716
  0.3130  10.53484839
  0.3140  9.21889322
  0.3150  7.87365990
  0.3160  6.50017257
  0.3170  5.09947482
  0.3180  3.67264345
  0.3190  2.22085977
  0.3200  0.74634622
  0.3210  0.75791643
  0.3220  2.27738742
  0.3230  3.81903500
  0.3240  5.38061840
  0.3250  6.96090665
  0.3260  8.55875587
  0.3270  10.17303851
  0.3280  11.80262977
  0.3290  13.44640407
  0.3300  15.10323428
  0.3310  16.77199176
  0.3320  18.45154674
  0.3330  20.14076895
  0.3340  21.83852819
  0.3350  23.54369504
  0.3360  25.25514153
  0.3370  26.97174184
  0.3380  28.69237300
  0.3390  30.41591557
  0.3400  32.14125435
  0.3410  33.86727909
  0.3420  35.59288512
  0.3430  37.31697408
  0.3440  39.03845455
  0.3450  40.75624274
  0.3460  42.46926313
  0.3470  44.17644912
  0.3480  45.87674364
  0.3490  47.56909982
  0.3500  49.25248155
  0.3510  50.92586410
  0.3520  52.58823471
  0.3530  54.23859318
  0.3540  55.87595240
  0.3550  57.49933891
  0.3560  59.10779346
  0.3570  60.70037149
  0.3580  62.27614367
  0.3590  63.83419635
  0.3600  65.37363211
  0.3610  66.89357012
  0.3620  68.39314669
  0.3630  69.87151560
  0.3640  71.32784859
  0.3650  72.76133572
  0.3660  74.17118576
  0.3670  75.55662653
  0.3680  76.91690530
  0.3690  78.25128905
  0.3700  79.55906484
  0.3710  80.83954007
  0.3720  82.09204277
  0.3730  83.31592187
  0.3740  84.51054742
  0.3750  85.67531084
  0.3760  86.80962511
  0.3770  87.91292496
  0.3780  88.98466707
  0.3790  90.02433022
  0.3800  91.03141538
  0.3810  92.00544590
  0.3820  92.94596760
  0.3830  93.85254884
  0.3840  94.72478059
  0.3850  95.56227653
  0.3860  96.36467304
  0.3870  97.13162927
  0.3880  97.86282711
  0.3890  98.55797122
  0.3900  99.21678900
  0.3910  99.83903053
  0.3920  100.42446857
  0.3930  100.97289845
  0.3940  101.48413801
  0.3950  101.95802754
  0.3960  102.39442961
  0.3970  102.79322901
  0.3980  103.15433260
  0.3990  103.47766919
  0.4000  103.76318933
  0.4010  104.01086522
  0.4020  104.22069046
  0.4030  104.39267994
  0.4040  104.52686957
  0.4050  104.62331612
  0.4060  104.68209700
  0.4070  104.70331001
  0.4080  104.68707312
  0.4090  104.63352422
  0.4100  104.54282087
  0.4110  104.41514007
  0.4120  104.25067793
  0.4130  104.04964944
  0.4140  103.81228820
  0.4150  103.53884608
  0.4160  103.22959298
  0.4170  102.88481649
  0.4180  102.50482161
  0.4190  102.08993044
  0.4200  101.64048184
  0.4210  101.15683113
  0.4220  100.63934977
  0.4230  100.08842502
  0.4240  99.50445959
  0.4250  98.88787135
  0.4260  98.23909297
  0.4270  97.55857156
  0.4280  96.84676834
  0.4290  96.10415831
  0.4300  95.33122987
  0.4310  94.52848450
  0.4320  93.69643638
  0.4330  92.83561204
  0.4340  91.94655005
  0.4350  91.02980057
  0.4360  90.08592509
  0.4370  89.11549601
  0.4380  88.11909629
  0.4390  87.09731911
  0.4400  86.05076749
  0.4410  84.98005393
  0.4420  83.88580005
  0.4430  82.76863623
  0.4440  81.62920126
  0.4450  80.46814194
  0.4460  79.28611275
  0.4470  78.08377549
  0.4480  76.86179888
  0.4490  75.62085826
  0.4500  74.36163515
  0.4510  73.08481697
  0.4520  71.79109660
  0.4530  70.48117210
  0.4540  69.15574627
  0.4550  67.81552634
  0.4560  66.46122361
  0.4570  65.09355305
  0.4580  63.71323301
  0.4590  62.32098478
  0.4600  60.91753230
  0.4610  59.50360176
  0.4620  58.07992128
  0.4630  56.64722052
  0.4640  55.20623033
  0.4650  53.75768244
  0.4660  52.30230903
  0.4670  50.84084244
  0.4680  49.37401480
  0.4690  47.90255766
  0.4700  46.42720166
  0.4710  44.94867617
  0.4720  43.46770896
  0.4730  41.98502581
  0.4740  40.50135022
  0.4750  39.01740302
  0.4760  37.53390203
  0.4770  36.05156176
  0.4780  34.57109300
  0.4790  33.09320254
  0.4800  31.61859280
  0.4810  30.14796152
  0.4820  28.68200139
  0.4830  27.22139975
  0.4840  25.76683826
  0.4850  24.31899257
  0.4860  22.87853200
  0.4870  21.44611922
  0.4880  20.02240998
  0.4890  18.60805279
  0.4900  17.20368866
  0.4910  15.80995084
  0.4920  14.42746462
  0.4930  13.05684717
  0.4940  11.69870752
  0.4950  10.35364673
  0.4960  9.02225847
  0.4970  7.70513041
  0.4980  6.40284777
  0.4990  5.11600222
  0.5000  3.84521871
  0.5010  2.59125931
  0.5020  1.35568811
  0.5030  0.17220354
  0.5040  1.07744123
  0.5050  2.25824374
  0.5060  3.42221659
  0.5070  4.56726677
  0.5080  5.69264394
  0.5090  6.79781314
  0.5100  7.88230825
  0.5110  8.94569693
  0.5120  9.98756938
  0.5130  11.00753402
  0.5140  12.00521562
  0.5150  12.98025456
  0.5160  13.93230639
  0.5170  14.86104170
  0.5180  15.76614617
  0.5190  16.64732049
  0.5200  17.50428053
  0.5210  18.33675736
  0.5220  19.14449737
  0.5230  19.92726233
  0.5240  20.68482949
  0.5250  21.41699168
  0.5260  22.12355734
  0.5270  22.80435060
  0.5280  23.45921135
  0.5290  24.08799527
  0.5300  24.69057386
  0.5310  25.26683448
  0.5320  25.81668034
  0.5330  26.34003055
  0.5340  26.83682005
  0.5350  27.30699962
  0.5360  27.75053589
  0.5370  28.16741121
  0.5380  28.55762369
  0.5390  28.92118706
  0.5400  29.25813066
  0.5410  29.56849928
  0.5420  29.85235315
  0.5430  30.10976775
  0.5440  30.34083373
  0.5450  30.54565678
  0.5460  30.72435748
  0.5470  30.87707113
  0.5480  31.00394761
  0.5490  31.10515120
  0.5500  31.18086038
  0.5510  31.23126766
  0.5520  31.25657933
  0.5530  31.25701528
  0.5540  31.23280879
  0.5550  31.18420623
  0.5560  31.11146687
  0.5570  31.01486261
  0.5580  30.89467773
  0.5590  30.75120857
  0.5600  30.58476332
  0.5610  30.39566167
  0.5620  30.18423456
  0.5630  29.95082386
  0.5640  29.69578206
  0.5650  29.41947194
  0.5660  29.12226628
  0.5670  28.80454751
  0.5680  28.46670740
  0.5690  28.10914669
  0.5700  27.73227478
  0.5710  27.33650935
  0.5720  26.92227606
  0.5730  26.49000816
  0.5740  26.04014616
  0.5750  25.57313746
  0.5760  25.08943601
  0.5770  24.58950195
  0.5780  24.07380126
  0.5790  23.54280542
  0.5800  22.99699106
  0.5810  22.43683959
  0.5820  21.86283694
  0.5830  21.27547316
  0.5840  20.67524216
  0.5850  20.06264141
  0.5860  19.43817164
  0.5870  18.80233663
  0.5880  18.15564296
  0.5890  17.49859985
  0.5900  16.83171904
  0.5910  16.15551476
  0.5920  15.47050373
  0.5930  14.77720538
  0.5940  14.07614218
  0.5950  13.36784020
  0.5960  12.65283007
  0.5970  11.93164834
  0.5980  11.20483961
  0.5990  10.47295966
  0.6000  9.73658024
  0.6010  8.99629640
  0.6020  8.25273798
  0.6030  7.50658823
  0.6040  6.75861496
  0.6050  6.00972517
  0.6060  5.26106626
  0.6070  4.51422674
  0.6080  3.77167086
  0.6090  3.03779050
  0.6100  2.32185474
  0.6110  1.64802463
  0.6120  1.09650423
  0.6130  0.92007793
  0.6140  1.28161257
  0.6150  1.89250560
  0.6160  2.57923541
  0.6170  3.29264073
  0.6180  4.01654080
  0.6190  4.74420110
  0.6200  5.47224213
  0.6210  6.19869776
  0.6220  6.92227881
  0.6230  7.64205411
  0.6240  8.35729767
  0.6250  9.06740936
  0.6260  9.77187100
  0.6270  10.47022076
  0.6280  11.16203755
  0.6290  11.84693117
  0.6300  12.52453586
  0.6310  13.19450601
  0.6320  13.85651315
  0.6330  14.51024395
  0.6340  15.15539864
  0.6350  15.79169003
  0.6360  16.41884261
  0.6370  17.03659204
  0.6380  17.64468463
  0.6390  18.24287700
  0.6400  18.83093583
  0.6410  19.40863757
  0.6420  19.97576832
  0.6430  20.53212362
  0.6440  21.07750836
  0.6450  21.61173664
  0.6460  22.13463164
  0.6470  22.64602559
  0.6480  23.14575959
  0.6490  23.63368361
  0.6500  24.10965636
  0.6510  24.57354519
  0.6520  25.02522607
  0.6530  25.46458344
  0.6540  25.89151020
  0.6550  26.30590755
  0.6560  26.70768499
  0.6570  27.09676017
  0.6580  27.47305885
  0.6590  27.83651478
  0.6600  28.18706966
  0.6610  28.52467302
  0.6620  28.84928212
  0.6630  29.16086190
  0.6640  29.45938488
  0.6650  29.74483106
  0.6660  30.01718782
  0.6670  30.27644986
  0.6680  30.52261908
  0.6690  30.75570451
  0.6700  30.97572220
  0.6710  31.18269516
  0.6720  31.37665321
  0.6730  31.55763295
  0.6740  31.72567764
  0.6750  31.88083710
  0.6760  32.02316763
  0.6770  32.15273192
  0.6780  32.26959896
  0.6790  32.37384395
  0.6800  32.46554820
  0.6810  32.54479903
  0.6820  32.61168973
  0.6830  32.66631942
  0.6840  32.70879296
  0.6850  32.73922093
  0.6860  32.75771944
  0.6870  32.76441012
  0.6880  32.75942002
  0.6890  32.74288149
  0.6900  32.71493213
  0.6910  32.67571467
  0.6920  32.62537692
  0.6930  32.56407165
  0.6940  32.49195654
  0.6950  32.40919404
  0.6960  32.31595134
  0.6970  32.21240026
  0.6980  32.09871715
  0.6990  31.97508281
  0.7000  31.84168241
  0.7010  31.69870539
  0.7020  31.54634540
  0.7030  31.38480015
  0.7040  31.21427137
  0.7050  31.03496470
  0.7060  30.84708959
  0.7070  30.65085921
  0.7080  30.44649037
  0.7090  30.23420338
  0.7100  30.01422198
  0.7110  29.78677326
  0.7120  29.55208749
  0.7130  29.31039808
  0.7140  29.06194143
  0.7150  28.80695685
  0.7160  28.54568643
  0.7170  28.27837491
  0.7180  28.00526962
  0.7190  27.72662029
  0.7200  27.44267897
  0.7210  27.15369991
  0.7220  26.85993941
  0.7230  26.56165569
  0.7240  26.25910880
  0.7250  25.95256043
  0.7260  25.64227378
  0.7270  25.32851347
  0.7280  25.01154533
  0.7290  24.69163631
  0.7300  24.36905430
  0.7310  24.04406796
  0.7320  23.71694661
  0.7330  23.38796007
  0.7340  23.05737843
  0.7350  22.72547200
  0.7360  22.39251105
  0.7370  22.05876568
  0.7380  21.72450565
  0.7390  21.39000023
  0.7400  21.05551797
  0.7410  20.72132657
  0.7420  20.38769270
  0.7430  20.05488180
  0.7440  19.72315790
  0.7450  19.39278346
  0.7460  19.06401917
  0.7470  18.73712378
  0.7480  18.41235386
  0.7490  18.08996371
  0.7500  17.77020509
  0.7510  17.45332705
  0.7520  17.13957579
  0.7530  16.82919439
  0.7540  16.52242272
  0.7550  16.21949716
  0.7560  15.92065048
  0.7570  15.62611163
  0.7580  15.33610556
  0.7590  15.05085302
  0.7600  14.77057042
  0.7610  14.49546961
  0.7620  14.22575773
  0.7630  13.96163704
  0.7640  13.70330471
  0.7650  13.45095270
  0.7660  13.20476756
  0.7670  12.96493031
  0.7680  12.73161622
  0.7690  12.50499472
  0.7700  12.28522921
  0.7710  12.07247692
  0.7720  11.86688881
  0.7730  11.66860936
  0.7740  11.47777651
  0.7750  11.29452150
  0.7760  11.11896877
  0.7770  10.95123580
  0.7780  10.79143309
  0.7790  10.63966395
  0.7800  10.49602452
  0.7810  10.36060357
  0.7820  10.23348250
  0.7830  10.11473524
  0.7840  10.00442817
  0.7850  9.90262007
  0.7860  9.80936207
  0.7870  9.72469759
  0.7880  9.64866231
  0.7890  9.58128416
  0.7900  9.52258326
  0.7910  9.47257192
  0.7920  9.43125464
  0.7930  9.39862810
  0.7940  9.37468117
  0.7950  9.35939494
  0.7960  9.35274272
  0.7970  9.35469009
  0.7980  9.36519495
  0.7990  9.38420752
  0.8000  9.41167047
  0.8010  9.44751893
  0.8020  9.49168058
  0.8030  9.54407574
  0.8040  9.60461743
  0.8050  9.67321152
  0.8060  9.74975679
  0.8070  9.83414504
  0.8080  9.92626127
  0.8090  10.02598372
  0.8100  10.13318407
  0.8110  10.24772759
  0.8120  10.36947322
  0.8130  10.49827380
  0.8140  10.63397619
  0.8150  10.77642147
  0.8160  10.92544508
  0.8170  11.08087702
  0.8180  11.24254207
  0.8190  11.41025991
  0.8200  11.58384538
  0.8210  11.76310867
  0.8220  11.94785551
  0.8230  12.13788740
  0.8240  12.33300179
  0.8250  12.53299238
  0.8260  12.73764926
  0.8270  12.94675918
  0.8280  13.16010575
  0.8290  13.37746974
  0.8300  13.59862923
  0.8310  13.82335990
  0.8320  14.05143526
  0.8330  14.28262687
  0.8340  14.51670461
  0.8350  14.75343691
  0.8360  14.99259100
  0.8370  15.23393314
  0.8380  15.47722886
  0.8390  15.72224323
  0.8400  15.96874108
  0.8410  16.21648724
  0.8420  16.46524679
  0.8430  16.71478529
  0.8440  16.96486902
  0.8450  17.21526523
  0.8460  17.46574232
  0.8470  17.71607014
  0.8480  17.96602015
  0.8490  18.21536567
  0.8500  18.46388212
  0.8510  18.71134718
  0.8520  18.95754105
  0.8530  19.20224664
  0.8540  19.44524975
  0.8550  19.68633928
  0.8560  19.92530743
  0.8570  20.16194988
  0.8580  20.39606595
  0.8590  20.62745879
  0.8600  20.85593557
  0.8610  21.08130757
  0.8620  21.30339041
  0.8630  21.52200417
  0.8640  21.73697351
  0.8650  21.94812783
  0.8660  22.15530138
  0.8670  22.35833341
  0.8680  22.55706823
  0.8690  22.75135537
  0.8700  22.94104964
  0.8710  23.12601125
  0.8720  23.30610585
  0.8730  23.48120466
  0.8740  23.65118448
  0.8750  23.81592779
  0.8760  23.97532280
  0.8770  24.12926347
  0.8780  24.27764956
  0.8790  24.42038666
  0.8800  24.55738623
  0.8810  24.68856555
  0.8820  24.81384782
  0.8830  24.93316208
  0.8840  25.04644322
  0.8850  25.15363200
  0.8860  25.25467499
  0.8870  25.34952455
  0.8880  25.43813880
  0.8890  25.52048155
  0.8900  25.59652230
  0.8910  25.66623614
  0.8920  25.72960369
  0.8930  25.78661106
  0.8940  25.83724975
  0.8950  25.88151659
  0.8960  25.91941362
  0.8970  25.95094803
  0.8980  25.97613207
  0.8990  25.99498292
  0.9000  26.00752259
  0.9010  26.01377784
  0.9020  26.01378005
  0.9030  26.00756508
  0.9040  25.99517319
  0.9050  25.97664888
  0.9060  25.95204080
  0.9070  25.92140159
  0.9080  25.88478775
  0.9090  25.84225954
  0.9100  25.79388080
  0.9110  25.73971887
  0.9120  25.67984437
  0.9130  25.61433115
  0.9140  25.54325608
  0.9150  25.46669898
  0.9160  25.38474240
  0.9170  25.29747155
  0.9180  25.20497413
  0.9190  25.10734018
  0.9200  25.00466198
  0.9210  24.89703388
  0.9220  24.78455219
  0.9230  24.66731503
  0.9240  24.54542222
  0.9250  24.41897513
  0.9260  24.28807658
  0.9270  24.15283068
  0.9280  24.01334276
  0.9290  23.86971921
  0.9300  23.72206740
  0.9310  23.57049553
  0.9320  23.41511259
  0.9330  23.25602817
  0.9340  23.09335245
  0.9350  22.92719605
  0.9360  22.75766995
  0.9370  22.58488542
  0.9380  22.40895391
  0.9390  22.22998701
  0.9400  22.04809635
  0.9410  21.86339355
  0.9420  21.67599012
  0.9430  21.48599745
  0.9440  21.29352671
  0.9450  21.09868885
  0.9460  20.90159450
  0.9470  20.70235395
  0.9480  20.50107711
  0.9490  20.29787351
  0.9500  20.09285220
  0.9510  19.88612178
  0.9520  19.67779037
  0.9530  19.46796557
  0.9540  19.25675446
  0.9550  19.04426359
  0.9560  18.83059895
  0.9570  18.61586601
  0.9580  18.40016966
  0.9590  18.18361425
  0.9600  17.96630359
  0.9610  17.74834093
  0.9620  17.52982899
  0.9630  17.31086995
  0.9640  17.09156547
  0.9650  16.87201671
  0.9660  16.65232434
  0.9670  16.43258851
  0.9680  16.21290893
  0.9690  15.99338485
  0.9700  15.77411506
  0.9710  15.55519795
  0.9720  15.33673147
  0.9730  15.11881317
  0.9740  14.90154025
  0.9750  14.68500950
  0.9760  14.46931734
  0.9770  14.25455988
  0.9780  14.04083285
  0.9790  13.82823166
  0.9800  13.61685138
  0.9810  13.40678676
  0.9820  13.19813223
  0.9830  12.99098188
  0.9840  12.78542947
  0.9850  12.58156846
  0.9860  12.37949194
  0.9870  12.17929265
  0.9880  11.98106299
  0.9890  11.78489495
  0.9900  11.59088016
  0.9910  11.39910981
  0.9920  11.20967466
  0.9930  11.02266500
  0.9940  10.83817063
  0.9950  10.65628082
  0.9960  10.47708428
  0.9970  10.30066914
  0.9980  10.12712285
  0.9990  9.95653221
