  0.0000  76.59975476
  0.0010  76.56266593
  0.0020  76.45141798
  0.0030  76.26606647
  0.0040  76.00670397
  0.0050  75.67346001
  0.0060  75.26650101
  0.0070  74.78603016
  0.0080  74.23228738
  0.0090  73.60554911
  0.0100  72.90612820
  0.0110  72.13437372
  0.0120  71.29067079
  0.0130  70.37544037
  0.0140  69.38913899
  0.0150  68.33225854
  0.0160  67.20532600
  0.0170  66.00890314
  0.0180  64.74358619
  0.0190  63.41000557
  0.0200  62.00882551
  0.0210  60.54074368
  0.0220  59.00649083
  0.0230  57.40683040
  0.0240  55.74255808
  0.0250  54.01450139
  0.0260  52.22351924
  0.0270  50.37050145
  0.0280  48.45636828
  0.0290  46.48206993
  0.0300  44.44858604
  0.0310  42.35692515
  0.0320  40.20812416
  0.0330  38.00324782
  0.0340  35.74338812
  0.0350  33.42966376
  0.0360  31.06321961
  0.0370  28.64522611
  0.0380  26.17687878
  0.0390  23.65939775
  0.0400  21.09402744
  0.0410  18.48203651
  0.0420  15.82471844
  0.0430  13.12339379
  0.0440  10.37941716
  0.0450  7.59420160
  0.0460  4.76933364
  0.0470  1.90774258
  0.0480  1.00563534
  0.0490  3.93679689
  0.0500  6.90733671
  0.0510  9.91128096
  0.0520  12.94680249
  0.0530  16.01232850
  0.0540  19.10632981
  0.0550  22.22728289
  0.0560  25.37365981
  0.0570  28.54392516
  0.0580  31.73653517
  0.0590  34.94993782
  0.0600  38.18257318
  0.0610  41.43287403
  0.0620  44.69926656
  0.0630  47.98017111
  0.0640  51.27400289
  0.0650  54.57917285
  0.0660  57.89408838
  0.0670  61.21715420
  0.0680  64.54677310
  0.0690  67.88134680
  0.0700  71.21927674
  0.0710  74.55896487
  0.0720  77.89881449
  0.0730  81.23723104
  0.0740  84.57262293
  0.0750  87.90340227
  0.0760  91.22798577
  0.0770  94.54479544
  0.0780  97.85225944
  0.0790  101.14881284
  0.0800  104.43289838
  0.0810  107.70296727
  0.0820  110.95747994
  0.0830  114.19490682
  0.0840  117.41372905
  0.0850  120.61243925
  0.0860  123.78954226
  0.0870  126.94355585
  0.0880  130.07301143
  0.0890  133.17645480
  0.0900  136.25244681
  0.0910  139.29956405
  0.0920  142.31639954
  0.0930  145.30156340
  0.0940  148.25368351
  0.0950  151.17140614
  0.0960  154.05339659
  0.0970  156.89833982
  0.0980  159.70494104
  0.0990  162.47192635
  0.1000  165.19804326
  0.1010  167.88206134
  0.1020  170.52277269
  0.1030  173.11899257
  0.1040  175.66955988
  0.1050  178.17333768
  0.1060  180.62921371
  0.1070  183.03610088
  0.1080  185.39293772
  0.1090  187.69868887
  0.1100  189.95234551
  0.1110  192.15292576
  0.1120  194.29947515
  0.1130  196.39106699
  0.1140  198.42680274
  0.1150  200.40581239
  0.1160  202.32725482
  0.1170  204.19031811
  0.1180  205.99421988
  0.1190  207.73820760
  0.1200  209.42155885
  0.1210  211.04358160
  0.1220  212.60361446
  0.1230  214.10102695
  0.1240  215.53521966
  0.1250  216.90562450
  0.1260  218.21170487
  0.1270  219.45295585
  0.1280  220.62890432
  0.1290  221.73910912
  0.1300  222.78316115
  0.1310  223.76068351
  0.1320  224.67133157
  0.1330  225.51479299
  0.1340  226.29078788
  0.1350  226.99906873
  0.1360  227.63942050
  0.1370  228.21166060
  0.1380  228.71563886
  0.1390  229.15123754
  0.1400  229.51837127
  0.1410  229.81698697
  0.1420  230.04706379
  0.1430  230.20861304
  0.1440  230.30167803
  0.1450  230.32633400
  0.1460  230.28268793
  0.1470  230.17087843
  0.1480  229.99107554
  0.1490  229.74348058
  0.1500  229.42832590
  0.1510  229.04587470
  0.1520  228.59642079
  0.1530  228.08028838
  0.1540  227.49783174
  0.1550  226.84943504
  0.1560  226.13551195
  0.1570  225.35650544
  0.1580  224.51288741
  0.1590  223.60515838
  0.1600  222.63384714
  0.1610  221.59951043
  0.1620  220.50273255
  0.1630  219.34412499
  0.1640  218.12432605
  0.1650  216.84400041
  0.1660  215.50383879
  0.1670  214.10455744
  0.1680  212.64689775
  0.1690  211.13162584
  0.1700  209.55953204
  0.1710  207.93143045
  0.1720  206.24815850
  0.1730  204.51057641
  0.1740  202.71956673
  0.1750  200.87603384
  0.1760  198.98090342
  0.1770  197.03512194
  0.1780  195.03965613
  0.1790  192.99549245
  0.1800  190.90363653
  0.1810  188.76511265
  0.1820  186.58096314
  0.1830  184.35224785
  0.1840  182.08004355
  0.1850  179.76544338
  0.1860  177.40955626
  0.1870  175.01350627
  0.1880  172.57843212
  0.1890  170.10548647
  0.1900  167.59583539
  0.1910  165.05065774
  0.1920  162.47114452
  0.1930  159.85849830
  0.1940  157.21393259
  0.1950  154.53867120
  0.1960  151.83394762
  0.1970  149.10100442
  0.1980  146.34109258
  0.1990  143.55547088
  0.2000  140.74540529
  0.2010  137.91216828
  0.2020  135.05703824
  0.2030  132.18129882
  0.2040  129.28623828
  0.2050  126.37314889
  0.2060  123.44332627
  0.2070  120.49806876
  0.2080  117.53867680
  0.2090  114.56645226
  0.2100  111.58269788
  0.2110  108.58871655
  0.2120  105.58581077
  0.2130  102.57528196
  0.2140  99.55842989
  0.2150  96.53655203
  0.2160  93.51094294
  0.2170  90.48289367
  0.2180  87.45369115
  0.2190  84.42461759
  0.2200  81.39694985
  0.2210  78.37195892
  0.2220  75.35090926
  0.2230  72.33505826
  0.2240  69.32565565
  0.2250  66.32394292
  0.2260  63.33115281
  0.2270  60.34850868
  0.2280  57.37722402
  0.2290  54.41850190
  0.2300  51.47353445
  0.2310  48.54350232
  0.2320  45.62957420
  0.2330  42.73290634
  0.2340  39.85464208
  0.2350  36.99591141
  0.2360  34.15783059
  0.2370  31.34150181
  0.2380  28.54801291
  0.2390  25.77843734
  0.2400  23.03383425
  0.2410  20.31524918
  0.2420  17.62371560
  0.2430  14.96025862
  0.2440  12.32590369
  0.2450  9.72169972
  0.2460  7.14879156
  0.2470  4.60872919
  0.2480  2.10595980
  0.2490  0.44209350
  0.2500  2.83140258
  0.2510  5.23304801
  0.2520  7.60106342
  0.2530  9.93278642
  0.2540  12.22701247
  0.2550  14.48282906
  0.2560  16.69942704
  0.2570  18.87605091
  0.2580  21.01198188
  0.2590  23.10653103
  0.2600  25.15903629
  0.2610  27.16886100
  0.2620  29.13539324
  0.2630  31.05804551
  0.2640  32.93625458
  0.2650  34.76948148
  0.2660  36.55721152
  0.2670  38.29895439
  0.2680  39.99424415
  0.2690  41.64263940
  0.2700  43.24372330
  0.2710  44.79710366
  0.2720  46.30241302
  0.2730  47.75930868
  0.2740  49.16747276
  0.2750  50.52661223
  0.2760  51.83645895
  0.2770  53.09676967
  0.2780  54.30732602
  0.2790  55.46793452
  0.2800  56.57842656
  0.2810  57.63865832
  0.2820  58.64851078
  0.2830  59.60788962
  0.2840  60.51672517
  0.2850  61.37497230
  0.2860  62.18261035
  0.2870  62.93964299
  0.2880  63.64609815
  0.2890  64.30202783
  0.2900  64.90750796
  0.2910  65.46263829
  0.2920  65.96754218
  0.2930  66.42236643
  0.2940  66.82728108
  0.2950  67.18247923
  0.2960  67.48817680
  0.2970  67.74461232
  0.2980  67.95204668
  0.2990  68.11076290
  0.3000  68.22106585
  0.3010  68.28328203
  0.3020  68.29775920
  0.3030  68.26486621
  0.3040  68.18499260
  0.3050  68.05854835
  0.3060  67.88596355
  0.3070  67.66768804
  0.3080  67.40419115
  0.3090  67.09596128
  0.3100  66.74350558
  0.3110  66.34734961
  0.3120  65.90803692
  0.3130  65.42612871
  0.3140  64.90220345
  0.3150  64.33685646
  0.3160  63.73069953
  0.3170  63.08436052
  0.3180  62.39848291
  0.3190  61.67372543
  0.3200  60.91076161
  0.3210  60.11027935
  0.3220  59.27298049
  0.3230  58.39958034
  0.3240  57.49080730
  0.3250  56.54740232
  0.3260  55.57011851
  0.3270  54.55972067
  0.3280  53.51698478
  0.3290  52.44269759
  0.3300  51.33765613
  0.3310  50.20266720
  0.3320  49.03854696
  0.3330  47.84612038
  0.3340  46.62622081
  0.3350  45.37968946
  0.3360  44.10737496
  0.3370  42.81013282
  0.3380  41.48882496
  0.3390  40.14431927
  0.3400  38.77748903
  0.3410  37.38921249
  0.3420  35.98037239
  0.3430  34.55185541
  0.3440  33.10455174
  0.3450  31.63935456
  0.3460  30.15715958
  0.3470  28.65886457
  0.3480  27.14536885
  0.3490  25.61757285
  0.3500  24.07637762
  0.3510  22.52268443
  0.3520  20.95739427
  0.3530  19.38140746
  0.3540  17.79562328
  0.3550  16.20093962
  0.3560  14.59825275
  0.3570  12.98845722
  0.3580  11.37244621
  0.3590  9.75111245
  0.3600  8.12535103
  0.3610  6.49606698
  0.3620  4.86419904
  0.3630  3.23081703
  0.3640  1.59781888
  0.3650  0.12095607
  0.3660  1.67973335
  0.3670  3.31075862
  0.3680  4.94065435
  0.3690  6.56766121
  0.3700  8.19077099
  0.3710  9.80911077
  0.3720  11.42185307
  0.3730  13.02819344
  0.3740  14.62734321
  0.3750  16.21852672
  0.3760  17.80098027
  0.3770  19.37395180
  0.3780  20.93670075
  0.3790  22.48849821
  0.3800  24.02862707
  0.3810  25.55638227
  0.3820  27.07107096
  0.3830  28.57201282
  0.3840  30.05854026
  0.3850  31.52999866
  0.3860  32.98574664
  0.3870  34.42515623
  0.3880  35.84761318
  0.3890  37.25251710
  0.3900  38.63928171
  0.3910  40.00733501
  0.3920  41.35611950
  0.3930  42.68509235
  0.3940  43.99372555
  0.3950  45.28150612
  0.3960  46.54793621
  0.3970  47.79253327
  0.3980  49.01483019
  0.3990  50.21437541
  0.4000  51.39073302
  0.4010  52.54348291
  0.4020  53.67222082
  0.4030  54.77655844
  0.4040  55.85612348
  0.4050  56.91055976
  0.4060  57.93952722
  0.4070  58.94270202
  0.4080  59.91977653
  0.4090  60.87045939
  0.4100  61.79447548
  0.4110  62.69156601
  0.4120  63.56148844
  0.4130  64.40401651
  0.4140  65.21894020
  0.4150  66.00606572
  0.4160  66.76521548
  0.4170  67.49622799
  0.4180  68.19895789
  0.4190  68.87327580
  0.4200  69.51906831
  0.4210  70.13623787
  0.4220  70.72470271
  0.4230  71.28439673
  0.4240  71.81526944
  0.4250  72.31728577
  0.4260  72.79042601
  0.4270  73.23468567
  0.4280  73.65007534
  0.4290  74.03662053
  0.4300  74.39436155
  0.4310  74.72335334
  0.4320  75.02366527
  0.4330  75.29538106
  0.4340  75.53859851
  0.4350  75.75342935
  0.4360  75.93999907
  0.4370  76.09844670
  0.4380  76.22892463
  0.4390  76.33159838
  0.4400  76.40664638
  0.4410  76.45425980
  0.4420  76.47464228
  0.4430  76.46800973
  0.4440  76.43459009
  0.4450  76.37462306
  0.4460  76.28835994
  0.4470  76.17606329
  0.4480  76.03800675
  0.4490  75.87447476
  0.4500  75.68576229
  0.4510  75.47217462
  0.4520  75.23402704
  0.4530  74.97164459
  0.4540  74.68536181
  0.4550  74.37552246
  0.4560  74.04247923
  0.4570  73.68659347
  0.4580  73.30823495
  0.4590  72.90778151
  0.4600  72.48561885
  0.4610  72.04214018
  0.4620  71.57774600
  0.4630  71.09284375
  0.4640  70.58784759
  0.4650  70.06317804
  0.4660  69.51926176
  0.4670  68.95653123
  0.4680  68.37542444
  0.4690  67.77638463
  0.4700  67.15986001
  0.4710  66.52630345
  0.4720  65.87617218
  0.4730  65.20992753
  0.4740  64.52803465
  0.4750  63.83096217
  0.4760  63.11918198
  0.4770  62.39316891
  0.4780  61.65340045
  0.4790  60.90035648
  0.4800  60.13451896
  0.4810  59.35637172
  0.4820  58.56640009
  0.4830  57.76509071
  0.4840  56.95293122
  0.4850  56.13040998
  0.4860  55.29801583
  0.4870  54.45623780
  0.4880  53.60556488
  0.4890  52.74648573
  0.4900  51.87948842
  0.4910  51.00506023
  0.4920  50.12368733
  0.4930  49.23585458
  0.4940  48.34204525
  0.4950  47.44274083
  0.4960  46.53842074
  0.4970  45.62956213
  0.4980  44.71663964
  0.4990  43.80012518
  0.5000  42.88048767
  0.5010  41.95819290
  0.5020  41.03370324
  0.5030  40.10747745
  0.5040  39.17997052
  0.5050  38.25163338
  0.5060  37.32291278
  0.5070  36.39425108
  0.5080  35.46608603
  0.5090  34.53885060
  0.5100  33.61297280
  0.5110  32.68887554
  0.5120  31.76697639
  0.5130  30.84768745
  0.5140  29.93141522
  0.5150  29.01856036
  0.5160  28.10951763
  0.5170  27.20467566
  0.5180  26.30441687
  0.5190  25.40911730
  0.5200  24.51914646
  0.5210  23.63486724
  0.5220  22.75663578
  0.5230  21.88480131
  0.5240  21.01970608
  0.5250  20.16168524
  0.5260  19.31106672
  0.5270  18.46817116
  0.5280  17.63331178
  0.5290  16.80679435
  0.5300  15.98891703
  0.5310  15.17997037
  0.5320  14.38023720
  0.5330  13.58999259
  0.5340  12.80950378
  0.5350  12.03903016
  0.5360  11.27882321
  0.5370  10.52912654
  0.5380  9.79017584
  0.5390  9.06219894
  0.5400  8.34541590
  0.5410  7.64003912
  0.5420  6.94627361
  0.5430  6.26431736
  0.5440  5.59436200
  0.5450  4.93659403
  0.5460  4.29119696
  0.5470  3.65835565
  0.5480  3.03826550
  0.5490  2.43115476
  0.5500  1.83734801
  0.5510  1.25749854
  0.5520  0.69392583
  0.5530  0.17800502
  0.5540  0.43298432
  0.5550  0.95145032
  0.5560  1.46359122
  0.5570  1.96363028
  0.5580  2.45054598
  0.5590  2.92398325
  0.5600  3.38376870
  0.5610  3.82979900
  0.5620  4.26200558
  0.5630  4.68034080
  0.5640  5.08477192
  0.5650  5.47527798
  0.5660  5.85184821
  0.5670  6.21448104
  0.5680  6.56318351
  0.5690  6.89797086
  0.5700  7.21886624
  0.5710  7.52590047
  0.5720  7.81911187
  0.5730  8.09854612
  0.5740  8.36425607
  0.5750  8.61630166
  0.5760  8.85474978
  0.5770  9.07967411
  0.5780  9.29115506
  0.5790  9.48927961
  0.5800  9.67414121
  0.5810  9.84583964
  0.5820  10.00448089
  0.5830  10.15017709
  0.5840  10.28304628
  0.5850  10.40321240
  0.5860  10.51080508
  0.5870  10.60595954
  0.5880  10.68881647
  0.5890  10.75952188
  0.5900  10.81822695
  0.5910  10.86508793
  0.5920  10.90026599
  0.5930  10.92392707
  0.5940  10.93624173
  0.5950  10.93738505
  0.5960  10.92753643
  0.5970  10.90687949
  0.5980  10.87560191
  0.5990  10.83389528
  0.6000  10.78195493
  0.6010  10.71997983
  0.6020  10.64817240
  0.6030  10.56673839
  0.6040  10.47588668
  0.6050  10.37582918
  0.6060  10.26678067
  0.6070  10.14895861
  0.6080  10.02258302
  0.6090  9.88787634
  0.6100  9.74506323
  0.6110  9.59437047
  0.6120  9.43602677
  0.6130  9.27026262
  0.6140  9.09731019
  0.6150  8.91740310
  0.6160  8.73077634
  0.6170  8.53766610
  0.6180  8.33830960
  0.6190  8.13294499
  0.6200  7.92181116
  0.6210  7.70514768
  0.6220  7.48319457
  0.6230  7.25619224
  0.6240  7.02438136
  0.6250  6.78800270
  0.6260  6.54729710
  0.6270  6.30250530
  0.6280  6.05386790
  0.6290  5.80162531
  0.6300  5.54601768
  0.6310  5.28728496
  0.6320  5.02566689
  0.6330  4.76140315
  0.6340  4.49473360
  0.6350  4.22589858
  0.6360  3.95513949
  0.6370  3.68269971
  0.6380  3.40882589
  0.6390  3.13377015
  0.6400  2.85779355
  0.6410  2.58117186
  0.6420  2.30420563
  0.6430  2.02723838
  0.6440  1.75069219
  0.6450  1.47514242
  0.6460  1.20149330
  0.6470  0.93145292
  0.6480  0.66910523
  0.6490  0.42782316
  0.6500  0.26891687
  0.6510  0.33741474
  0.6520  0.55273501
  0.6530  0.80299965
  0.6540  1.06246671
  0.6550  1.32451563
  0.6560  1.58673334
  0.6570  1.84798349
  0.6580  2.10761784
  0.6590  2.36520773
  0.6600  2.62043601
  0.6610  2.87304799
  0.6620  3.12282704
  0.6630  3.36958148
  0.6640  3.61313715
  0.6650  3.85333301
  0.6660  4.09001835
  0.6670  4.32305112
  0.6680  4.55229668
  0.6690  4.77762708
  0.6700  4.99892053
  0.6710  5.21606098
  0.6720  5.42893789
  0.6730  5.63744599
  0.6740  5.84148520
  0.6750  6.04096046
  0.6760  6.23578168
  0.6770  6.42586367
  0.6780  6.61112608
  0.6790  6.79149335
  0.6800  6.96689468
  0.6810  7.13726401
  0.6820  7.30253995
  0.6830  7.46266577
  0.6840  7.61758939
  0.6850  7.76726330
  0.6860  7.91164456
  0.6870  8.05069476
  0.6880  8.18437998
  0.6890  8.31267075
  0.6900  8.43554203
  0.6910  8.55297315
  0.6920  8.66494774
  0.6930  8.77145375
  0.6940  8.87248335
  0.6950  8.96803290
  0.6960  9.05810288
  0.6970  9.14269785
  0.6980  9.22182639
  0.6990  9.29550105
  0.7000  9.36373827
  0.7010  9.42655832
  0.7020  9.48398523
  0.7030  9.53604676
  0.7040  9.58277427
  0.7050  9.62420268
  0.7060  9.66037042
  0.7070  9.69131931
  0.7080  9.71709450
  0.7090  9.73774440
  0.7100  9.75332059
  0.7110  9.76387775
  0.7120  9.76947356
  0.7130  9.77016863
  0.7140  9.76602641
  0.7150  9.75711310
  0.7160  9.74349756
  0.7170  9.72525124
  0.7180  9.70244807
  0.7190  9.67516437
  0.7200  9.64347878
  0.7210  9.60747214
  0.7220  9.56722743
  0.7230  9.52282964
  0.7240  9.47436572
  0.7250  9.42192444
  0.7260  9.36559635
  0.7270  9.30547362
  0.7280  9.24165003
  0.7290  9.17422079
  0.7300  9.10328251
  0.7310  9.02893308
  0.7320  8.95127158
  0.7330  8.87039820
  0.7340  8.78641414
  0.7350  8.69942149
  0.7360  8.60952319
  0.7370  8.51682292
  0.7380  8.42142500
  0.7390  8.32343432
  0.7400  8.22295621
  0.7410  8.12009643
  0.7420  8.01496100
  0.7430  7.90765619
  0.7440  7.79828839
  0.7450  7.68696403
  0.7460  7.57378952
  0.7470  7.45887117
  0.7480  7.34231509
  0.7490  7.22422713
  0.7500  7.10471281
  0.7510  6.98387722
  0.7520  6.86182498
  0.7530  6.73866016
  0.7540  6.61448621
  0.7550  6.48940587
  0.7560  6.36352113
  0.7570  6.23693320
  0.7580  6.10974235
  0.7590  5.98204796
  0.7600  5.85394839
  0.7610  5.72554095
  0.7620  5.59692185
  0.7630  5.46818613
  0.7640  5.33942763
  0.7650  5.21073891
  0.7660  5.08221127
  0.7670  4.95393462
  0.7680  4.82599749
  0.7690  4.69848699
  0.7700  4.57148876
  0.7710  4.44508691
  0.7720  4.31936405
  0.7730  4.19440119
  0.7740  4.07027775
  0.7750  3.94707151
  0.7760  3.82485862
  0.7770  3.70371354
  0.7780  3.58370902
  0.7790  3.46491611
  0.7800  3.34740411
  0.7810  3.23124060
  0.7820  3.11649136
  0.7830  3.00322044
  0.7840  2.89149008
  0.7850  2.78136076
  0.7860  2.67289117
  0.7870  2.56613821
  0.7880  2.46115703
  0.7890  2.35800096
  0.7900  2.25672163
  0.7910  2.15736887
  0.7920  2.05999081
  0.7930  1.96463387
  0.7940  1.87134279
  0.7950  1.78016067
  0.7960  1.69112899
  0.7970  1.60428768
  0.7980  1.51967516
  0.7990  1.43732841
  0.8000  1.35728303
  0.8010  1.27957333
  0.8020  1.20423243
  0.8030  1.13129238
  0.8040  1.06078428
  0.8050  0.99273843
  0.8060  0.92718451
  0.8070  0.86415178
  0.8080  0.80366929
  0.8090  0.74576615
  0.8100  0.69047179
  0.8110  0.63781623
  0.8120  0.58783036
  0.8130  0.54054620
  0.8140  0.49599701
  0.8150  0.45421721
  0.8160  0.41524201
  0.8170  0.37910641
  0.8180  0.34584334
  0.8190  0.31548052
  0.8200  0.28803557
  0.8210  0.26350899
  0.8220  0.24187492
  0.8230  0.22307040
  0.8240  0.20698467
  0.8250  0.19345151
  0.8260  0.18224804
  0.8270  0.17310282
  0.8280  0.16571378
  0.8290  0.15977369
  0.8300  0.15499879
  0.8310  0.15115591
  0.8320  0.14808498
  0.8330  0.14571554
  0.8340  0.14407693
  0.8350  0.14330149
  0.8360  0.14361892
  0.8370  0.14533875
  0.8380  0.14881873
  0.8390  0.15442089
  0.8400  0.16246380
  0.8410  0.17318414
  0.8420  0.18671865
  0.8430  0.20310886
  0.8440  0.22232153
  0.8450  0.24427447
  0.8460  0.26885964
  0.8470  0.29595982
  0.8480  0.32545895
  0.8490  0.35724743
  0.8500  0.39122420
  0.8510  0.42729700
  0.8520  0.46538166
  0.8530  0.50540104
  0.8540  0.54728393
  0.8550  0.59096391
  0.8560  0.63637847
  0.8570  0.68346821
  0.8580  0.73217619
  0.8590  0.78244739
  0.8600  0.83422828
  0.8610  0.88746650
  0.8620  0.94211054
  0.8630  0.99810957
  0.8640  1.05541325
  0.8650  1.11397159
  0.8660  1.17373483
  0.8670  1.23465337
  0.8680  1.29667771
  0.8690  1.35975839
  0.8700  1.42384597
  0.8710  1.48889095
  0.8720  1.55484384
  0.8730  1.62165505
  0.8740  1.68927496
  0.8750  1.75765387
  0.8760  1.82674204
  0.8770  1.89648965
  0.8780  1.96684686
  0.8790  2.03776377
  0.8800  2.10919045
  0.8810  2.18107699
  0.8820  2.25337346
  0.8830  2.32602994
  0.8840  2.39899656
  0.8850  2.47222351
  0.8860  2.54566104
  0.8870  2.61925949
  0.8880  2.69296933
  0.8890  2.76674114
  0.8900  2.84052568
  0.8910  2.91427387
  0.8920  2.98793682
  0.8930  3.06146588
  0.8940  3.13481264
  0.8950  3.20792893
  0.8960  3.28076691
  0.8970  3.35327902
  0.8980  3.42541805
  0.8990  3.49713714
  0.9000  3.56838984
  0.9010  3.63913007
  0.9020  3.70931221
  0.9030  3.77889108
  0.9040  3.84782200
  0.9050  3.91606078
  0.9060  3.98356375
  0.9070  4.05028782
  0.9080  4.11619047
  0.9090  4.18122976
  0.9100  4.24536441
  0.9110  4.30855377
  0.9120  4.37075788
  0.9130  4.43193747
  0.9140  4.49205399
  0.9150  4.55106964
  0.9160  4.60894741
  0.9170  4.66565107
  0.9180  4.72114518
  0.9190  4.77539519
  0.9200  4.82836738
  0.9210  4.88002893
  0.9220  4.93034790
  0.9230  4.97929332
  0.9240  5.02683514
  0.9250  5.07294429
  0.9260  5.11759267
  0.9270  5.16075322
  0.9280  5.20239988
  0.9290  5.24250767
  0.9300  5.28105264
  0.9310  5.31801194
  0.9320  5.35336382
  0.9330  5.38708764
  0.9340  5.41916388
  0.9350  5.44957419
  0.9360  5.47830136
  0.9370  5.50532936
  0.9380  5.53064334
  0.9390  5.55422964
  0.9400  5.57607583
  0.9410  5.59617066
  0.9420  5.61450414
  0.9430  5.63106749
  0.9440  5.64585318
  0.9450  5.65885492
  0.9460  5.67006769
  0.9470  5.67948770
  0.9480  5.68711244
  0.9490  5.69294063
  0.9500  5.69697230
  0.9510  5.69920870
  0.9520  5.69965235
  0.9530  5.69830705
  0.9540  5.69517783
  0.9550  5.69027098
  0.9560  5.68359403
  0.9570  5.67515577
  0.9580  5.66496619
  0.9590  5.65303653
  0.9600  5.63937922
  0.9610  5.62400791
  0.9620  5.60693743
  0.9630  5.58818379
  0.9640  5.56776415
  0.9650  5.54569682
  0.9660  5.52200126
  0.9670  5.49669802
  0.9680  5.46980874
  0.9690  5.44135615
  0.9700  5.41136403
  0.9710  5.37985717
  0.9720  5.34686139
  0.9730  5.31240348
  0.9740  5.27651120
  0.9750  5.23921323
  0.9760  5.20053917
  0.9770  5.16051949
  0.9780  5.11918550
  0.9790  5.07656935
  0.9800  5.03270397
  0.9810  4.98762304
  0.9820  4.94136100
  0.9830  4.89395294
  0.9840  4.84543464
  0.9850  4.79584252
  0.9860  4.74521355
  0.9870  4.69358530
  0.9880  4.64099585
  0.9890  4.58748376
  0.9900  4.53308805
  0.9910  4.47784814
  0.9920  4.42180386
  0.9930  4.36499534
  0.9940  4.30746303
  0.9950  4.24924765
  0.9960  4.19039013
  0.9970  4.13093160
  0.9980  4.07091334
  0.9990  4.01037672
