  0.0000  103.71137976
  0.0010  103.72070179
  0.0020  103.74866399
  0.0030  103.79525461
  0.0040  103.86045412
  0.0050  103.94423517
  0.0060  104.04656260
  0.0070  104.16739349
  0.0080  104.30667711
  0.0090  104.46435500
  0.0100  104.64036097
  0.0110  104.83462111
  0.0120  105.04705382
  0.0130  105.27756983
  0.0140  105.52607227
  0.0150  105.79245665
  0.0160  106.07661094
  0.0170  106.37841556
  0.0180  106.69774347
  0.0190  107.03446020
  0.0200  107.38842386
  0.0210  107.75948524
  0.0220  108.14748784
  0.0230  108.55226790
  0.0240  108.97365449
  0.0250  109.41146956
  0.0260  109.86552799
  0.0270  110.33563766
  0.0280  110.82159951
  0.0290  111.32320763
  0.0300  111.84024930
  0.0310  112.37250507
  0.0320  112.91974887
  0.0330  113.48174802
  0.0340  114.05826337
  0.0350  114.64904937
  0.0360  115.25385413
  0.0370  115.87241952
  0.0380  116.50448127
  0.0390  117.14976904
  0.0400  117.80800652
  0.0410  118.47891154
  0.0420  119.16219614
  0.0430  119.85756669
  0.0440  120.56472399
  0.0450  121.28336336
  0.0460  122.01317474
  0.0470  122.75384282
  0.0480  123.50504715
  0.0490  124.26646220
  0.0500  125.03775754
  0.0510  125.81859791
  0.0520  126.60864334
  0.0530  127.40754930
  0.0540  128.21496676
  0.0550  129.03054237
  0.0560  129.85391855
  0.0570  130.68473361
  0.0580  131.52262189
  0.0590  132.36721389
  0.0600  133.21813638
  0.0610  134.07501254
  0.0620  134.93746207
  0.0630  135.80510138
  0.0640  136.67754366
  0.0650  137.55439903
  0.0660  138.43527469
  0.0670  139.31977506
  0.0680  140.20750191
  0.0690  141.09805446
  0.0700  141.99102960
  0.0710  142.88602197
  0.0720  143.78262410
  0.0730  144.68042659
  0.0740  145.57901824
  0.0750  146.47798616
  0.0760  147.37691596
  0.0770  148.27539187
  0.0780  149.17299690
  0.0790  150.06931297
  0.0800  150.96392106
  0.0810  151.85640139
  0.0820  152.74633350
  0.0830  153.63329647
  0.0840  154.51686902
  0.0850  155.39662969
  0.0860  156.27215697
  0.0870  157.14302943
  0.0880  158.00882594
  0.0890  158.86912573
  0.0900  159.72350861
  0.0910  160.57155506
  0.0920  161.41284643
  0.0930  162.24696509
  0.0940  163.07349451
  0.0950  163.89201949
  0.0960  164.70212628
  0.0970  165.50340269
  0.0980  166.29543830
  0.0990  167.07782458
  0.1000  167.85015501
  0.1010  168.61202528
  0.1020  169.36303338
  0.1030  170.10277979
  0.1040  170.83086761
  0.1050  171.54690269
  0.1060  172.25049378
  0.1070  172.94125270
  0.1080  173.61879442
  0.1090  174.28273726
  0.1100  174.93270302
  0.1110  175.56831707
  0.1120  176.18920854
  0.1130  176.79501046
  0.1140  177.38535983
  0.1150  177.95989784
  0.1160  178.51826993
  0.1170  179.06012597
  0.1180  179.58512035
  0.1190  180.09291216
  0.1200  180.58316527
  0.1210  181.05554846
  0.1220  181.50973560
  0.1230  181.94540567
  0.1240  182.36224300
  0.1250  182.75993729
  0.1260  183.13818378
  0.1270  183.49668337
  0.1280  183.83514269
  0.1290  184.15327426
  0.1300  184.45079657
  0.1310  184.72743422
  0.1320  184.98291797
  0.1330  185.21698492
  0.1340  185.42937855
  0.1350  185.61984885
  0.1360  185.78815242
  0.1370  185.93405255
  0.1380  186.05731932
  0.1390  186.15772970
  0.1400  186.23506766
  0.1410  186.28912419
  0.1420  186.31969745
  0.1430  186.32659284
  0.1440  186.30962306
  0.1450  186.26860820
  0.1460  186.20337582
  0.1470  186.11376101
  0.1480  185.99960649
  0.1490  185.86076264
  0.1500  185.69708759
  0.1510  185.50844727
  0.1520  185.29471550
  0.1530  185.05577399
  0.1540  184.79151247
  0.1550  184.50182869
  0.1560  184.18662846
  0.1570  183.84582576
  0.1580  183.47934271
  0.1590  183.08710969
  0.1600  182.66906529
  0.1610  182.22515643
  0.1620  181.75533834
  0.1630  181.25957461
  0.1640  180.73783721
  0.1650  180.19010654
  0.1660  179.61637140
  0.1670  179.01662909
  0.1680  178.39088533
  0.1690  177.73915434
  0.1700  177.06145886
  0.1710  176.35783008
  0.1720  175.62830773
  0.1730  174.87294004
  0.1740  174.09178376
  0.1750  173.28490410
  0.1760  172.45237482
  0.1770  171.59427813
  0.1780  170.71070472
  0.1790  169.80175376
  0.1800  168.86753281
  0.1810  167.90815791
  0.1820  166.92375344
  0.1830  165.91445218
  0.1840  164.88039523
  0.1850  163.82173200
  0.1860  162.73862016
  0.1870  161.63122561
  0.1880  160.49972244
  0.1890  159.34429287
  0.1900  158.16512724
  0.1910  156.96242390
  0.1920  155.73638921
  0.1930  154.48723746
  0.1940  153.21519082
  0.1950  151.92047925
  0.1960  150.60334050
  0.1970  149.26401997
  0.1980  147.90277068
  0.1990  146.51985319
  0.2000  145.11553553
  0.2010  143.69009311
  0.2020  142.24380865
  0.2030  140.77697210
  0.2040  139.28988052
  0.2050  137.78283806
  0.2060  136.25615579
  0.2070  134.71015166
  0.2080  133.14515041
  0.2090  131.56148341
  0.2100  129.95948864
  0.2110  128.33951052
  0.2120  126.70189986
  0.2130  125.04701369
  0.2140  123.37521523
  0.2150  121.68687369
  0.2160  119.98236424
  0.2170  118.26206783
  0.2180  116.52637111
  0.2190  114.77566629
  0.2200  113.01035103
  0.2210  111.23082832
  0.2220  109.43750633
  0.2230  107.63079830
  0.2240  105.81112245
  0.2250  103.97890176
  0.2260  102.13456392
  0.2270  100.27854116
  0.2280  98.41127013
  0.2290  96.53319175
  0.2300  94.64475109
  0.2310  92.74639722
  0.2320  90.83858307
  0.2330  88.92176533
  0.2340  86.99640426
  0.2350  85.06296356
  0.2360  83.12191027
  0.2370  81.17371460
  0.2380  79.21884981
  0.2390  77.25779204
  0.2400  75.29102022
  0.2410  73.31901594
  0.2420  71.34226328
  0.2430  69.36124871
  0.2440  67.37646099
  0.2450  65.38839103
  0.2460  63.39753181
  0.2470  61.40437825
  0.2480  59.40942718
  0.2490  57.41317724
  0.2500  55.41612885
  0.2510  53.41878417
  0.2520  51.42164715
  0.2530  49.42522357
  0.2540  47.43002111
  0.2550  45.43654960
  0.2560  43.44532123
  0.2570  41.45685094
  0.2580  39.47165702
  0.2590  37.49026182
  0.2600  35.51319282
  0.2610  33.54098416
  0.2620  31.57417866
  0.2630  29.61333082
  0.2640  27.65901093
  0.2650  25.71181128
  0.2660  23.77235517
  0.2670  21.84131074
  0.2680  19.91941258
  0.2690  18.00749679
  0.2700  16.10656008
  0.2710  14.21786483
  0.2720  12.34313680
  0.2730  10.48496736
  0.2740  8.64771303
  0.2750  6.83977991
  0.2760  5.08051721
  0.2770  3.42670094
  0.2780  2.10730835
  0.2790  1.94104985
  0.2800  3.09486348
  0.2810  4.66069624
  0.2820  6.32804286
  0.2830  8.02397133
  0.2840  9.72508050
  0.2850  11.42164633
  0.2860  13.10881187
  0.2870  14.78378744
  0.2880  16.44478042
  0.2890  18.09052755
  0.2900  19.72006869
  0.2910  21.33262835
  0.2920  22.92754972
  0.2930  24.50425588
  0.2940  26.06222605
  0.2950  27.60098049
  0.2960  29.12007065
  0.2970  30.61907251
  0.2980  32.09758199
  0.2990  33.55521182
  0.3000  34.99158922
  0.3010  36.40635426
  0.3020  37.79915871
  0.3030  39.16966513
  0.3040  40.51754624
  0.3050  41.84248442
  0.3060  43.14417142
  0.3070  44.42230802
  0.3080  45.67660389
  0.3090  46.90677745
  0.3100  48.11255576
  0.3110  49.29367449
  0.3120  50.44987785
  0.3130  51.58091857
  0.3140  52.68655792
  0.3150  53.76656572
  0.3160  54.82072032
  0.3170  55.84880865
  0.3180  56.85062624
  0.3190  57.82597725
  0.3200  58.77467450
  0.3210  59.69653951
  0.3220  60.59140253
  0.3230  61.45910256
  0.3240  62.29948742
  0.3250  63.11241375
  0.3260  63.89774705
  0.3270  64.65536173
  0.3280  65.38514110
  0.3290  66.08697744
  0.3300  66.76077198
  0.3310  67.40643497
  0.3320  68.02388565
  0.3330  68.61305232
  0.3340  69.17387231
  0.3350  69.70629200
  0.3360  70.21026686
  0.3370  70.68576142
  0.3380  71.13274929
  0.3390  71.55121315
  0.3400  71.94114476
  0.3410  72.30254495
  0.3420  72.63542362
  0.3430  72.93979969
  0.3440  73.21570113
  0.3450  73.46316493
  0.3460  73.68223706
  0.3470  73.87297248
  0.3480  74.03543506
  0.3490  74.16969761
  0.3500  74.27584180
  0.3510  74.35395816
  0.3520  74.40414599
  0.3530  74.42651337
  0.3540  74.42117709
  0.3550  74.38826259
  0.3560  74.32790395
  0.3570  74.24024376
  0.3580  74.12543314
  0.3590  73.98363164
  0.3600  73.81500716
  0.3610  73.61973594
  0.3620  73.39800243
  0.3630  73.14999923
  0.3640  72.87592705
  0.3650  72.57599460
  0.3660  72.25041849
  0.3670  71.89942320
  0.3680  71.52324096
  0.3690  71.12211165
  0.3700  70.69628272
  0.3710  70.24600912
  0.3720  69.77155315
  0.3730  69.27318441
  0.3740  68.75117967
  0.3750  68.20582277
  0.3760  67.63740453
  0.3770  67.04622261
  0.3780  66.43258143
  0.3790  65.79679204
  0.3800  65.13917199
  0.3810  64.46004526
  0.3820  63.75974210
  0.3830  63.03859891
  0.3840  62.29695816
  0.3850  61.53516820
  0.3860  60.75358320
  0.3870  59.95256298
  0.3880  59.13247292
  0.3890  58.29368380
  0.3900  57.43657166
  0.3910  56.56151775
  0.3920  55.66890831
  0.3930  54.75913447
  0.3940  53.83259218
  0.3950  52.88968198
  0.3960  51.93080898
  0.3970  50.95638266
  0.3980  49.96681679
  0.3990  48.96252929
  0.4000  47.94394214
  0.4010  46.91148127
  0.4020  45.86557643
  0.4030  44.80666115
  0.4040  43.73517259
  0.4050  42.65155154
  0.4060  41.55624233
  0.4070  40.44969279
  0.4080  39.33235423
  0.4090  38.20468149
  0.4100  37.06713295
  0.4110  35.92017065
  0.4120  34.76426039
  0.4130  33.59987201
  0.4140  32.42747962
  0.4150  31.24756204
  0.4160  30.06060335
  0.4170  28.86709359
  0.4180  27.66752975
  0.4190  26.46241701
  0.4200  25.25227051
  0.4210  24.03761754
  0.4220  22.81900064
  0.4230  21.59698177
  0.4240  20.37214799
  0.4250  19.14511943
  0.4260  17.91656060
  0.4270  16.68719667
  0.4280  15.45783754
  0.4290  14.22941422
  0.4300  13.00303552
  0.4310  11.78007935
  0.4320  10.56234562
  0.4330  9.35232413
  0.4340  8.15369037
  0.4350  6.97228288
  0.4360  5.81818025
  0.4370  4.71050309
  0.4380  3.68943736
  0.4390  2.84651307
  0.4400  2.37461066
  0.4410  2.48879102
  0.4420  3.12060590
  0.4430  4.02947831
  0.4440  5.06471229
  0.4450  6.15953468
  0.4460  7.28398592
  0.4470  8.42327041
  0.4480  9.56931710
  0.4490  10.71731736
  0.4500  11.86417817
  0.4510  13.00777245
  0.4520  14.14654904
  0.4530  15.27931726
  0.4540  16.40512180
  0.4550  17.52316674
  0.4560  18.63276782
  0.4570  19.73332133
  0.4580  20.82428340
  0.4590  21.90515579
  0.4600  22.97547598
  0.4610  24.03481010
  0.4620  25.08274781
  0.4630  26.11889856
  0.4640  27.14288879
  0.4650  28.15435982
  0.4660  29.15296629
  0.4670  30.13837492
  0.4680  31.11026356
  0.4690  32.06832048
  0.4700  33.01224381
  0.4710  33.94174107
  0.4720  34.85652888
  0.4730  35.75633261
  0.4740  36.64088624
  0.4750  37.50993216
  0.4760  38.36322106
  0.4770  39.20051180
  0.4780  40.02157140
  0.4790  40.82617491
  0.4800  41.61410542
  0.4810  42.38515401
  0.4820  43.13911972
  0.4830  43.87580958
  0.4840  44.59503855
  0.4850  45.29662955
  0.4860  45.98041346
  0.4870  46.64622908
  0.4880  47.29392321
  0.4890  47.92335057
  0.4900  48.53437387
  0.4910  49.12686379
  0.4920  49.70069896
  0.4930  50.25576599
  0.4940  50.79195948
  0.4950  51.30918199
  0.4960  51.80734404
  0.4970  52.28636413
  0.4980  52.74616872
  0.4990  53.18669221
  0.5000  53.60787693
  0.5010  54.00967316
  0.5020  54.39203907
  0.5030  54.75494072
  0.5040  55.09835203
  0.5050  55.42225477
  0.5060  55.72663855
  0.5070  56.01150071
  0.5080  56.27684640
  0.5090  56.52268846
  0.5100  56.74904741
  0.5110  56.95595142
  0.5120  57.14343624
  0.5130  57.31154519
  0.5140  57.46032907
  0.5150  57.58984614
  0.5160  57.70016206
  0.5170  57.79134980
  0.5180  57.86348964
  0.5190  57.91666903
  0.5200  57.95098261
  0.5210  57.96653206
  0.5220  57.96342610
  0.5230  57.94178036
  0.5240  57.90171734
  0.5250  57.84336631
  0.5260  57.76686324
  0.5270  57.67235072
  0.5280  57.55997786
  0.5290  57.42990020
  0.5300  57.28227965
  0.5310  57.11728434
  0.5320  56.93508860
  0.5330  56.73587279
  0.5340  56.51982324
  0.5350  56.28713213
  0.5360  56.03799741
  0.5370  55.77262266
  0.5380  55.49121702
  0.5390  55.19399503
  0.5400  54.88117657
  0.5410  54.55298671
  0.5420  54.20965563
  0.5430  53.85141843
  0.5440  53.47851511
  0.5450  53.09119038
  0.5460  52.68969355
  0.5470  52.27427841
  0.5480  51.84520313
  0.5490  51.40273008
  0.5500  50.94712577
  0.5510  50.47866064
  0.5520  49.99760901
  0.5530  49.50424890
  0.5540  48.99886189
  0.5550  48.48173303
  0.5560  47.95315066
  0.5570  47.41340633
  0.5580  46.86279460
  0.5590  46.30161294
  0.5600  45.73016158
  0.5610  45.14874339
  0.5620  44.55766373
  0.5630  43.95723031
  0.5640  43.34775305
  0.5650  42.72954394
  0.5660  42.10291692
  0.5670  41.46818771
  0.5680  40.82567369
  0.5690  40.17569378
  0.5700  39.51856826
  0.5710  38.85461865
  0.5720  38.18416761
  0.5730  37.50753873
  0.5740  36.82505646
  0.5750  36.13704595
  0.5760  35.44383292
  0.5770  34.74574352
  0.5780  34.04310422
  0.5790  33.33624166
  0.5800  32.62548257
  0.5810  31.91115357
  0.5820  31.19358112
  0.5830  30.47309140
  0.5840  29.75001015
  0.5850  29.02466260
  0.5860  28.29737337
  0.5870  27.56846637
  0.5880  26.83826471
  0.5890  26.10709060
  0.5900  25.37526532
  0.5910  24.64310914
  0.5920  23.91094127
  0.5930  23.17907984
  0.5940  22.44784188
  0.5950  21.71754336
  0.5960  20.98849920
  0.5970  20.26102335
  0.5980  19.53542893
  0.5990  18.81202838
  0.6000  18.09113366
  0.6010  17.37305662
  0.6020  16.65810936
  0.6030  15.94660479
  0.6040  15.23885732
  0.6050  14.53518377
  0.6060  13.83590458
  0.6070  13.14134534
  0.6080  12.45183888
  0.6090  11.76772797
  0.6100  11.08936902
  0.6110  10.41713704
  0.6120  9.75143248
  0.6130  9.09269077
  0.6140  8.44139587
  0.6150  7.79809983
  0.6160  7.16345180
  0.6170  6.53824188
  0.6180  5.92346945
  0.6190  5.32045288
  0.6200  4.73101180
  0.6210  4.15778142
  0.6220  3.60477596
  0.6230  3.07843629
  0.6240  2.58962025
  0.6250  2.15728196
  0.6260  1.81407183
  0.6270  1.60859561
  0.6280  1.58560849
  0.6290  1.74367592
  0.6300  2.03369790
  0.6310  2.40211135
  0.6320  2.81288960
  0.6330  3.24527443
  0.6340  3.68751519
  0.6350  4.13274108
  0.6360  4.57674306
  0.6370  5.01681692
  0.6380  5.45114626
  0.6390  5.87846106
  0.6400  6.29784096
  0.6410  6.70859755
  0.6420  7.11020138
  0.6430  7.50223535
  0.6440  7.88436391
  0.6450  8.25631237
  0.6460  8.61785260
  0.6470  8.96879288
  0.6480  9.30897070
  0.6490  9.63824747
  0.6500  9.95650453
  0.6510  10.26364031
  0.6520  10.55956796
  0.6530  10.84421368
  0.6540  11.11751537
  0.6550  11.37942151
  0.6560  11.62989034
  0.6570  11.86888916
  0.6580  12.09639374
  0.6590  12.31238791
  0.6600  12.51686312
  0.6610  12.70981813
  0.6620  12.89125874
  0.6630  13.06119754
  0.6640  13.21965370
  0.6650  13.36665279
  0.6660  13.50222661
  0.6670  13.62641304
  0.6680  13.73925589
  0.6690  13.84080483
  0.6700  13.93111517
  0.6710  14.01024786
  0.6720  14.07826930
  0.6730  14.13525127
  0.6740  14.18127086
  0.6750  14.21641029
  0.6760  14.24075692
  0.6770  14.25440308
  0.6780  14.25744600
  0.6790  14.24998774
  0.6800  14.23213505
  0.6810  14.20399933
  0.6820  14.16569653
  0.6830  14.11734702
  0.6840  14.05907553
  0.6850  13.99101107
  0.6860  13.91328681
  0.6870  13.82603998
  0.6880  13.72941183
  0.6890  13.62354746
  0.6900  13.50859578
  0.6910  13.38470941
  0.6920  13.25204457
  0.6930  13.11076096
  0.6940  12.96102171
  0.6950  12.80299328
  0.6960  12.63684532
  0.6970  12.46275060
  0.6980  12.28088492
  0.6990  12.09142700
  0.7000  11.89455841
  0.7010  11.69046343
  0.7020  11.47932897
  0.7030  11.26134453
  0.7040  11.03670203
  0.7050  10.80559577
  0.7060  10.56822234
  0.7070  10.32478052
  0.7080  10.07547123
  0.7090  9.82049743
  0.7100  9.56006410
  0.7110  9.29437814
  0.7120  9.02364837
  0.7130  8.74808546
  0.7140  8.46790198
  0.7150  8.18331237
  0.7160  7.89453302
  0.7170  7.60178236
  0.7180  7.30528099
  0.7190  7.00525189
  0.7200  6.70192077
  0.7210  6.39551646
  0.7220  6.08627158
  0.7230  5.77442334
  0.7240  5.46021477
  0.7250  5.14389645
  0.7260  4.82572888
  0.7270  4.50598601
  0.7280  4.18496047
  0.7290  3.86297139
  0.7300  3.54037653
  0.7310  3.21759180
  0.7320  2.89512360
  0.7330  2.57362490
  0.7340  2.25399793
  0.7350  1.93759393
  0.7360  1.62663187
  0.7370  1.32515617
  0.7380  1.04144145
  0.7390  0.79440953
  0.7400  0.62804375
  0.7410  0.61080080
  0.7420  0.75160502
  0.7430  0.98353535
  0.7440  1.25590093
  0.7450  1.54634473
  0.7460  1.84526336
  0.7470  2.14808078
  0.7480  2.45235148
  0.7490  2.75662663
  0.7500  3.05996712
  0.7510  3.36171493
  0.7520  3.66137717
  0.7530  3.95856331
  0.7540  4.25294944
  0.7550  4.54425678
  0.7560  4.83223841
  0.7570  5.11667075
  0.7580  5.39734786
  0.7590  5.67407767
  0.7600  5.94667928
  0.7610  6.21498116
  0.7620  6.47881977
  0.7630  6.73803862
  0.7640  6.99248753
  0.7650  7.24202216
  0.7660  7.48650356
  0.7670  7.72579792
  0.7680  7.95977631
  0.7690  8.18831457
  0.7700  8.41129313
  0.7710  8.62859694
  0.7720  8.84011542
  0.7730  9.04574235
  0.7740  9.24537591
  0.7750  9.43891859
  0.7760  9.62627720
  0.7770  9.80736284
  0.7780  9.98209091
  0.7790  10.15038112
  0.7800  10.31215743
  0.7810  10.46734810
  0.7820  10.61588569
  0.7830  10.75770701
  0.7840  10.89275320
  0.7850  11.02096964
  0.7860  11.14230603
  0.7870  11.25671634
  0.7880  11.36415882
  0.7890  11.46459600
  0.7900  11.55799468
  0.7910  11.64432593
  0.7920  11.72356508
  0.7930  11.79569169
  0.7940  11.86068958
  0.7950  11.91854677
  0.7960  11.96925551
  0.7970  12.01281223
  0.7980  12.04921753
  0.7990  12.07847617
  0.8000  12.10059703
  0.8010  12.11559310
  0.8020  12.12348146
  0.8030  12.12428323
  0.8040  12.11802355
  0.8050  12.10473157
  0.8060  12.08444038
  0.8070  12.05718699
  0.8080  12.02301231
  0.8090  11.98196111
  0.8100  11.93408193
  0.8110  11.87942712
  0.8120  11.81805272
  0.8130  11.75001847
  0.8140  11.67538774
  0.8150  11.59422747
  0.8160  11.50660816
  0.8170  11.41260378
  0.8180  11.31229175
  0.8190  11.20575286
  0.8200  11.09307124
  0.8210  10.97433428
  0.8220  10.84963262
  0.8230  10.71906002
  0.8240  10.58271340
  0.8250  10.44069269
  0.8260  10.29310084
  0.8270  10.14004373
  0.8280  9.98163013
  0.8290  9.81797162
  0.8300  9.64918258
  0.8310  9.47538009
  0.8320  9.29668390
  0.8330  9.11321639
  0.8340  8.92510253
  0.8350  8.73246979
  0.8360  8.53544819
  0.8370  8.33417018
  0.8380  8.12877068
  0.8390  7.91938708
  0.8400  7.70615917
  0.8410  7.48922926
  0.8420  7.26874213
  0.8430  7.04484515
  0.8440  6.81768836
  0.8450  6.58742463
  0.8460  6.35420983
  0.8470  6.11820310
  0.8480  5.87956720
  0.8490  5.63846901
  0.8500  5.39508010
  0.8510  5.14957766
  0.8520  4.90214554
  0.8530  4.65297586
  0.8540  4.40227107
  0.8550  4.15024687
  0.8560  3.89713627
  0.8570  3.64319544
  0.8580  3.38871213
  0.8590  3.13401822
  0.8600  2.87950885
  0.8610  2.62567227
  0.8620  2.37313816
  0.8630  2.12275844
  0.8640  1.87574810
  0.8650  1.63394116
  0.8660  1.40027653
  0.8670  1.17975085
  0.8680  0.98127674
  0.8690  0.82082716
  0.8700  0.72371345
  0.8710  0.71553562
  0.8720  0.79825609
  0.8730  0.94756841
  0.8740  1.13673686
  0.8750  1.34830761
  0.8760  1.57249903
  0.8770  1.80386508
  0.8780  2.03923729
  0.8790  2.27666318
  0.8800  2.51486736
  0.8810  2.75296939
  0.8820  2.99032974
  0.8830  3.22646194
  0.8840  3.46098039
  0.8850  3.69356818
  0.8860  3.92395674
  0.8870  4.15191235
  0.8880  4.37722722
  0.8890  4.59971327
  0.8900  4.81919784
  0.8910  5.03552056
  0.8920  5.24853117
  0.8930  5.45808784
  0.8940  5.66405595
  0.8950  5.86630723
  0.8960  6.06471899
  0.8970  6.25917364
  0.8980  6.44955828
  0.8990  6.63576440
  0.9000  6.81768757
  0.9010  6.99522736
  0.9020  7.16828711
  0.9030  7.33677384
  0.9040  7.50059819
  0.9050  7.65967432
  0.9060  7.81391988
  0.9070  7.96325594
  0.9080  8.10760703
  0.9090  8.24690103
  0.9100  8.38106923
  0.9110  8.51004628
  0.9120  8.63377021
  0.9130  8.75218238
  0.9140  8.86522756
  0.9150  8.97285383
  0.9160  9.07501268
  0.9170  9.17165893
  0.9180  9.26275079
  0.9190  9.34824983
  0.9200  9.42812099
  0.9210  9.50233260
  0.9220  9.57085633
  0.9230  9.63366726
  0.9240  9.69074382
  0.9250  9.74206781
  0.9260  9.78762442
  0.9270  9.82740217
  0.9280  9.86139296
  0.9290  9.88959204
  0.9300  9.91199800
  0.9310  9.92861275
  0.9320  9.93944155
  0.9330  9.94449296
  0.9340  9.94377885
  0.9350  9.93731434
  0.9360  9.92511788
  0.9370  9.90721112
  0.9380  9.88361898
  0.9390  9.85436959
  0.9400  9.81949429
  0.9410  9.77902758
  0.9420  9.73300712
  0.9430  9.68147374
  0.9440  9.62447134
  0.9450  9.56204694
  0.9460  9.49425062
  0.9470  9.42113551
  0.9480  9.34275774
  0.9490  9.25917648
  0.9500  9.17045383
  0.9510  9.07665487
  0.9520  8.97784760
  0.9530  8.87410294
  0.9540  8.76549471
  0.9550  8.65209959
  0.9560  8.53399714
  0.9570  8.41126978
  0.9580  8.28400277
  0.9590  8.15228424
  0.9600  8.01620518
  0.9610  7.87585945
  0.9620  7.73134381
  0.9630  7.58275799
  0.9640  7.43020467
  0.9650  7.27378962
  0.9660  7.11362175
  0.9670  6.94981322
  0.9680  6.78247963
  0.9690  6.61174012
  0.9700  6.43771768
  0.9710  6.26053939
  0.9720  6.08033677
  0.9730  5.89724626
  0.9740  5.71140970
  0.9750  5.52297510
  0.9760  5.33209744
  0.9770  5.13893978
  0.9780  4.94367465
  0.9790  4.74648577
  0.9800  4.54757035
  0.9810  4.34714192
  0.9820  4.14543420
  0.9830  3.94270599
  0.9840  3.73924779
  0.9850  3.53539062
  0.9860  3.33151796
  0.9870  3.12808214
  0.9880  2.92562697
  0.9890  2.72481947
  0.9900  2.52649472
  0.9910  2.33171962
  0.9920  2.14188382
  0.9930  1.95882810
  0.9940  1.78502083
  0.9950  1.62378444
  0.9960  1.47954207
  0.9970  1.35797112
  0.9980  1.26580009
  0.9990  1.20985982
