0 2.51464
0.001 2.51388
0.002 2.51159
0.003 2.50779
0.004 2.50246
0.005 2.49562
0.006 2.48726
0.007 2.47739
0.008 2.46603
0.009 2.45316
0.01 2.4388
0.011 2.42297
0.012 2.40565
0.013 2.38687
0.014 2.36664
0.015 2.34497
0.016 2.32186
0.017 2.29733
0.018 2.2714
0.019 2.24407
0.02 2.21536
0.021 2.18529
0.022 2.15388
0.023 2.12113
0.024 2.08708
0.025 2.05173
0.026 2.0151
0.027 1.97722
0.028 1.9381
0.029 1.89777
0.03 1.85624
0.031 1.81354
0.032 1.7697
0.033 1.72473
0.034 1.67865
0.035 1.6315
0.036 1.5833
0.037 1.53407
0.038 1.48384
0.039 1.43263
0.04 1.38048
0.041 1.3274
0.042 1.27344
0.043 1.21861
0.044 1.16294
0.045 1.10646
0.046 1.04921
0.047 0.991211
0.048 0.932494
0.049 0.873089
0.05 0.813027
0.051 0.752339
0.052 0.691056
0.053 0.629211
0.054 0.566833
0.055 0.503956
0.056 0.440612
0.057 0.376831
0.058 0.312648
0.059 0.248094
0.06 0.183202
0.061 0.118005
0.062 0.052535
0.063 0.013175
0.064 0.0790921
0.065 0.145183
0.066 0.211416
0.067 0.277758
0.068 0.344176
0.069 0.410637
0.07 0.477109
0.071 0.543559
0.072 0.609956
0.073 0.676266
0.074 0.742458
0.075 0.8085
0.076 0.874361
0.077 0.940009
0.078 1.00541
0.079 1.07054
0.08 1.13536
0.081 1.19985
0.082 1.26397
0.083 1.3277
0.084 1.39099
0.085 1.45384
0.086 1.5162
0.087 1.57805
0.088 1.63936
0.089 1.70011
0.09 1.76026
0.091 1.81979
0.092 1.87867
0.093 1.93688
0.094 1.99439
0.095 2.05118
0.096 2.10723
0.097 2.1625
0.098 2.21698
0.099 2.27064
0.1 2.32347
0.101 2.37543
0.102 2.42652
0.103 2.4767
0.104 2.52596
0.105 2.57428
0.106 2.62165
0.107 2.66803
0.108 2.71342
0.109 2.7578
0.11 2.80116
0.111 2.84347
0.112 2.88472
0.113 2.9249
0.114 2.96399
0.115 3.00199
0.116 3.03888
0.117 3.07464
0.118 3.10927
0.119 3.14276
0.12 3.1751
0.121 3.20627
0.122 3.23628
0.123 3.2651
0.124 3.29274
0.125 3.3192
0.126 3.34445
0.127 3.36851
0.128 3.39136
0.129 3.413
0.13 3.43342
0.131 3.45264
0.132 3.47064
0.133 3.48742
0.134 3.50299
0.135 3.51734
0.136 3.53047
0.137 3.54239
0.138 3.5531
0.139 3.56261
0.14 3.5709
0.141 3.578
0.142 3.5839
0.143 3.58861
0.144 3.59213
0.145 3.59448
0.146 3.59565
0.147 3.59566
0.148 3.59452
0.149 3.59222
0.15 3.58879
0.151 3.58424
0.152 3.57856
0.153 3.57178
0.154 3.5639
0.155 3.55494
0.156 3.5449
0.157 3.53381
0.158 3.52167
0.159 3.5085
0.16 3.49431
0.161 3.47911
0.162 3.46293
0.163 3.44577
0.164 3.42765
0.165 3.40859
0.166 3.3886
0.167 3.3677
0.168 3.34591
0.169 3.32324
0.17 3.29972
0.171 3.27535
0.172 3.25016
0.173 3.22416
0.174 3.19738
0.175 3.16983
0.176 3.14153
0.177 3.1125
0.178 3.08276
0.179 3.05233
0.18 3.02123
0.181 2.98948
0.182 2.9571
0.183 2.9241
0.184 2.89051
0.185 2.85636
0.186 2.82165
0.187 2.78641
0.188 2.75066
0.189 2.71442
0.19 2.67771
0.191 2.64055
0.192 2.60297
0.193 2.56497
0.194 2.52659
0.195 2.48785
0.196 2.44875
0.197 2.40933
0.198 2.36961
0.199 2.3296
0.2 2.28932
0.201 2.2488
0.202 2.20805
0.203 2.16709
0.204 2.12595
0.205 2.08464
0.206 2.04319
0.207 2.0016
0.208 1.9599
0.209 1.91812
0.21 1.87626
0.211 1.83434
0.212 1.79239
0.213 1.75043
0.214 1.70846
0.215 1.6665
0.216 1.62459
0.217 1.58272
0.218 1.54092
0.219 1.4992
0.22 1.45759
0.221 1.41609
0.222 1.37472
0.223 1.3335
0.224 1.29245
0.225 1.25157
0.226 1.21088
0.227 1.17039
0.228 1.13013
0.229 1.09009
0.23 1.05031
0.231 1.01078
0.232 0.971522
0.233 0.932548
0.234 0.89387
0.235 0.855498
0.236 0.817445
0.237 0.77972
0.238 0.742335
0.239 0.705299
0.24 0.668623
0.241 0.632316
0.242 0.596387
0.243 0.560844
0.244 0.525698
0.245 0.490954
0.246 0.456623
0.247 0.42271
0.248 0.389223
0.249 0.356168
0.25 0.323554
0.251 0.291384
0.252 0.259666
0.253 0.228405
0.254 0.197605
0.255 0.167273
0.256 0.137411
0.257 0.108026
0.258 0.079119
0.259 0.0506954
0.26 0.0227581
0.261 0.00469008
0.262 0.0316463
0.263 0.0581083
0.264 0.0840739
0.265 0.109541
0.266 0.134509
0.267 0.158976
0.268 0.182941
0.269 0.206403
0.27 0.229362
0.271 0.251818
0.272 0.27377
0.273 0.29522
0.274 0.316167
0.275 0.336613
0.276 0.356558
0.277 0.376004
0.278 0.394951
0.279 0.413403
0.28 0.43136
0.281 0.448825
0.282 0.465799
0.283 0.482287
0.284 0.498289
0.285 0.513809
0.286 0.528849
0.287 0.543414
0.288 0.557506
0.289 0.571129
0.29 0.584286
0.291 0.596982
0.292 0.609219
0.293 0.621002
0.294 0.632336
0.295 0.643223
0.296 0.65367
0.297 0.66368
0.298 0.673258
0.299 0.682408
0.3 0.691136
0.301 0.699445
0.302 0.707342
0.303 0.714831
0.304 0.721917
0.305 0.728605
0.306 0.7349
0.307 0.740808
0.308 0.746334
0.309 0.751483
0.31 0.756261
0.311 0.760673
0.312 0.764724
0.313 0.76842
0.314 0.771766
0.315 0.774769
0.316 0.777432
0.317 0.779762
0.318 0.781764
0.319 0.783444
0.32 0.784808
0.321 0.78586
0.322 0.786606
0.323 0.787051
0.324 0.787202
0.325 0.787063
0.326 0.78664
0.327 0.785939
0.328 0.784963
0.329 0.78372
0.33 0.782213
0.331 0.780449
0.332 0.778433
0.333 0.776168
0.334 0.773662
0.335 0.770918
0.336 0.767942
0.337 0.764738
0.338 0.761312
0.339 0.757668
0.34 0.753812
0.341 0.749747
0.342 0.745479
0.343 0.741012
0.344 0.73635
0.345 0.731499
0.346 0.726463
0.347 0.721245
0.348 0.715851
0.349 0.710284
0.35 0.704549
0.351 0.69865
0.352 0.692591
0.353 0.686376
0.354 0.680008
0.355 0.673493
0.356 0.666833
0.357 0.660033
0.358 0.653095
0.359 0.646025
0.36 0.638825
0.361 0.631498
0.362 0.62405
0.363 0.616481
0.364 0.608798
0.365 0.601001
0.366 0.593096
0.367 0.585084
0.368 0.576969
0.369 0.568755
0.37 0.560444
0.371 0.552039
0.372 0.543544
0.373 0.534961
0.374 0.526293
0.375 0.517543
0.376 0.508714
0.377 0.499808
0.378 0.490829
0.379 0.481779
0.38 0.47266
0.381 0.463476
0.382 0.454228
0.383 0.44492
0.384 0.435554
0.385 0.426133
0.386 0.416659
0.387 0.407134
0.388 0.397561
0.389 0.387942
0.39 0.378281
0.391 0.368578
0.392 0.358837
0.393 0.34906
0.394 0.33925
0.395 0.329408
0.396 0.319536
0.397 0.309639
0.398 0.299716
0.399 0.289772
0.4 0.279808
0.401 0.269826
0.402 0.259829
0.403 0.249819
0.404 0.239799
0.405 0.22977
0.406 0.219735
0.407 0.209696
0.408 0.199655
0.409 0.189616
0.41 0.179579
0.411 0.169548
0.412 0.159524
0.413 0.14951
0.414 0.139509
0.415 0.129522
0.416 0.119551
0.417 0.1096
0.418 0.0996706
0.419 0.0897648
0.42 0.0798852
0.421 0.070034
0.422 0.0602136
0.423 0.0504265
0.424 0.0406748
0.425 0.0309611
0.426 0.0212876
0.427 0.0116568
0.428 0.00207098
0.429 0.00746745
0.43 0.0169561
0.431 0.0263926
0.432 0.0357746
0.433 0.0450996
0.434 0.0543653
0.435 0.0635694
0.436 0.0727093
0.437 0.0817828
0.438 0.0907874
0.439 0.0997208
0.44 0.108581
0.441 0.117364
0.442 0.12607
0.443 0.134695
0.444 0.143237
0.445 0.151693
0.446 0.160062
0.447 0.168341
0.448 0.176528
0.449 0.18462
0.45 0.192616
0.451 0.200512
0.452 0.208308
0.453 0.215999
0.454 0.223586
0.455 0.231064
0.456 0.238433
0.457 0.24569
0.458 0.252833
0.459 0.25986
0.46 0.266769
0.461 0.273558
0.462 0.280225
0.463 0.286768
0.464 0.293186
0.465 0.299476
0.466 0.305637
0.467 0.311667
0.468 0.317564
0.469 0.323327
0.47 0.328954
0.471 0.334444
0.472 0.339795
0.473 0.345005
0.474 0.350074
0.475 0.354999
0.476 0.35978
0.477 0.364416
0.478 0.368904
0.479 0.373245
0.48 0.377437
0.481 0.381478
0.482 0.385369
0.483 0.389108
0.484 0.392695
0.485 0.396128
0.486 0.399408
0.487 0.402532
0.488 0.405502
0.489 0.408316
0.49 0.410974
0.491 0.413476
0.492 0.415822
0.493 0.41801
0.494 0.420042
0.495 0.421917
0.496 0.423635
0.497 0.425197
0.498 0.426601
0.499 0.42785
0.5 0.428942
0.501 0.429879
0.502 0.430661
0.503 0.431288
0.504 0.431762
0.505 0.432082
0.506 0.432249
0.507 0.432265
0.508 0.43213
0.509 0.431846
0.51 0.431412
0.511 0.430831
0.512 0.430104
0.513 0.429232
0.514 0.428215
0.515 0.427057
0.516 0.425757
0.517 0.424319
0.518 0.422742
0.519 0.42103
0.52 0.419183
0.521 0.417203
0.522 0.415093
0.523 0.412855
0.524 0.410489
0.525 0.407999
0.526 0.405386
0.527 0.402653
0.528 0.399801
0.529 0.396833
0.53 0.393752
0.531 0.39056
0.532 0.387258
0.533 0.383851
0.534 0.380339
0.535 0.376726
0.536 0.373014
0.537 0.369206
0.538 0.365304
0.539 0.361312
0.54 0.357232
0.541 0.353066
0.542 0.348818
0.543 0.34449
0.544 0.340085
0.545 0.335607
0.546 0.331057
0.547 0.32644
0.548 0.321757
0.549 0.317012
0.55 0.312208
0.551 0.307348
0.552 0.302434
0.553 0.29747
0.554 0.292459
0.555 0.287404
0.556 0.282308
0.557 0.277173
0.558 0.272003
0.559 0.266801
0.56 0.26157
0.561 0.256313
0.562 0.251033
0.563 0.245733
0.564 0.240415
0.565 0.235083
0.566 0.22974
0.567 0.224388
0.568 0.219031
0.569 0.213671
0.57 0.208312
0.571 0.202955
0.572 0.197604
0.573 0.192262
0.574 0.186931
0.575 0.181614
0.576 0.176313
0.577 0.171032
0.578 0.165772
0.579 0.160537
0.58 0.155329
0.581 0.15015
0.582 0.145002
0.583 0.139889
0.584 0.134812
0.585 0.129774
0.586 0.124776
0.587 0.119822
0.588 0.114913
0.589 0.110051
0.59 0.105238
0.591 0.100476
0.592 0.0957677
0.593 0.091114
0.594 0.0865171
0.595 0.0819786
0.596 0.0775002
0.597 0.0730835
0.598 0.0687301
0.599 0.0644415
0.6 0.060219
0.601 0.0560642
0.602 0.0519781
0.603 0.0479622
0.604 0.0440176
0.605 0.0401454
0.606 0.0363467
0.607 0.0326225
0.608 0.0289736
0.609 0.0254011
0.61 0.0219056
0.611 0.0184879
0.612 0.0151488
0.613 0.0118888
0.614 0.00870845
0.615 0.00560833
0.616 0.00258883
0.617 0.000349671
0.618 0.00320685
0.619 0.00598245
0.62 0.00867627
0.621 0.0112882
0.622 0.0138181
0.623 0.016266
0.624 0.0186319
0.625 0.0209159
0.626 0.0231182
0.627 0.0252389
0.628 0.0272783
0.629 0.0292367
0.63 0.0311145
0.631 0.032912
0.632 0.0346297
0.633 0.0362681
0.634 0.0378278
0.635 0.0393093
0.636 0.0407133
0.637 0.0420405
0.638 0.0432916
0.639 0.0444674
0.64 0.0455686
0.641 0.0465962
0.642 0.0475509
0.643 0.0484338
0.644 0.0492458
0.645 0.0499878
0.646 0.0506609
0.647 0.0512661
0.648 0.0518046
0.649 0.0522774
0.65 0.0526856
0.651 0.0530305
0.652 0.0533132
0.653 0.0535349
0.654 0.0536968
0.655 0.0538003
0.656 0.0538465
0.657 0.0538368
0.658 0.0537724
0.659 0.0536547
0.66 0.0534851
0.661 0.0532647
0.662 0.0529951
0.663 0.0526775
0.664 0.0523134
0.665 0.051904
0.666 0.0514509
0.667 0.0509553
0.668 0.0504187
0.669 0.0498424
0.67 0.0492279
0.671 0.0485765
0.672 0.0478896
0.673 0.0471687
0.674 0.046415
0.675 0.04563
0.676 0.044815
0.677 0.0439714
0.678 0.0431006
0.679 0.0422038
0.68 0.0412825
0.681 0.0403378
0.682 0.0393713
0.683 0.0383841
0.684 0.0373775
0.685 0.0363528
0.686 0.0353112
0.687 0.034254
0.688 0.0331824
0.689 0.0320976
0.69 0.0310007
0.691 0.029893
0.692 0.0287755
0.693 0.0276495
0.694 0.0265159
0.695 0.0253759
0.696 0.0242305
0.697 0.0230807
0.698 0.0219277
0.699 0.0207722
0.7 0.0196154
0.701 0.0184582
0.702 0.0173014
0.703 0.016146
0.704 0.0149928
0.705 0.0138426
0.706 0.0126964
0.707 0.0115548
0.708 0.0104187
0.709 0.00928873
0.71 0.00816566
0.711 0.00705018
0.712 0.00594295
0.713 0.00484461
0.714 0.00375577
0.715 0.00267702
0.716 0.00160892
0.717 0.000552021
0.718 0.000493176
0.719 0.00152618
0.72 0.00254651
0.721 0.00355374
0.722 0.00454746
0.723 0.00552725
0.724 0.00649275
0.725 0.00744362
0.726 0.00837953
0.727 0.00930016
0.728 0.0102052
0.729 0.0110945
0.73 0.0119677
0.731 0.0128247
0.732 0.0136652
0.733 0.014489
0.734 0.015296
0.735 0.016086
0.736 0.016859
0.737 0.0176147
0.738 0.0183532
0.739 0.0190743
0.74 0.019778
0.741 0.0204643
0.742 0.021133
0.743 0.0217843
0.744 0.022418
0.745 0.0230343
0.746 0.0236331
0.747 0.0242144
0.748 0.0247784
0.749 0.0253251
0.75 0.0258545
0.751 0.0263667
0.752 0.0268619
0.753 0.0273401
0.754 0.0278014
0.755 0.028246
0.756 0.028674
0.757 0.0290854
0.758 0.0294805
0.759 0.0298594
0.76 0.0302222
0.761 0.030569
0.762 0.0309001
0.763 0.0312156
0.764 0.0315156
0.765 0.0318004
0.766 0.03207
0.767 0.0323247
0.768 0.0325646
0.769 0.03279
0.77 0.0330009
0.771 0.0331975
0.772 0.0333801
0.773 0.0335488
0.774 0.0337038
0.775 0.0338452
0.776 0.0339733
0.777 0.0340882
0.778 0.03419
0.779 0.034279
0.78 0.0343553
0.781 0.034419
0.782 0.0344704
0.783 0.0345096
0.784 0.0345368
0.785 0.034552
0.786 0.0345555
0.787 0.0345474
0.788 0.0345279
0.789 0.0344971
0.79 0.0344551
0.791 0.034402
0.792 0.0343381
0.793 0.0342634
0.794 0.0341781
0.795 0.0340822
0.796 0.0339759
0.797 0.0338593
0.798 0.0337326
0.799 0.0335957
0.8 0.0334489
0.801 0.0332923
0.802 0.0331258
0.803 0.0329497
0.804 0.032764
0.805 0.0325689
0.806 0.0323643
0.807 0.0321504
0.808 0.0319273
0.809 0.031695
0.81 0.0314537
0.811 0.0312033
0.812 0.0309441
0.813 0.030676
0.814 0.0303991
0.815 0.0301136
0.816 0.0298194
0.817 0.0295167
0.818 0.0292055
0.819 0.0288859
0.82 0.0285579
0.821 0.0282218
0.822 0.0278774
0.823 0.0275249
0.824 0.0271644
0.825 0.0267959
0.826 0.0264195
0.827 0.0260354
0.828 0.0256435
0.829 0.025244
0.83 0.024837
0.831 0.0244225
0.832 0.0240007
0.833 0.0235716
0.834 0.0231353
0.835 0.022692
0.836 0.0222417
0.837 0.0217847
0.838 0.0213209
0.839 0.0208505
0.84 0.0203736
0.841 0.0198905
0.842 0.0194011
0.843 0.0189056
0.844 0.0184043
0.845 0.0178971
0.846 0.0173844
0.847 0.0168663
0.848 0.0163428
0.849 0.0158143
0.85 0.0152808
0.851 0.0147426
0.852 0.0141999
0.853 0.0136528
0.854 0.0131016
0.855 0.0125465
0.856 0.0119876
0.857 0.0114253
0.858 0.0108597
0.859 0.0102911
0.86 0.00971965
0.861 0.00914569
0.862 0.00856944
0.863 0.00799116
0.864 0.00741111
0.865 0.00682957
0.866 0.0062468
0.867 0.00566309
0.868 0.00507872
0.869 0.00449398
0.87 0.00390917
0.871 0.00332458
0.872 0.00274053
0.873 0.00215731
0.874 0.00157525
0.875 0.000994662
0.876 0.000415861
0.877 0.000160828
0.878 0.000735077
0.879 0.00130656
0.88 0.00187493
0.881 0.00243987
0.882 0.00300104
0.883 0.0035581
0.884 0.0041107
0.885 0.00465851
0.886 0.00520119
0.887 0.0057384
0.888 0.00626978
0.889 0.006795
0.89 0.00731372
0.891 0.0078256
0.892 0.0083303
0.893 0.00882748
0.894 0.0093168
0.895 0.00979793
0.896 0.0102705
0.897 0.0107343
0.898 0.0111889
0.899 0.011634
0.9 0.0120693
0.901 0.0124945
0.902 0.0129092
0.903 0.0133132
0.904 0.0137062
0.905 0.0140879
0.906 0.0144579
0.907 0.0148161
0.908 0.0151622
0.909 0.0154958
0.91 0.0158168
0.911 0.0161249
0.912 0.0164198
0.913 0.0167014
0.914 0.0169693
0.915 0.0172235
0.916 0.0174636
0.917 0.0176896
0.918 0.0179012
0.919 0.0180982
0.92 0.0182805
0.921 0.0184479
0.922 0.0186004
0.923 0.0187377
0.924 0.0188598
0.925 0.0189666
0.926 0.0190579
0.927 0.0191337
0.928 0.019194
0.929 0.0192386
0.93 0.0192676
0.931 0.0192809
0.932 0.0192785
0.933 0.0192604
0.934 0.0192266
0.935 0.0191772
0.936 0.0191121
0.937 0.0190314
0.938 0.0189353
0.939 0.0188237
0.94 0.0186968
0.941 0.0185547
0.942 0.0183975
0.943 0.0182253
0.944 0.0180383
0.945 0.0178366
0.946 0.0176205
0.947 0.01739
0.948 0.0171455
0.949 0.016887
0.95 0.0166149
0.951 0.0163294
0.952 0.0160307
0.953 0.0157191
0.954 0.0153948
0.955 0.0150582
0.956 0.0147095
0.957 0.0143491
0.958 0.0139772
0.959 0.0135942
0.96 0.0132005
0.961 0.0127963
0.962 0.0123821
0.963 0.0119582
0.964 0.0115249
0.965 0.0110828
0.966 0.0106321
0.967 0.0101733
0.968 0.00970671
0.969 0.00923284
0.97 0.00875209
0.971 0.00826487
0.972 0.00777164
0.973 0.00727281
0.974 0.00676885
0.975 0.00626019
0.976 0.0057473
0.977 0.00523063
0.978 0.00471063
0.979 0.00418777
0.98 0.00366252
0.981 0.00313534
0.982 0.0026067
0.983 0.00207706
0.984 0.0015469
0.985 0.00101668
0.986 0.000486872
0.987 4.20625e-05
0.988 0.000569658
0.989 0.00109545
0.99 0.00161899
0.991 0.0021398
0.992 0.00265745
0.993 0.00317148
0.994 0.00368146
0.995 0.00418693
0.996 0.00468747
0.997 0.00518266
0.998 0.00567206
0.999 0.00615527
