  0.0000  89.27651459
  0.0010  89.23847303
  0.0020  89.12436840
  0.0030  88.93426092
  0.0040  88.66825087
  0.0050  88.32647860
  0.0060  87.90912440
  0.0070  87.41640838
  0.0080  86.84859040
  0.0090  86.20596985
  0.0100  85.48888553
  0.0110  84.69771539
  0.0120  83.83287634
  0.0130  82.89482401
  0.0140  81.88405246
  0.0150  80.80109388
  0.0160  79.64651830
  0.0170  78.42093323
  0.0180  77.12498333
  0.0190  75.75934997
  0.0200  74.32475090
  0.0210  72.82193979
  0.0220  71.25170576
  0.0230  69.61487298
  0.0240  67.91230014
  0.0250  66.14487995
  0.0260  64.31353865
  0.0270  62.41923543
  0.0280  60.46296193
  0.0290  58.44574158
  0.0300  56.36862913
  0.0310  54.23270995
  0.0320  52.03909947
  0.0330  49.78894255
  0.0340  47.48341286
  0.0350  45.12371225
  0.0360  42.71107012
  0.0370  40.24674286
  0.0380  37.73201326
  0.0390  35.16819002
  0.0400  32.55660738
  0.0410  29.89862499
  0.0420  27.19562805
  0.0430  24.44902828
  0.0440  21.66026618
  0.0450  18.83081621
  0.0460  15.96219871
  0.0470  13.05600928
  0.0480  10.11400230
  0.0490  7.13838917
  0.0500  4.13345793
  0.0510  1.13365298
  0.0520  2.03219192
  0.0530  5.11475520
  0.0540  8.23924484
  0.0550  11.39188233
  0.0560  14.56933549
  0.0570  17.76948234
  0.0580  20.99049535
  0.0590  24.23064406
  0.0600  27.48823514
  0.0610  30.76159027
  0.0620  34.04903702
  0.0630  37.34890485
  0.0640  40.65952345
  0.0650  43.97922223
  0.0660  47.30633032
  0.0670  50.63917703
  0.0680  53.97609231
  0.0690  57.31540753
  0.0700  60.65545612
  0.0710  63.99457442
  0.0720  67.33110246
  0.0730  70.66338480
  0.0740  73.98977132
  0.0750  77.30861812
  0.0760  80.61828831
  0.0770  83.91715286
  0.0780  87.20359141
  0.0790  90.47599313
  0.0800  93.73275753
  0.0810  96.97229524
  0.0820  100.19302887
  0.0830  103.39339376
  0.0840  106.57183877
  0.0850  109.72682709
  0.0860  112.85683698
  0.0870  115.96036253
  0.0880  119.03591440
  0.0890  122.08202056
  0.0900  125.09722702
  0.0910  128.08009850
  0.0920  131.02921919
  0.0930  133.94319336
  0.0940  136.82064608
  0.0950  139.66022386
  0.0960  142.46059528
  0.0970  145.22045163
  0.0980  147.93850753
  0.0990  150.61350150
  0.1000  153.24419657
  0.1010  155.82938083
  0.1020  158.36786799
  0.1030  160.85849791
  0.1040  163.30013714
  0.1050  165.69167938
  0.1060  168.03204603
  0.1070  170.32018659
  0.1080  172.55507920
  0.1090  174.73573098
  0.1100  176.86117855
  0.1110  178.93048836
  0.1120  180.94275711
  0.1130  182.89711212
  0.1140  184.79271169
  0.1150  186.62874542
  0.1160  188.40443454
  0.1170  190.11903219
  0.1180  191.77182376
  0.1190  193.36212709
  0.1200  194.88929278
  0.1210  196.35270436
  0.1220  197.75177856
  0.1230  199.08596548
  0.1240  200.35474879
  0.1250  201.55764587
  0.1260  202.69420795
  0.1270  203.76402028
  0.1280  204.76670220
  0.1290  205.70190726
  0.1300  206.56932326
  0.1310  207.36867235
  0.1320  208.09971107
  0.1330  208.76223034
  0.1340  209.35605549
  0.1350  209.88104627
  0.1360  210.33709680
  0.1370  210.72413552
  0.1380  211.04212516
  0.1390  211.29106265
  0.1400  211.47097903
  0.1410  211.58193934
  0.1420  211.62404252
  0.1430  211.59742122
  0.1440  211.50224170
  0.1450  211.33870363
  0.1460  211.10703990
  0.1470  210.80751644
  0.1480  210.44043200
  0.1490  210.00611788
  0.1500  209.50493774
  0.1510  208.93728730
  0.1520  208.30359408
  0.1530  207.60431710
  0.1540  206.83994658
  0.1550  206.01100362
  0.1560  205.11803988
  0.1570  204.16163721
  0.1580  203.14240729
  0.1590  202.06099130
  0.1600  200.91805946
  0.1610  199.71431072
  0.1620  198.45047225
  0.1630  197.12729909
  0.1640  195.74557370
  0.1650  194.30610545
  0.1660  192.80973026
  0.1670  191.25731003
  0.1680  189.64973222
  0.1690  187.98790932
  0.1700  186.27277835
  0.1710  184.50530035
  0.1720  182.68645984
  0.1730  180.81726430
  0.1740  178.89874360
  0.1750  176.93194943
  0.1760  174.91795477
  0.1770  172.85785327
  0.1780  170.75275869
  0.1790  168.60380430
  0.1800  166.41214224
  0.1810  164.17894298
  0.1820  161.90539460
  0.1830  159.59270224
  0.1840  157.24208743
  0.1850  154.85478743
  0.1860  152.43205461
  0.1870  149.97515577
  0.1880  147.48537149
  0.1890  144.96399541
  0.1900  142.41233364
  0.1910  139.83170397
  0.1920  137.22343529
  0.1930  134.58886679
  0.1940  131.92934735
  0.1950  129.24623477
  0.1960  126.54089512
  0.1970  123.81470197
  0.1980  121.06903574
  0.1990  118.30528291
  0.2000  115.52483535
  0.2010  112.72908961
  0.2020  109.91944613
  0.2030  107.09730858
  0.2040  104.26408309
  0.2050  101.42117753
  0.2060  98.57000081
  0.2070  95.71196211
  0.2080  92.84847015
  0.2090  89.98093251
  0.2100  87.11075484
  0.2110  84.23934017
  0.2120  81.36808818
  0.2130  78.49839445
  0.2140  75.63164980
  0.2150  72.76923949
  0.2160  69.91254256
  0.2170  67.06293112
  0.2180  64.22176960
  0.2190  61.39041411
  0.2200  58.57021167
  0.2210  55.76249958
  0.2220  52.96860470
  0.2230  50.18984278
  0.2240  47.42751778
  0.2250  44.68292123
  0.2260  41.95733156
  0.2270  39.25201344
  0.2280  36.56821718
  0.2290  33.90717809
  0.2300  31.27011591
  0.2310  28.65823421
  0.2320  26.07271989
  0.2330  23.51474269
  0.2340  20.98545484
  0.2350  18.48599085
  0.2360  16.01746769
  0.2370  13.58098572
  0.2380  11.17763147
  0.2390  8.80848563
  0.2400  6.47464890
  0.2410  4.17735277
  0.2420  1.91884485
  0.2430  0.33382278
  0.2440  2.49510870
  0.2450  4.63724734
  0.2460  6.73948928
  0.2470  8.80026418
  0.2480  10.81857500
  0.2490  12.79355215
  0.2500  14.72438252
  0.2510  16.61029112
  0.2520  18.45053494
  0.2530  20.24440070
  0.2540  21.99120392
  0.2550  23.69028864
  0.2560  25.34102734
  0.2570  26.94282103
  0.2580  28.49509939
  0.2590  29.99732092
  0.2600  31.44897313
  0.2610  32.84957270
  0.2620  34.19866561
  0.2630  35.49582733
  0.2640  36.74066296
  0.2650  37.93280730
  0.2660  39.07192500
  0.2670  40.15771063
  0.2680  41.18988874
  0.2690  42.16821394
  0.2700  43.09247093
  0.2710  43.96247449
  0.2720  44.77806951
  0.2730  45.53913096
  0.2740  46.24556385
  0.2750  46.89730319
  0.2760  47.49431391
  0.2770  48.03659076
  0.2780  48.52415822
  0.2790  48.95707038
  0.2800  49.33541076
  0.2810  49.65929221
  0.2820  49.92885668
  0.2830  50.14427505
  0.2840  50.30574691
  0.2850  50.41350035
  0.2860  50.46779171
  0.2870  50.46890530
  0.2880  50.41715313
  0.2890  50.31287467
  0.2900  50.15643645
  0.2910  49.94823181
  0.2920  49.68868056
  0.2930  49.37822857
  0.2940  49.01734746
  0.2950  48.60653421
  0.2960  48.14631074
  0.2970  47.63722354
  0.2980  47.07984320
  0.2990  46.47476405
  0.3000  45.82260363
  0.3010  45.12400230
  0.3020  44.37962272
  0.3030  43.59014943
  0.3040  42.75628830
  0.3050  41.87876606
  0.3060  40.95832979
  0.3070  39.99574639
  0.3080  38.99180204
  0.3090  37.94730170
  0.3100  36.86306853
  0.3110  35.73994334
  0.3120  34.57878405
  0.3130  33.38046511
  0.3140  32.14587690
  0.3150  30.87592523
  0.3160  29.57153066
  0.3170  28.23362797
  0.3180  26.86316559
  0.3190  25.46110495
  0.3200  24.02841995
  0.3210  22.56609634
  0.3220  21.07513117
  0.3230  19.55653221
  0.3240  18.01131747
  0.3250  16.44051469
  0.3260  14.84516099
  0.3270  13.22630272
  0.3280  11.58499570
  0.3290  9.92230636
  0.3300  8.23931516
  0.3310  6.53712636
  0.3320  4.81690064
  0.3330  3.08000147
  0.3340  1.32931289
  0.3350  0.46084474
  0.3360  2.23074581
  0.3370  4.02470091
  0.3380  5.83123712
  0.3390  7.64863578
  0.3400  9.47565605
  0.3410  11.31115339
  0.3420  13.15401417
  0.3430  15.00313821
  0.3440  16.85743300
  0.3450  18.71581173
  0.3460  20.57719256
  0.3470  22.44049859
  0.3480  24.30465808
  0.3490  26.16860478
  0.3500  28.03127838
  0.3510  29.89162498
  0.3520  31.74859755
  0.3530  33.60115641
  0.3540  35.44826978
  0.3550  37.28891420
  0.3560  39.12207508
  0.3570  40.94674716
  0.3580  42.76193497
  0.3590  44.56665333
  0.3600  46.35992781
  0.3610  48.14079518
  0.3620  49.90830383
  0.3630  51.66151427
  0.3640  53.39949950
  0.3650  55.12134547
  0.3660  56.82615146
  0.3670  58.51303053
  0.3680  60.18110984
  0.3690  61.82953110
  0.3700  63.45745091
  0.3710  65.06404112
  0.3720  66.64848922
  0.3730  68.20999861
  0.3740  69.74778903
  0.3750  71.26109677
  0.3760  72.74917511
  0.3770  74.21129449
  0.3780  75.64674291
  0.3790  77.05482615
  0.3800  78.43486807
  0.3810  79.78621083
  0.3820  81.10821520
  0.3830  82.40026076
  0.3840  83.66174611
  0.3850  84.89208916
  0.3860  86.09072725
  0.3870  87.25711742
  0.3880  88.39073654
  0.3890  89.49108153
  0.3900  90.55766951
  0.3910  91.59003792
  0.3920  92.58774475
  0.3930  93.55036856
  0.3940  94.47750871
  0.3950  95.36878539
  0.3960  96.22383978
  0.3970  97.04233412
  0.3980  97.82395176
  0.3990  98.56839728
  0.4000  99.27539653
  0.4010  99.94469668
  0.4020  100.57606624
  0.4030  101.16929511
  0.4040  101.72419461
  0.4050  102.24059745
  0.4060  102.71835775
  0.4070  103.15735102
  0.4080  103.55747417
  0.4090  103.91864539
  0.4100  104.24080422
  0.4110  104.52391139
  0.4120  104.76794883
  0.4130  104.97291955
  0.4140  105.13884759
  0.4150  105.26577789
  0.4160  105.35377620
  0.4170  105.40292897
  0.4180  105.41334322
  0.4190  105.38514641
  0.4200  105.31848627
  0.4210  105.21353067
  0.4220  105.07046747
  0.4230  104.88950429
  0.4240  104.67086836
  0.4250  104.41480636
  0.4260  104.12158414
  0.4270  103.79148656
  0.4280  103.42481726
  0.4290  103.02189841
  0.4300  102.58307049
  0.4310  102.10869201
  0.4320  101.59913930
  0.4330  101.05480619
  0.4340  100.47610374
  0.4350  99.86345998
  0.4360  99.21731962
  0.4370  98.53814369
  0.4380  97.82640929
  0.4390  97.08260922
  0.4400  96.30725170
  0.4410  95.50085999
  0.4420  94.66397207
  0.4430  93.79714028
  0.4440  92.90093096
  0.4450  91.97592407
  0.4460  91.02271284
  0.4470  90.04190338
  0.4480  89.03411426
  0.4490  87.99997617
  0.4500  86.94013147
  0.4510  85.85523382
  0.4520  84.74594771
  0.4530  83.61294810
  0.4540  82.45691997
  0.4550  81.27855787
  0.4560  80.07856552
  0.4570  78.85765532
  0.4580  77.61654798
  0.4590  76.35597196
  0.4600  75.07666313
  0.4610  73.77936422
  0.4620  72.46482443
  0.4630  71.13379889
  0.4640  69.78704826
  0.4650  68.42533822
  0.4660  67.04943900
  0.4670  65.66012493
  0.4680  64.25817392
  0.4690  62.84436701
  0.4700  61.41948788
  0.4710  59.98432238
  0.4720  58.53965803
  0.4730  57.08628356
  0.4740  55.62498839
  0.4750  54.15656220
  0.4760  52.68179441
  0.4770  51.20147373
  0.4780  49.71638765
  0.4790  48.22732199
  0.4800  46.73506042
  0.4810  45.24038399
  0.4820  43.74407063
  0.4830  42.24689477
  0.4840  40.74962676
  0.4850  39.25303254
  0.4860  37.75787307
  0.4870  36.26490397
  0.4880  34.77487504
  0.4890  33.28852980
  0.4900  31.80660513
  0.4910  30.32983075
  0.4920  28.85892889
  0.4930  27.39461382
  0.4940  25.93759147
  0.4950  24.48855903
  0.4960  23.04820455
  0.4970  21.61720658
  0.4980  20.19623380
  0.4990  18.78594463
  0.5000  17.38698693
  0.5010  15.99999763
  0.5020  14.62560243
  0.5030  13.26441553
  0.5040  11.91703934
  0.5050  10.58406431
  0.5060  9.26606883
  0.5070  7.96361934
  0.5080  6.67727089
  0.5090  5.40756883
  0.5100  4.15505401
  0.5110  2.92028138
  0.5120  1.70391782
  0.5130  0.50821273
  0.5140  0.67694772
  0.5150  1.83479086
  0.5160  2.97392345
  0.5170  4.09284662
  0.5180  5.19101811
  0.5190  6.26800836
  0.5200  7.32342672
  0.5210  8.35690614
  0.5220  9.36809872
  0.5230  10.35667404
  0.5240  11.32231854
  0.5250  12.26473522
  0.5260  13.18364353
  0.5270  14.07877927
  0.5280  14.94989464
  0.5290  15.79675818
  0.5300  16.61915476
  0.5310  17.41688560
  0.5320  18.18976822
  0.5330  18.93763641
  0.5340  19.66034022
  0.5350  20.35774589
  0.5360  21.02973580
  0.5370  21.67620839
  0.5380  22.29707809
  0.5390  22.89227523
  0.5400  23.46174593
  0.5410  24.00545199
  0.5420  24.52337081
  0.5430  25.01549516
  0.5440  25.48183316
  0.5450  25.92240803
  0.5460  26.33725799
  0.5470  26.72643606
  0.5480  27.09000988
  0.5490  27.42806157
  0.5500  27.74068746
  0.5510  28.02799794
  0.5520  28.29011724
  0.5530  28.52718319
  0.5540  28.73934703
  0.5550  28.92677313
  0.5560  29.08963879
  0.5570  29.22813398
  0.5580  29.34246109
  0.5590  29.43283466
  0.5600  29.49948113
  0.5610  29.54263856
  0.5620  29.56255640
  0.5630  29.55949513
  0.5640  29.53372607
  0.5650  29.48553101
  0.5660  29.41520199
  0.5670  29.32304097
  0.5680  29.20935954
  0.5690  29.07447865
  0.5700  28.91872825
  0.5710  28.74244706
  0.5720  28.54598220
  0.5730  28.32968895
  0.5740  28.09393037
  0.5750  27.83907708
  0.5760  27.56550687
  0.5770  27.27360444
  0.5780  26.96376109
  0.5790  26.63637440
  0.5800  26.29184791
  0.5810  25.93059086
  0.5820  25.55301783
  0.5830  25.15954850
  0.5840  24.75060727
  0.5850  24.32662303
  0.5860  23.88802884
  0.5870  23.43526160
  0.5880  22.96876181
  0.5890  22.48897327
  0.5900  21.99634275
  0.5910  21.49131977
  0.5920  20.97435628
  0.5930  20.44590639
  0.5940  19.90642611
  0.5950  19.35637309
  0.5960  18.79620636
  0.5970  18.22638606
  0.5980  17.64737321
  0.5990  17.05962949
  0.6000  16.46361697
  0.6010  15.85979796
  0.6020  15.24863475
  0.6030  14.63058947
  0.6040  14.00612390
  0.6050  13.37569938
  0.6060  12.73977668
  0.6070  12.09881600
  0.6080  11.45327698
  0.6090  10.80361881
  0.6100  10.15030055
  0.6110  9.49378160
  0.6120  8.83452248
  0.6130  8.17298618
  0.6140  7.50964020
  0.6150  6.84496008
  0.6160  6.17943514
  0.6170  5.51357863
  0.6180  4.84794625
  0.6190  4.18317235
  0.6200  3.52004680
  0.6210  2.85969729
  0.6220  2.20409319
  0.6230  1.55779037
  0.6240  0.93664230
  0.6250  0.44842876
  0.6260  0.62237328
  0.6270  1.19305304
  0.6280  1.81509023
  0.6290  2.44630586
  0.6300  3.07810069
  0.6310  3.70748722
  0.6320  4.33302174
  0.6330  4.95382442
  0.6340  5.56926328
  0.6350  6.17883109
  0.6360  6.78209062
  0.6370  7.37864783
  0.6380  7.96813766
  0.6390  8.55021603
  0.6400  9.12455520
  0.6410  9.69084085
  0.6420  10.24877029
  0.6430  10.79805131
  0.6440  11.33840139
  0.6450  11.86954722
  0.6460  12.39122436
  0.6470  12.90317699
  0.6480  13.40515782
  0.6490  13.89692794
  0.6500  14.37825684
  0.6510  14.84892234
  0.6520  15.30871059
  0.6530  15.75741612
  0.6540  16.19484180
  0.6550  16.62079893
  0.6560  17.03510720
  0.6570  17.43759482
  0.6580  17.82809844
  0.6590  18.20646329
  0.6600  18.57254315
  0.6610  18.92620042
  0.6620  19.26730611
  0.6630  19.59573993
  0.6640  19.91139027
  0.6650  20.21415425
  0.6660  20.50393775
  0.6670  20.78065539
  0.6680  21.04423061
  0.6690  21.29459563
  0.6700  21.53169149
  0.6710  21.75546806
  0.6720  21.96588401
  0.6730  22.16290685
  0.6740  22.34651291
  0.6750  22.51668734
  0.6760  22.67342407
  0.6770  22.81672583
  0.6780  22.94660412
  0.6790  23.06307915
  0.6800  23.16617988
  0.6810  23.25594392
  0.6820  23.33241751
  0.6830  23.39565551
  0.6840  23.44572131
  0.6850  23.48268679
  0.6860  23.50663229
  0.6870  23.51764649
  0.6880  23.51582640
  0.6890  23.50127725
  0.6900  23.47411243
  0.6910  23.43445341
  0.6920  23.38242961
  0.6930  23.31817839
  0.6940  23.24184486
  0.6950  23.15358183
  0.6960  23.05354971
  0.6970  22.94191633
  0.6980  22.81885692
  0.6990  22.68455387
  0.7000  22.53919670
  0.7010  22.38298187
  0.7020  22.21611266
  0.7030  22.03879900
  0.7040  21.85125735
  0.7050  21.65371053
  0.7060  21.44638755
  0.7070  21.22952347
  0.7080  21.00335919
  0.7090  20.76814131
  0.7100  20.52412194
  0.7110  20.27155851
  0.7120  20.01071356
  0.7130  19.74185460
  0.7140  19.46525386
  0.7150  19.18118812
  0.7160  18.88993847
  0.7170  18.59179015
  0.7180  18.28703229
  0.7190  17.97595772
  0.7200  17.65886271
  0.7210  17.33604682
  0.7220  17.00781260
  0.7230  16.67446539
  0.7240  16.33631309
  0.7250  15.99366593
  0.7260  15.64683620
  0.7270  15.29613804
  0.7280  14.94188722
  0.7290  14.58440083
  0.7300  14.22399710
  0.7310  13.86099513
  0.7320  13.49571464
  0.7330  13.12847572
  0.7340  12.75959860
  0.7350  12.38940339
  0.7360  12.01820985
  0.7370  11.64633712
  0.7380  11.27410350
  0.7390  10.90182617
  0.7400  10.52982099
  0.7410  10.15840225
  0.7420  9.78788242
  0.7430  9.41857191
  0.7440  9.05077888
  0.7450  8.68480896
  0.7460  8.32096509
  0.7470  7.95954726
  0.7480  7.60085233
  0.7490  7.24517382
  0.7500  6.89280174
  0.7510  6.54402242
  0.7520  6.19911835
  0.7530  5.85836807
  0.7540  5.52204605
  0.7550  5.19042263
  0.7560  4.86376405
  0.7570  4.54233247
  0.7580  4.22638616
  0.7590  3.91617982
  0.7600  3.61196506
  0.7610  3.31399127
  0.7620  3.02250696
  0.7630  2.73776179
  0.7640  2.46001009
  0.7650  2.18951641
  0.7660  1.92656524
  0.7670  1.67147847
  0.7680  1.42464864
  0.7690  1.18660746
  0.7700  0.95818101
  0.7710  0.74088856
  0.7720  0.53815310
  0.7730  0.35982460
  0.7740  0.24075790
  0.7750  0.25444793
  0.7760  0.37379607
  0.7770  0.52259068
  0.7780  0.67482976
  0.7790  0.82309199
  0.7800  0.96468577
  0.7810  1.09840315
  0.7820  1.22360883
  0.7830  1.33992664
  0.7840  1.44711345
  0.7850  1.54500202
  0.7860  1.63347266
  0.7870  1.71243808
  0.7880  1.78183488
  0.7890  1.84161850
  0.7900  1.89176016
  0.7910  1.93224493
  0.7920  1.96307059
  0.7930  1.98424695
  0.7940  1.99579546
  0.7950  1.99774926
  0.7960  1.99015333
  0.7970  1.97306504
  0.7980  1.94655500
  0.7990  1.91070832
  0.8000  1.86562652
  0.8010  1.81143025
  0.8020  1.74826333
  0.8030  1.67629873
  0.8040  1.59574753
  0.8050  1.50687296
  0.8060  1.41001265
  0.8070  1.30561540
  0.8080  1.19430418
  0.8090  1.07698908
  0.8100  0.95507974
  0.8110  0.83090593
  0.8120  0.70858559
  0.8130  0.59581693
  0.8140  0.50703765
  0.8150  0.46531115
  0.8160  0.49151048
  0.8170  0.58370453
  0.8180  0.72277408
  0.8190  0.89174475
  0.8200  1.08060061
  0.8210  1.28390778
  0.8220  1.49862341
  0.8230  1.72292524
  0.8240  1.95563685
  0.8250  2.19594049
  0.8260  2.44322729
  0.8270  2.69701523
  0.8280  2.95690218
  0.8290  3.22253791
  0.8300  3.49360679
  0.8310  3.76981674
  0.8320  4.05089207
  0.8330  4.33656862
  0.8340  4.62659050
  0.8350  4.92070778
  0.8360  5.21867499
  0.8370  5.52024991
  0.8380  5.82519287
  0.8390  6.13326614
  0.8400  6.44423358
  0.8410  6.75786038
  0.8420  7.07391291
  0.8430  7.39215857
  0.8440  7.71236583
  0.8450  8.03430413
  0.8460  8.35774396
  0.8470  8.68245689
  0.8480  9.00821562
  0.8490  9.33479405
  0.8500  9.66196738
  0.8510  9.98951219
  0.8520  10.31720650
  0.8530  10.64482993
  0.8540  10.97216374
  0.8550  11.29899094
  0.8560  11.62509643
  0.8570  11.95026703
  0.8580  12.27429163
  0.8590  12.59696126
  0.8600  12.91806921
  0.8610  13.23741107
  0.8620  13.55478488
  0.8630  13.86999115
  0.8640  14.18283302
  0.8650  14.49311627
  0.8660  14.80064943
  0.8670  15.10524388
  0.8680  15.40671385
  0.8690  15.70487656
  0.8700  15.99955226
  0.8710  16.29056427
  0.8720  16.57773906
  0.8730  16.86090633
  0.8740  17.13989901
  0.8750  17.41455336
  0.8760  17.68470897
  0.8770  17.95020886
  0.8780  18.21089948
  0.8790  18.46663076
  0.8800  18.71725615
  0.8810  18.96263266
  0.8820  19.20262088
  0.8830  19.43708503
  0.8840  19.66589295
  0.8850  19.88891616
  0.8860  20.10602987
  0.8870  20.31711300
  0.8880  20.52204822
  0.8890  20.72072192
  0.8900  20.91302428
  0.8910  21.09884925
  0.8920  21.27809457
  0.8930  21.45066178
  0.8940  21.61645625
  0.8950  21.77538717
  0.8960  21.92736754
  0.8970  22.07231422
  0.8980  22.21014791
  0.8990  22.34079315
  0.9000  22.46417834
  0.9010  22.58023572
  0.9020  22.68890139
  0.9030  22.79011534
  0.9040  22.88382137
  0.9050  22.96996718
  0.9060  23.04850431
  0.9070  23.11938817
  0.9080  23.18257802
  0.9090  23.23803698
  0.9100  23.28573205
  0.9110  23.32563405
  0.9120  23.35771767
  0.9130  23.38196145
  0.9140  23.39834779
  0.9150  23.40686290
  0.9160  23.40749688
  0.9170  23.40024364
  0.9180  23.38510092
  0.9190  23.36207032
  0.9200  23.33115725
  0.9210  23.29237093
  0.9220  23.24572444
  0.9230  23.19123463
  0.9240  23.12892220
  0.9250  23.05881162
  0.9260  22.98093118
  0.9270  22.89531296
  0.9280  22.80199282
  0.9290  22.70101039
  0.9300  22.59240909
  0.9310  22.47623608
  0.9320  22.35254229
  0.9330  22.22138238
  0.9340  22.08281475
  0.9350  21.93690150
  0.9360  21.78370847
  0.9370  21.62330516
  0.9380  21.45576478
  0.9390  21.28116417
  0.9400  21.09958384
  0.9410  20.91110792
  0.9420  20.71582415
  0.9430  20.51382386
  0.9440  20.30520194
  0.9450  20.09005683
  0.9460  19.86849048
  0.9470  19.64060834
  0.9480  19.40651930
  0.9490  19.16633571
  0.9500  18.92017331
  0.9510  18.66815119
  0.9520  18.41039180
  0.9530  18.14702087
  0.9540  17.87816739
  0.9550  17.60396355
  0.9560  17.32454474
  0.9570  17.04004945
  0.9580  16.75061927
  0.9590  16.45639883
  0.9600  16.15753572
  0.9610  15.85418049
  0.9620  15.54648655
  0.9630  15.23461017
  0.9640  14.91871035
  0.9650  14.59894885
  0.9660  14.27549006
  0.9670  13.94850100
  0.9680  13.61815121
  0.9690  13.28461274
  0.9700  12.94806010
  0.9710  12.60867014
  0.9720  12.26662209
  0.9730  11.92209745
  0.9740  11.57527997
  0.9750  11.22635566
  0.9760  10.87551268
  0.9770  10.52294142
  0.9780  10.16883445
  0.9790  9.81338659
  0.9800  9.45679492
  0.9810  9.09925892
  0.9820  8.74098057
  0.9830  8.38216458
  0.9840  8.02301862
  0.9850  7.66375374
  0.9860  7.30458486
  0.9870  6.94573149
  0.9880  6.58741866
  0.9890  6.22987821
  0.9900  5.87335062
  0.9910  5.51808743
  0.9920  5.16435475
  0.9930  4.81243820
  0.9940  4.46265012
  0.9950  4.11534019
  0.9960  3.77091156
  0.9970  3.42984606
  0.9980  3.09274456
  0.9990  2.76039450
