  0.0000  63.17507688
  0.0010  63.14813574
  0.0020  63.06732295
  0.0030  62.93267040
  0.0040  62.74423124
  0.0050  62.50207984
  0.0060  62.20631177
  0.0070  61.85704374
  0.0080  61.45441358
  0.0090  60.99858018
  0.0100  60.48972340
  0.0110  59.92804401
  0.0120  59.31376361
  0.0130  58.64712454
  0.0140  57.92838975
  0.0150  57.15784274
  0.0160  56.33578740
  0.0170  55.46254792
  0.0180  54.53846861
  0.0190  53.56391380
  0.0200  52.53926767
  0.0210  51.46493408
  0.0220  50.34133643
  0.0230  49.16891746
  0.0240  47.94813908
  0.0250  46.67948217
  0.0260  45.36344639
  0.0270  44.00054996
  0.0280  42.59132946
  0.0290  41.13633961
  0.0300  39.63615300
  0.0310  38.09135993
  0.0320  36.50256807
  0.0330  34.87040231
  0.0340  33.19550441
  0.0350  31.47853281
  0.0360  29.72016229
  0.0370  27.92108375
  0.0380  26.08200390
  0.0390  24.20364497
  0.0400  22.28674442
  0.0410  20.33205461
  0.0420  18.34034255
  0.0430  16.31238956
  0.0440  14.24899094
  0.0450  12.15095575
  0.0460  10.01910649
  0.0470  7.85427904
  0.0480  5.65732309
  0.0490  3.42910569
  0.0500  1.17056053
  0.0510  1.11787412
  0.0520  3.43455096
  0.0530  5.77902227
  0.0540  8.15030464
  0.0550  10.54746459
  0.0560  12.96956429
  0.0570  15.41565777
  0.0580  17.88479055
  0.0590  20.37599972
  0.0600  22.88831432
  0.0610  25.42075563
  0.0620  27.97233761
  0.0630  30.54206723
  0.0640  33.12894493
  0.0650  35.73196498
  0.0660  38.35011591
  0.0670  40.98238090
  0.0680  43.62773821
  0.0690  46.28516157
  0.0700  48.95362063
  0.0710  51.63208133
  0.0720  54.31950635
  0.0730  57.01485553
  0.0740  59.71708626
  0.0750  62.42515394
  0.0760  65.13801234
  0.0770  67.85461411
  0.0780  70.57391109
  0.0790  73.29485483
  0.0800  76.01639694
  0.0810  78.73748954
  0.0820  81.45708570
  0.0830  84.17413978
  0.0840  86.88760793
  0.0850  89.59644848
  0.0860  92.29962230
  0.0870  94.99609330
  0.0880  97.68482878
  0.0890  100.36479985
  0.0900  103.03498185
  0.0910  105.69435472
  0.0920  108.34190346
  0.0930  110.97661846
  0.0940  113.59749596
  0.0950  116.20353837
  0.0960  118.79375475
  0.0970  121.36716111
  0.0980  123.92278084
  0.0990  126.45964509
  0.1000  128.97679311
  0.1010  131.47327267
  0.1020  133.94814039
  0.1030  136.40046212
  0.1040  138.82931329
  0.1050  141.23377927
  0.1060  143.61295573
  0.1070  145.96594894
  0.1080  148.29187617
  0.1090  150.58986599
  0.1100  152.85905860
  0.1110  155.09860617
  0.1120  157.30767314
  0.1130  159.48543653
  0.1140  161.63108627
  0.1150  163.74382549
  0.1160  165.82287081
  0.1170  167.86745263
  0.1180  169.87681541
  0.1190  171.85021796
  0.1200  173.78693369
  0.1210  175.68625091
  0.1220  177.54747303
  0.1230  179.36991885
  0.1240  181.15292280
  0.1250  182.89583518
  0.1260  184.59802236
  0.1270  186.25886703
  0.1280  187.87776841
  0.1290  189.45414245
  0.1300  190.98742202
  0.1310  192.47705715
  0.1320  193.92251516
  0.1330  195.32328086
  0.1340  196.67885674
  0.1350  197.98876308
  0.1360  199.25253817
  0.1370  200.46973840
  0.1380  201.63993846
  0.1390  202.76273139
  0.1400  203.83772879
  0.1410  204.86456087
  0.1420  205.84287660
  0.1430  206.77234378
  0.1440  207.65264915
  0.1450  208.48349847
  0.1460  209.26461659
  0.1470  209.99574752
  0.1480  210.67665450
  0.1490  211.30712003
  0.1500  211.88694595
  0.1510  212.41595341
  0.1520  212.89398298
  0.1530  213.32089461
  0.1540  213.69656764
  0.1550  214.02090086
  0.1560  214.29381244
  0.1570  214.51523994
  0.1580  214.68514032
  0.1590  214.80348986
  0.1600  214.87028416
  0.1610  214.88553806
  0.1620  214.84928565
  0.1630  214.76158013
  0.1640  214.62249380
  0.1650  214.43211797
  0.1660  214.19056287
  0.1670  213.89795755
  0.1680  213.55444981
  0.1690  213.16020606
  0.1700  212.71541125
  0.1710  212.22026870
  0.1720  211.67500000
  0.1730  211.07984487
  0.1740  210.43506103
  0.1750  209.74092403
  0.1760  208.99772710
  0.1770  208.20578100
  0.1780  207.36541383
  0.1790  206.47697087
  0.1800  205.54081439
  0.1810  204.55732347
  0.1820  203.52689377
  0.1830  202.44993737
  0.1840  201.32688257
  0.1850  200.15817360
  0.1860  198.94427049
  0.1870  197.68564880
  0.1880  196.38279937
  0.1890  195.03622814
  0.1900  193.64645583
  0.1910  192.21401778
  0.1920  190.73946362
  0.1930  189.22335705
  0.1940  187.66627557
  0.1950  186.06881022
  0.1960  184.43156529
  0.1970  182.75515803
  0.1980  181.04021842
  0.1990  179.28738884
  0.2000  177.49732377
  0.2010  175.67068954
  0.2020  173.80816400
  0.2030  171.91043623
  0.2040  169.97820620
  0.2050  168.01218452
  0.2060  166.01309209
  0.2070  163.98165978
  0.2080  161.91862812
  0.2090  159.82474699
  0.2100  157.70077529
  0.2110  155.54748057
  0.2120  153.36563878
  0.2130  151.15603387
  0.2140  148.91945749
  0.2150  146.65670865
  0.2160  144.36859335
  0.2170  142.05592429
  0.2180  139.71952051
  0.2190  137.36020703
  0.2200  134.97881452
  0.2210  132.57617895
  0.2220  130.15314126
  0.2230  127.71054701
  0.2240  125.24924598
  0.2250  122.77009192
  0.2260  120.27394213
  0.2270  117.76165710
  0.2280  115.23410024
  0.2290  112.69213746
  0.2300  110.13663684
  0.2310  107.56846830
  0.2320  104.98850324
  0.2330  102.39761421
  0.2340  99.79667453
  0.2350  97.18655797
  0.2360  94.56813842
  0.2370  91.94228954
  0.2380  89.30988438
  0.2390  86.67179511
  0.2400  84.02889263
  0.2410  81.38204627
  0.2420  78.73212345
  0.2430  76.07998932
  0.2440  73.42650648
  0.2450  70.77253462
  0.2460  68.11893024
  0.2470  65.46654628
  0.2480  62.81623185
  0.2490  60.16883190
  0.2500  57.52518693
  0.2510  54.88613266
  0.2520  52.25249978
  0.2530  49.62511363
  0.2540  47.00479397
  0.2550  44.39235464
  0.2560  41.78860340
  0.2570  39.19434162
  0.2580  36.61036413
  0.2590  34.03745906
  0.2600  31.47640770
  0.2610  28.92798453
  0.2620  26.39295734
  0.2630  23.87208763
  0.2640  21.36613148
  0.2650  18.87584121
  0.2660  16.40196884
  0.2670  13.94527327
  0.2680  11.50653677
  0.2690  9.08660760
  0.2700  6.68653347
  0.2710  4.30813232
  0.2720  1.95865050
  0.2730  0.49752856
  0.2740  2.73731814
  0.2750  5.02618815
  0.2760  7.29644177
  0.2770  9.54426164
  0.2780  11.76831472
  0.2790  13.96775247
  0.2800  16.14188176
  0.2810  18.29007733
  0.2820  20.41175157
  0.2830  22.50634222
  0.2840  24.57330674
  0.2850  26.61211953
  0.2860  28.62227047
  0.2870  30.60326413
  0.2880  32.55461934
  0.2890  34.47586901
  0.2900  36.36655992
  0.2910  38.22625277
  0.2920  40.05452214
  0.2930  41.85095650
  0.2940  43.61515829
  0.2950  45.34674390
  0.2960  47.04534381
  0.2970  48.71060256
  0.2980  50.34217885
  0.2990  51.93974555
  0.3000  53.50298980
  0.3010  55.03161298
  0.3020  56.52533081
  0.3030  57.98387333
  0.3040  59.40698497
  0.3050  60.79442454
  0.3060  62.14596525
  0.3070  63.46139473
  0.3080  64.74051503
  0.3090  65.98314261
  0.3100  67.18910835
  0.3110  68.35825751
  0.3120  69.49044975
  0.3130  70.58555905
  0.3140  71.64347374
  0.3150  72.66409642
  0.3160  73.64734394
  0.3170  74.59314736
  0.3180  75.50145185
  0.3190  76.37221670
  0.3200  77.20541520
  0.3210  78.00103461
  0.3220  78.75907607
  0.3230  79.47955449
  0.3240  80.16249852
  0.3250  80.80795043
  0.3260  81.41596602
  0.3270  81.98661450
  0.3280  82.51997842
  0.3290  83.01615354
  0.3300  83.47524871
  0.3310  83.89738576
  0.3320  84.28269937
  0.3330  84.63133695
  0.3340  84.94345849
  0.3350  85.21923645
  0.3360  85.45885557
  0.3370  85.66251276
  0.3380  85.83041697
  0.3390  85.96278896
  0.3400  86.05986123
  0.3410  86.12187778
  0.3420  86.14909400
  0.3430  86.14177646
  0.3440  86.10020276
  0.3450  86.02466134
  0.3460  85.91545132
  0.3470  85.77288228
  0.3480  85.59727409
  0.3490  85.38895673
  0.3500  85.14827010
  0.3510  84.87556377
  0.3520  84.57119686
  0.3530  84.23553777
  0.3540  83.86896403
  0.3550  83.47186203
  0.3560  83.04462687
  0.3570  82.58766211
  0.3580  82.10137959
  0.3590  81.58619916
  0.3600  81.04254851
  0.3610  80.47086294
  0.3620  79.87158511
  0.3630  79.24516486
  0.3640  78.59205894
  0.3650  77.91273082
  0.3660  77.20765042
  0.3670  76.47729394
  0.3680  75.72214358
  0.3690  74.94268732
  0.3700  74.13941870
  0.3710  73.31283656
  0.3720  72.46344486
  0.3730  71.59175236
  0.3740  70.69827247
  0.3750  69.78352298
  0.3760  68.84802581
  0.3770  67.89230677
  0.3780  66.91689538
  0.3790  65.92232457
  0.3800  64.90913048
  0.3810  63.87785220
  0.3820  62.82903155
  0.3830  61.76321288
  0.3840  60.68094274
  0.3850  59.58276976
  0.3860  58.46924434
  0.3870  57.34091845
  0.3880  56.19834537
  0.3890  55.04207953
  0.3900  53.87267618
  0.3910  52.69069126
  0.3920  51.49668112
  0.3930  50.29120230
  0.3940  49.07481132
  0.3950  47.84806447
  0.3960  46.61151758
  0.3970  45.36572578
  0.3980  44.11124333
  0.3990  42.84862339
  0.4000  41.57841781
  0.4010  40.30117692
  0.4020  39.01744936
  0.4030  37.72778183
  0.4040  36.43271894
  0.4050  35.13280302
  0.4060  33.82857391
  0.4070  32.52056881
  0.4080  31.20932210
  0.4090  29.89536520
  0.4100  28.57922640
  0.4110  27.26143073
  0.4120  25.94249990
  0.4130  24.62295215
  0.4140  23.30330222
  0.4150  21.98406138
  0.4160  20.66573748
  0.4170  19.34883510
  0.4180  18.03385587
  0.4190  16.72129903
  0.4200  15.41166227
  0.4210  14.10544324
  0.4220  12.80314192
  0.4230  11.50526472
  0.4240  10.21233184
  0.4250  8.92489076
  0.4260  7.64354344
  0.4270  6.36900548
  0.4280  5.10225244
  0.4290  3.84494921
  0.4300  2.60109828
  0.4310  1.38735772
  0.4320  0.45000700
  0.4330  1.23975695
  0.4340  2.42131460
  0.4350  3.62090781
  0.4360  4.81763268
  0.4370  6.00695553
  0.4380  7.18712737
  0.4390  8.35719817
  0.4400  9.51652100
  0.4410  10.66458742
  0.4420  11.80096191
  0.4430  12.92525218
  0.4440  14.03709443
  0.4450  15.13614544
  0.4460  16.22207809
  0.4470  17.29457870
  0.4480  18.35334536
  0.4490  19.39808695
  0.4500  20.42852239
  0.4510  21.44438021
  0.4520  22.44539825
  0.4530  23.43132343
  0.4540  24.40191161
  0.4550  25.35692749
  0.4560  26.29614453
  0.4570  27.21934487
  0.4580  28.12631932
  0.4590  29.01686734
  0.4600  29.89079697
  0.4610  30.74792482
  0.4620  31.58807609
  0.4630  32.41108450
  0.4640  33.21679229
  0.4650  34.00505020
  0.4660  34.77571745
  0.4670  35.52866171
  0.4680  36.26375907
  0.4690  36.98089405
  0.4700  37.67995949
  0.4710  38.36085660
  0.4720  39.02349488
  0.4730  39.66779208
  0.4740  40.29367418
  0.4750  40.90107532
  0.4760  41.48993778
  0.4770  42.06021191
  0.4780  42.61185608
  0.4790  43.14483662
  0.4800  43.65912779
  0.4810  44.15471168
  0.4820  44.63157816
  0.4830  45.08972482
  0.4840  45.52915690
  0.4850  45.94988721
  0.4860  46.35193606
  0.4870  46.73533118
  0.4880  47.10010764
  0.4890  47.44630776
  0.4900  47.77398106
  0.4910  48.08318413
  0.4920  48.37398056
  0.4930  48.64644084
  0.4940  48.90064229
  0.4950  49.13666893
  0.4960  49.35461142
  0.4970  49.55456691
  0.4980  49.73663899
  0.4990  49.90093756
  0.5000  50.04757872
  0.5010  50.17668469
  0.5020  50.28838365
  0.5030  50.38280970
  0.5040  50.46010269
  0.5050  50.52040812
  0.5060  50.56387704
  0.5070  50.59066592
  0.5080  50.60093654
  0.5090  50.59485587
  0.5100  50.57259594
  0.5110  50.53433374
  0.5120  50.48025106
  0.5130  50.41053441
  0.5140  50.32537488
  0.5150  50.22496798
  0.5160  50.10951359
  0.5170  49.97921574
  0.5180  49.83428257
  0.5190  49.67492615
  0.5200  49.50136235
  0.5210  49.31381073
  0.5220  49.11249443
  0.5230  48.89763998
  0.5240  48.66947723
  0.5250  48.42823918
  0.5260  48.17416188
  0.5270  47.90748426
  0.5280  47.62844805
  0.5290  47.33729760
  0.5300  47.03427978
  0.5310  46.71964384
  0.5320  46.39364128
  0.5330  46.05652572
  0.5340  45.70855277
  0.5350  45.34997989
  0.5360  44.98106629
  0.5370  44.60207276
  0.5380  44.21326159
  0.5390  43.81489638
  0.5400  43.40724198
  0.5410  42.99056433
  0.5420  42.56513032
  0.5430  42.13120768
  0.5440  41.68906489
  0.5450  41.23897098
  0.5460  40.78119549
  0.5470  40.31600828
  0.5480  39.84367947
  0.5490  39.36447926
  0.5500  38.87867786
  0.5510  38.38654536
  0.5520  37.88835159
  0.5530  37.38436604
  0.5540  36.87485773
  0.5550  36.36009509
  0.5560  35.84034586
  0.5570  35.31587699
  0.5580  34.78695451
  0.5590  34.25384343
  0.5600  33.71680765
  0.5610  33.17610984
  0.5620  32.63201134
  0.5630  32.08477207
  0.5640  31.53465041
  0.5650  30.98190314
  0.5660  30.42678529
  0.5670  29.86955012
  0.5680  29.31044893
  0.5690  28.74973109
  0.5700  28.18764382
  0.5710  27.62443223
  0.5720  27.06033913
  0.5730  26.49560502
  0.5740  25.93046796
  0.5750  25.36516354
  0.5760  24.79992476
  0.5770  24.23498194
  0.5780  23.67056274
  0.5790  23.10689196
  0.5800  22.54419158
  0.5810  21.98268063
  0.5820  21.42257514
  0.5830  20.86408809
  0.5840  20.30742932
  0.5850  19.75280552
  0.5860  19.20042011
  0.5870  18.65047323
  0.5880  18.10316168
  0.5890  17.55867886
  0.5900  17.01721473
  0.5910  16.47895573
  0.5920  15.94408482
  0.5930  15.41278133
  0.5940  14.88522101
  0.5950  14.36157593
  0.5960  13.84201451
  0.5970  13.32670142
  0.5980  12.81579760
  0.5990  12.30946021
  0.6000  11.80784260
  0.6010  11.31109434
  0.6020  10.81936114
  0.6030  10.33278486
  0.6040  9.85150353
  0.6050  9.37565131
  0.6060  8.90535853
  0.6070  8.44075165
  0.6080  7.98195336
  0.6090  7.52908252
  0.6100  7.08225431
  0.6110  6.64158022
  0.6120  6.20716822
  0.6130  5.77912286
  0.6140  5.35754554
  0.6150  4.94253478
  0.6160  4.53418671
  0.6170  4.13259576
  0.6180  3.73785581
  0.6190  3.35006196
  0.6200  2.96931363
  0.6210  2.59572003
  0.6220  2.22941066
  0.6230  1.87055700
  0.6240  1.51942247
  0.6250  1.17649514
  0.6260  0.84292174
  0.6270  0.52249298
  0.6280  0.23877229
  0.6290  0.21954957
  0.6300  0.48213140
  0.6310  0.77194236
  0.6320  1.06063299
  0.6330  1.34398135
  0.6340  1.62077729
  0.6350  1.89054188
  0.6360  2.15304609
  0.6370  2.40816648
  0.6380  2.65583166
  0.6390  2.89599919
  0.6400  3.12864447
  0.6410  3.35375501
  0.6420  3.57132714
  0.6430  3.78136412
  0.6440  3.98387495
  0.6450  4.17887357
  0.6460  4.36637837
  0.6470  4.54641179
  0.6480  4.71900007
  0.6490  4.88417302
  0.6500  5.04196387
  0.6510  5.19240913
  0.6520  5.33554848
  0.6530  5.47142470
  0.6540  5.60008350
  0.6550  5.72157353
  0.6560  5.83594625
  0.6570  5.94325588
  0.6580  6.04355931
  0.6590  6.13691607
  0.6600  6.22338822
  0.6610  6.30304031
  0.6620  6.37593933
  0.6630  6.44215460
  0.6640  6.50175777
  0.6650  6.55482270
  0.6660  6.60142544
  0.6670  6.64164414
  0.6680  6.67555901
  0.6690  6.70325222
  0.6700  6.72480790
  0.6710  6.74031202
  0.6720  6.74985235
  0.6730  6.75351842
  0.6740  6.75140140
  0.6750  6.74359412
  0.6760  6.73019091
  0.6770  6.71128764
  0.6780  6.68698158
  0.6790  6.65737138
  0.6800  6.62255698
  0.6810  6.58263958
  0.6820  6.53772155
  0.6830  6.48790640
  0.6840  6.43329869
  0.6850  6.37400398
  0.6860  6.31012876
  0.6870  6.24178044
  0.6880  6.16906721
  0.6890  6.09209804
  0.6900  6.01098261
  0.6910  5.92583125
  0.6920  5.83675486
  0.6930  5.74386491
  0.6940  5.64727330
  0.6950  5.54709241
  0.6960  5.44343494
  0.6970  5.33641395
  0.6980  5.22614274
  0.6990  5.11273483
  0.7000  4.99630393
  0.7010  4.87696384
  0.7020  4.75482848
  0.7030  4.63001176
  0.7040  4.50262763
  0.7050  4.37278999
  0.7060  4.24061266
  0.7070  4.10620938
  0.7080  3.96969379
  0.7090  3.83117941
  0.7100  3.69077962
  0.7110  3.54860773
  0.7120  3.40477694
  0.7130  3.25940047
  0.7140  3.11259159
  0.7150  2.96446378
  0.7160  2.81513091
  0.7170  2.66470749
  0.7180  2.51330909
  0.7190  2.36105286
  0.7200  2.20805833
  0.7210  2.05444865
  0.7220  1.90035229
  0.7230  1.74590585
  0.7240  1.59125836
  0.7250  1.43657850
  0.7260  1.28206686
  0.7270  1.12797816
  0.7280  0.97466404
  0.7290  0.82266203
  0.7300  0.67289968
  0.7310  0.52722434
  0.7320  0.39000393
  0.7330  0.27369413
  0.7340  0.21441198
  0.7350  0.25451474
  0.7360  0.36152719
  0.7370  0.49297156
  0.7380  0.63317668
  0.7390  0.77682715
  0.7400  0.92176816
  0.7410  1.06696140
  0.7420  1.21183058
  0.7430  1.35601644
  0.7440  1.49927237
  0.7450  1.64141512
  0.7460  1.78229951
  0.7470  1.92180466
  0.7480  2.05982597
  0.7490  2.19627031
  0.7500  2.33105300
  0.7510  2.46409581
  0.7520  2.59532569
  0.7530  2.72467383
  0.7540  2.85207507
  0.7550  2.97746743
  0.7560  3.10079180
  0.7570  3.22199167
  0.7580  3.34101300
  0.7590  3.45780405
  0.7600  3.57231527
  0.7610  3.68449927
  0.7620  3.79431069
  0.7630  3.90170618
  0.7640  4.00664439
  0.7650  4.10908588
  0.7660  4.20899311
  0.7670  4.30633045
  0.7680  4.40106410
  0.7690  4.49316214
  0.7700  4.58259444
  0.7710  4.66933271
  0.7720  4.75335042
  0.7730  4.83462286
  0.7740  4.91312705
  0.7750  4.98884180
  0.7760  5.06174764
  0.7770  5.13182682
  0.7780  5.19906333
  0.7790  5.26344282
  0.7800  5.32495267
  0.7810  5.38358189
  0.7820  5.43932117
  0.7830  5.49216284
  0.7840  5.54210084
  0.7850  5.58913072
  0.7860  5.63324964
  0.7870  5.67445631
  0.7880  5.71275103
  0.7890  5.74813560
  0.7900  5.78061337
  0.7910  5.81018918
  0.7920  5.83686936
  0.7930  5.86066170
  0.7940  5.88157542
  0.7950  5.89962118
  0.7960  5.91481104
  0.7970  5.92715844
  0.7980  5.93667816
  0.7990  5.94338634
  0.8000  5.94730042
  0.8010  5.94843914
  0.8020  5.94682249
  0.8030  5.94247173
  0.8040  5.93540932
  0.8050  5.92565891
  0.8060  5.91324535
  0.8070  5.89819460
  0.8080  5.88053377
  0.8090  5.86029106
  0.8100  5.83749572
  0.8110  5.81217807
  0.8120  5.78436944
  0.8130  5.75410215
  0.8140  5.72140947
  0.8150  5.68632565
  0.8160  5.64888581
  0.8170  5.60912598
  0.8180  5.56708305
  0.8190  5.52279471
  0.8200  5.47629951
  0.8210  5.42763672
  0.8220  5.37684639
  0.8230  5.32396929
  0.8240  5.26904688
  0.8250  5.21212129
  0.8260  5.15323528
  0.8270  5.09243224
  0.8280  5.02975613
  0.8290  4.96525148
  0.8300  4.89896332
  0.8310  4.83093723
  0.8320  4.76121922
  0.8330  4.68985577
  0.8340  4.61689378
  0.8350  4.54238054
  0.8360  4.46636370
  0.8370  4.38889126
  0.8380  4.31001154
  0.8390  4.22977312
  0.8400  4.14822487
  0.8410  4.06541588
  0.8420  3.98139545
  0.8430  3.89621306
  0.8440  3.80991836
  0.8450  3.72256112
  0.8460  3.63419123
  0.8470  3.54485865
  0.8480  3.45461343
  0.8490  3.36350561
  0.8500  3.27158530
  0.8510  3.17890256
  0.8520  3.08550745
  0.8530  2.99144995
  0.8540  2.89678000
  0.8550  2.80154745
  0.8560  2.70580201
  0.8570  2.60959332
  0.8580  2.51297085
  0.8590  2.41598392
  0.8600  2.31868173
  0.8610  2.22111327
  0.8620  2.12332741
  0.8630  2.02537284
  0.8640  1.92729811
  0.8650  1.82915167
  0.8660  1.73098188
  0.8670  1.63283708
  0.8680  1.53476568
  0.8690  1.43681634
  0.8700  1.33903808
  0.8710  1.24148069
  0.8720  1.14419510
  0.8730  1.04723416
  0.8740  0.95065378
  0.8750  0.85451482
  0.8760  0.75888649
  0.8770  0.66385243
  0.8780  0.56952286
  0.8790  0.47606040
  0.8800  0.38374244
  0.8810  0.29313562
  0.8820  0.20570512
  0.8830  0.12672992
  0.8840  0.08236883
  0.8850  0.11866453
  0.8860  0.19370470
  0.8870  0.27686546
  0.8880  0.36195107
  0.8890  0.44731716
  0.8900  0.53235062
  0.8910  0.61676225
  0.8920  0.70038972
  0.8930  0.78312867
  0.8940  0.86490447
  0.8950  0.94565916
  0.8960  1.02534485
  0.8970  1.10392019
  0.8980  1.18134830
  0.8990  1.25759555
  0.9000  1.33263080
  0.9010  1.40642489
  0.9020  1.47895032
  0.9030  1.55018104
  0.9040  1.62009226
  0.9050  1.68866037
  0.9060  1.75586282
  0.9070  1.82167811
  0.9080  1.88608573
  0.9090  1.94906609
  0.9100  2.01060055
  0.9110  2.07067135
  0.9120  2.12926166
  0.9130  2.18635547
  0.9140  2.24193767
  0.9150  2.29599400
  0.9160  2.34851103
  0.9170  2.39947621
  0.9180  2.44887778
  0.9190  2.49670483
  0.9200  2.54294727
  0.9210  2.58759583
  0.9220  2.63064206
  0.9230  2.67207829
  0.9240  2.71189769
  0.9250  2.75009419
  0.9260  2.78666252
  0.9270  2.82159822
  0.9280  2.85489759
  0.9290  2.88655769
  0.9300  2.91657636
  0.9310  2.94495222
  0.9320  2.97168461
  0.9330  2.99677363
  0.9340  3.02022012
  0.9350  3.04202567
  0.9360  3.06219256
  0.9370  3.08072381
  0.9380  3.09762314
  0.9390  3.11289498
  0.9400  3.12654444
  0.9410  3.13857732
  0.9420  3.14900009
  0.9430  3.15781990
  0.9440  3.16504454
  0.9450  3.17068245
  0.9460  3.17474270
  0.9470  3.17723501
  0.9480  3.17816969
  0.9490  3.17755768
  0.9500  3.17541049
  0.9510  3.17174025
  0.9520  3.16655964
  0.9530  3.15988190
  0.9540  3.15172085
  0.9550  3.14209083
  0.9560  3.13100671
  0.9570  3.11848390
  0.9580  3.10453831
  0.9590  3.08918633
  0.9600  3.07244485
  0.9610  3.05433125
  0.9620  3.03486333
  0.9630  3.01405938
  0.9640  2.99193811
  0.9650  2.96851866
  0.9660  2.94382058
  0.9670  2.91786382
  0.9680  2.89066873
  0.9690  2.86225604
  0.9700  2.83264683
  0.9710  2.80186255
  0.9720  2.76992499
  0.9730  2.73685626
  0.9740  2.70267879
  0.9750  2.66741533
  0.9760  2.63108892
  0.9770  2.59372287
  0.9780  2.55534077
  0.9790  2.51596648
  0.9800  2.47562410
  0.9810  2.43433796
  0.9820  2.39213263
  0.9830  2.34903291
  0.9840  2.30506378
  0.9850  2.26025043
  0.9860  2.21461823
  0.9870  2.16819276
  0.9880  2.12099974
  0.9890  2.07306507
  0.9900  2.02441481
  0.9910  1.97507516
  0.9920  1.92507249
  0.9930  1.87443330
  0.9940  1.82318425
  0.9950  1.77135215
  0.9960  1.71896396
  0.9970  1.66604680
  0.9980  1.61262796
  0.9990  1.55873495
