  0.0000  55.46989342
  0.0010  55.44249736
  0.0020  55.36032013
  0.0030  55.22339464
  0.0040  55.03177569
  0.0050  54.78553997
  0.0060  54.48478604
  0.0070  54.12963428
  0.0080  53.72022685
  0.0090  53.25672764
  0.0100  52.73932219
  0.0110  52.16821762
  0.0120  51.54364256
  0.0130  50.86584707
  0.0140  50.13510251
  0.0150  49.35170147
  0.0160  48.51595765
  0.0170  47.62820572
  0.0180  46.68880120
  0.0190  45.69812033
  0.0200  44.65655995
  0.0210  43.56453728
  0.0220  42.42248985
  0.0230  41.23087526
  0.0240  39.99017105
  0.0250  38.70087454
  0.0260  37.36350261
  0.0270  35.97859154
  0.0280  34.54669682
  0.0290  33.06839300
  0.0300  31.54427347
  0.0310  29.97495034
  0.0320  28.36105428
  0.0330  26.70323443
  0.0340  25.00215833
  0.0350  23.25851206
  0.0360  21.47300040
  0.0370  19.64634745
  0.0380  17.77929774
  0.0390  15.87261841
  0.0400  13.92710377
  0.0410  11.94358472
  0.0420  9.92295087
  0.0430  7.86620911
  0.0440  5.77467402
  0.0450  3.65083814
  0.0460  1.50681941
  0.0470  0.78279603
  0.0480  2.96429761
  0.0490  5.21685252
  0.0500  7.50400462
  0.0510  9.82198270
  0.0520  12.16914181
  0.0530  14.54427637
  0.0540  16.94631306
  0.0550  19.37422512
  0.0560  21.82700197
  0.0570  24.30363671
  0.0580  26.80312046
  0.0590  29.32443963
  0.0600  31.86657463
  0.0610  34.42849925
  0.0620  37.00918049
  0.0630  39.60757858
  0.0640  42.22264715
  0.0650  44.85333347
  0.0660  47.49857875
  0.0670  50.15731853
  0.0680  52.82848297
  0.0690  55.51099731
  0.0700  58.20378223
  0.0710  60.90575427
  0.0720  63.61582624
  0.0730  66.33290768
  0.0740  69.05590523
  0.0750  71.78372311
  0.0760  74.51526353
  0.0770  77.24942715
  0.0780  79.98511349
  0.0790  82.72122139
  0.0800  85.45664947
  0.0810  88.19029652
  0.0820  90.92106202
  0.0830  93.64784650
  0.0840  96.36955205
  0.0850  99.08508274
  0.0860  101.79334507
  0.0870  104.49324838
  0.0880  107.18370535
  0.0890  109.86363241
  0.0900  112.53195015
  0.0910  115.18758384
  0.0920  117.82946376
  0.0930  120.45652575
  0.0940  123.06771155
  0.0950  125.66196927
  0.0960  128.23825383
  0.0970  130.79552736
  0.0980  133.33275962
  0.0990  135.84892847
  0.1000  138.34302022
  0.1010  140.81403009
  0.1020  143.26096260
  0.1030  145.68283198
  0.1040  148.07866257
  0.1050  150.44748922
  0.1060  152.78835770
  0.1070  155.10032507
  0.1080  157.38246005
  0.1090  159.63384344
  0.1100  161.85356848
  0.1110  164.04074118
  0.1120  166.19448077
  0.1130  168.31391997
  0.1140  170.39820539
  0.1150  172.44649788
  0.1160  174.45797286
  0.1170  176.43182064
  0.1180  178.36724680
  0.1190  180.26347244
  0.1200  182.11973457
  0.1210  183.93528637
  0.1220  185.70939750
  0.1230  187.44135442
  0.1240  189.13046067
  0.1250  190.77603710
  0.1260  192.37742225
  0.1270  193.93397251
  0.1280  195.44506243
  0.1290  196.91008497
  0.1300  198.32845174
  0.1310  199.69959323
  0.1320  201.02295903
  0.1330  202.29801807
  0.1340  203.52425880
  0.1350  204.70118941
  0.1360  205.82833804
  0.1370  206.90525293
  0.1380  207.93150261
  0.1390  208.90667608
  0.1400  209.83038295
  0.1410  210.70225358
  0.1420  211.52193926
  0.1430  212.28911231
  0.1440  213.00346618
  0.1450  213.66471563
  0.1460  214.27259675
  0.1470  214.82686714
  0.1480  215.32730591
  0.1490  215.77371382
  0.1500  216.16591330
  0.1510  216.50374855
  0.1520  216.78708552
  0.1530  217.01581203
  0.1540  217.18983773
  0.1550  217.30909415
  0.1560  217.37353469
  0.1570  217.38313464
  0.1580  217.33789115
  0.1590  217.23782319
  0.1600  217.08297159
  0.1610  216.87339890
  0.1620  216.60918944
  0.1630  216.29044915
  0.1640  215.91730559
  0.1650  215.48990783
  0.1660  215.00842634
  0.1670  214.47305296
  0.1680  213.88400072
  0.1690  213.24150376
  0.1700  212.54581719
  0.1710  211.79721700
  0.1720  210.99599983
  0.1730  210.14248290
  0.1740  209.23700380
  0.1750  208.27992034
  0.1760  207.27161036
  0.1770  206.21247153
  0.1780  205.10292119
  0.1790  203.94339612
  0.1800  202.73435230
  0.1810  201.47626474
  0.1820  200.16962722
  0.1830  198.81495204
  0.1840  197.41276981
  0.1850  195.96362915
  0.1860  194.46809646
  0.1870  192.92675565
  0.1880  191.34020783
  0.1890  189.70907105
  0.1900  188.03398004
  0.1910  186.31558582
  0.1920  184.55455550
  0.1930  182.75157189
  0.1940  180.90733321
  0.1950  179.02255276
  0.1960  177.09795860
  0.1970  175.13429319
  0.1980  173.13231307
  0.1990  171.09278848
  0.2000  169.01650304
  0.2010  166.90425336
  0.2020  164.75684870
  0.2030  162.57511056
  0.2040  160.35987234
  0.2050  158.11197897
  0.2060  155.83228647
  0.2070  153.52166161
  0.2080  151.18098152
  0.2090  148.81113323
  0.2100  146.41301337
  0.2110  143.98752766
  0.2120  141.53559058
  0.2130  139.05812493
  0.2140  136.55606141
  0.2150  134.03033823
  0.2160  131.48190066
  0.2170  128.91170063
  0.2180  126.32069631
  0.2190  123.70985167
  0.2200  121.08013606
  0.2210  118.43252379
  0.2220  115.76799371
  0.2230  113.08752876
  0.2240  110.39211553
  0.2250  107.68274387
  0.2260  104.96040644
  0.2270  102.22609826
  0.2280  99.48081631
  0.2290  96.72555907
  0.2300  93.96132612
  0.2310  91.18911769
  0.2320  88.40993425
  0.2330  85.62477605
  0.2340  82.83464272
  0.2350  80.04053287
  0.2360  77.24344361
  0.2370  74.44437016
  0.2380  71.64430545
  0.2390  68.84423968
  0.2400  66.04515989
  0.2410  63.24804961
  0.2420  60.45388838
  0.2430  57.66365141
  0.2440  54.87830913
  0.2450  52.09882681
  0.2460  49.32616419
  0.2470  46.56127505
  0.2480  43.80510685
  0.2490  41.05860034
  0.2500  38.32268920
  0.2510  35.59829962
  0.2520  32.88634999
  0.2530  30.18775051
  0.2540  27.50340283
  0.2550  24.83419969
  0.2560  22.18102461
  0.2570  19.54475150
  0.2580  16.92624436
  0.2590  14.32635692
  0.2600  11.74593237
  0.2610  9.18580295
  0.2620  6.64678974
  0.2630  4.12970228
  0.2640  1.63533831
  0.2650  0.83551655
  0.2660  3.28208904
  0.2670  5.70361860
  0.2680  8.09935761
  0.2690  10.46857164
  0.2700  12.81053973
  0.2710  15.12455464
  0.2720  17.40992310
  0.2730  19.66596602
  0.2740  21.89201874
  0.2750  24.08743125
  0.2760  26.25156838
  0.2770  28.38381006
  0.2780  30.48355145
  0.2790  32.55020319
  0.2800  34.58319154
  0.2810  36.58195857
  0.2820  38.54596235
  0.2830  40.47467706
  0.2840  42.36759319
  0.2850  44.22421764
  0.2860  46.04407390
  0.2870  47.82670214
  0.2880  49.57165933
  0.2890  51.27851938
  0.2900  52.94687321
  0.2910  54.57632887
  0.2920  56.16651160
  0.2930  57.71706394
  0.2940  59.22764576
  0.2950  60.69793435
  0.2960  62.12762448
  0.2970  63.51642842
  0.2980  64.86407600
  0.2990  66.17031461
  0.3000  67.43490926
  0.3010  68.65764256
  0.3020  69.83831475
  0.3030  70.97674369
  0.3040  72.07276483
  0.3050  73.12623123
  0.3060  74.13701349
  0.3070  75.10499977
  0.3080  76.03009570
  0.3090  76.91222436
  0.3100  77.75132620
  0.3110  78.54735900
  0.3120  79.30029780
  0.3130  80.01013481
  0.3140  80.67687932
  0.3150  81.30055762
  0.3160  81.88121290
  0.3170  82.41890514
  0.3180  82.91371099
  0.3190  83.36572367
  0.3200  83.77505284
  0.3210  84.14182443
  0.3220  84.46618055
  0.3230  84.74827934
  0.3240  84.98829477
  0.3250  85.18641654
  0.3260  85.34284988
  0.3270  85.45781540
  0.3280  85.53154890
  0.3290  85.56430120
  0.3300  85.55633795
  0.3310  85.50793944
  0.3320  85.41940039
  0.3330  85.29102978
  0.3340  85.12315058
  0.3350  84.91609962
  0.3360  84.67022732
  0.3370  84.38589746
  0.3380  84.06348698
  0.3390  83.70338578
  0.3400  83.30599638
  0.3410  82.87173382
  0.3420  82.40102529
  0.3430  81.89430997
  0.3440  81.35203873
  0.3450  80.77467392
  0.3460  80.16268906
  0.3470  79.51656862
  0.3480  78.83680773
  0.3490  78.12391195
  0.3500  77.37839695
  0.3510  76.60078828
  0.3520  75.79162106
  0.3530  74.95143974
  0.3540  74.08079779
  0.3550  73.18025742
  0.3560  72.25038931
  0.3570  71.29177233
  0.3580  70.30499322
  0.3590  69.29064633
  0.3600  68.24933333
  0.3610  67.18166288
  0.3620  66.08825038
  0.3630  64.96971766
  0.3640  63.82669268
  0.3650  62.65980924
  0.3660  61.46970667
  0.3670  60.25702956
  0.3680  59.02242743
  0.3690  57.76655445
  0.3700  56.49006914
  0.3710  55.19363408
  0.3720  53.87791558
  0.3730  52.54358344
  0.3740  51.19131059
  0.3750  49.82177283
  0.3760  48.43564853
  0.3770  47.03361834
  0.3780  45.61636489
  0.3790  44.18457248
  0.3800  42.73892684
  0.3810  41.28011479
  0.3820  39.80882398
  0.3830  38.32574262
  0.3840  36.83155918
  0.3850  35.32696211
  0.3860  33.81263961
  0.3870  32.28927930
  0.3880  30.75756805
  0.3890  29.21819167
  0.3900  27.67183468
  0.3910  26.11918015
  0.3920  24.56090946
  0.3930  22.99770217
  0.3940  21.43023595
  0.3950  19.85918654
  0.3960  18.28522787
  0.3970  16.70903248
  0.3980  15.13127214
  0.3990  13.55261941
  0.4000  11.97375027
  0.4010  10.39534968
  0.4020  8.81812309
  0.4030  7.24282342
  0.4040  5.67032288
  0.4050  4.10184945
  0.4060  2.54009364
  0.4070  1.00063512
  0.4080  0.65810851
  0.4090  2.16805221
  0.4100  3.70794285
  0.4110  5.24563221
  0.4120  6.77755891
  0.4130  8.30237292
  0.4140  9.81921350
  0.4150  11.32738338
  0.4160  12.82625604
  0.4170  14.31524222
  0.4180  15.79377597
  0.4190  17.26130804
  0.4200  18.71730265
  0.4210  20.16123571
  0.4220  21.59259388
  0.4230  23.01087405
  0.4240  24.41558304
  0.4250  25.80623749
  0.4260  27.18236383
  0.4270  28.54349824
  0.4280  29.88918674
  0.4290  31.21898524
  0.4300  32.53245959
  0.4310  33.82918570
  0.4320  35.10874962
  0.4330  36.37074761
  0.4340  37.61478625
  0.4350  38.84048255
  0.4360  40.04746398
  0.4370  41.23536859
  0.4380  42.40384511
  0.4390  43.55255296
  0.4400  44.68116241
  0.4410  45.78935457
  0.4420  46.87682151
  0.4430  47.94326627
  0.4440  48.98840297
  0.4450  50.01195681
  0.4460  51.01366415
  0.4470  51.99327253
  0.4480  52.95054071
  0.4490  53.88523872
  0.4500  54.79714786
  0.4510  55.68606072
  0.4520  56.55178125
  0.4530  57.39412468
  0.4540  58.21291761
  0.4550  59.00799797
  0.4560  59.77921502
  0.4570  60.52642936
  0.4580  61.24951290
  0.4590  61.94834885
  0.4600  62.62283170
  0.4610  63.27286720
  0.4620  63.89837228
  0.4630  64.49927511
  0.4640  65.07551496
  0.4650  65.62704221
  0.4660  66.15381829
  0.4670  66.65581563
  0.4680  67.13301757
  0.4690  67.58541836
  0.4700  68.01302300
  0.4710  68.41584727
  0.4720  68.79391759
  0.4730  69.14727093
  0.4740  69.47595477
  0.4750  69.78002700
  0.4760  70.05955579
  0.4770  70.31461954
  0.4780  70.54530674
  0.4790  70.75171590
  0.4800  70.93395541
  0.4810  71.09214344
  0.4820  71.22640783
  0.4830  71.33688596
  0.4840  71.42372462
  0.4850  71.48707990
  0.4860  71.52711705
  0.4870  71.54401032
  0.4880  71.53794289
  0.4890  71.50910664
  0.4900  71.45770207
  0.4910  71.38393812
  0.4920  71.28803206
  0.4930  71.17020926
  0.4940  71.03070312
  0.4950  70.86975484
  0.4960  70.68761330
  0.4970  70.48453488
  0.4980  70.26078329
  0.4990  70.01662940
  0.5000  69.75235107
  0.5010  69.46823298
  0.5020  69.16456645
  0.5030  68.84164923
  0.5040  68.49978538
  0.5050  68.13928502
  0.5060  67.76046420
  0.5070  67.36364466
  0.5080  66.94915369
  0.5090  66.51732391
  0.5100  66.06849309
  0.5110  65.60300393
  0.5120  65.12120390
  0.5130  64.62344504
  0.5140  64.11008372
  0.5150  63.58148049
  0.5160  63.03799986
  0.5170  62.48001012
  0.5180  61.90788308
  0.5190  61.32199393
  0.5200  60.72272103
  0.5210  60.11044568
  0.5220  59.48555191
  0.5230  58.84842633
  0.5240  58.19945788
  0.5250  57.53903762
  0.5260  56.86755858
  0.5270  56.18541550
  0.5280  55.49300466
  0.5290  54.79072365
  0.5300  54.07897120
  0.5310  53.35814697
  0.5320  52.62865133
  0.5330  51.89088518
  0.5340  51.14524973
  0.5350  50.39214634
  0.5360  49.63197630
  0.5370  48.86514060
  0.5380  48.09203981
  0.5390  47.31307383
  0.5400  46.52864173
  0.5410  45.73914153
  0.5420  44.94497006
  0.5430  44.14652272
  0.5440  43.34419334
  0.5450  42.53837398
  0.5460  41.72945474
  0.5470  40.91782364
  0.5480  40.10386635
  0.5490  39.28796613
  0.5500  38.47050356
  0.5510  37.65185646
  0.5520  36.83239967
  0.5530  36.01250492
  0.5540  35.19254066
  0.5550  34.37287194
  0.5560  33.55386023
  0.5570  32.73586327
  0.5580  31.91923498
  0.5590  31.10432527
  0.5600  30.29147997
  0.5610  29.48104065
  0.5620  28.67334453
  0.5630  27.86872438
  0.5640  27.06750839
  0.5650  26.27002009
  0.5660  25.47657826
  0.5670  24.68749684
  0.5680  23.90308487
  0.5690  23.12364643
  0.5700  22.34948059
  0.5710  21.58088138
  0.5720  20.81813780
  0.5730  20.06153377
  0.5740  19.31134822
  0.5750  18.56785512
  0.5760  17.83132356
  0.5770  17.10201790
  0.5780  16.38019795
  0.5790  15.66611921
  0.5800  14.96003318
  0.5810  14.26218779
  0.5820  13.57282792
  0.5830  12.89219614
  0.5840  12.22053359
  0.5850  11.55808116
  0.5860  10.90508110
  0.5870  10.26177904
  0.5880  9.62842678
  0.5890  9.00528601
  0.5900  8.39263349
  0.5910  7.79076816
  0.5920  7.20002135
  0.5930  6.62077141
  0.5940  6.05346550
  0.5950  5.49865257
  0.5960  4.95703484
  0.5970  4.42955074
  0.5980  3.91751337
  0.5990  3.42285078
  0.6000  2.94854083
  0.6010  2.49943069
  0.6020  2.08382674
  0.6030  1.71653387
  0.6040  1.42377503
  0.6050  1.24591440
  0.6060  1.22089152
  0.6070  1.34578671
  0.6080  1.57601665
  0.6090  1.86524669
  0.6100  2.18364800
  0.6110  2.51462239
  0.6120  2.84902193
  0.6130  3.18161734
  0.6140  3.50927641
  0.6150  3.83003765
  0.6160  4.14262464
  0.6170  4.44618033
  0.6180  4.74011529
  0.6190  5.02401743
  0.6200  5.29759629
  0.6210  5.56064748
  0.6220  5.81302933
  0.6230  6.05464717
  0.6240  6.28544241
  0.6250  6.50538487
  0.6260  6.71446724
  0.6270  6.91270102
  0.6280  7.10011344
  0.6290  7.27674522
  0.6300  7.44264874
  0.6310  7.59788667
  0.6320  7.74253082
  0.6330  7.87666132
  0.6340  8.00036579
  0.6350  8.11373882
  0.6360  8.21688139
  0.6370  8.30990045
  0.6380  8.39290856
  0.6390  8.46602353
  0.6400  8.52936812
  0.6410  8.58306979
  0.6420  8.62726044
  0.6430  8.66207618
  0.6440  8.68765716
  0.6450  8.70414732
  0.6460  8.71169424
  0.6470  8.71044894
  0.6480  8.70056576
  0.6490  8.68220214
  0.6500  8.65551850
  0.6510  8.62067809
  0.6520  8.57784682
  0.6530  8.52719317
  0.6540  8.46888798
  0.6550  8.40310438
  0.6560  8.33001765
  0.6570  8.24980506
  0.6580  8.16264577
  0.6590  8.06872074
  0.6600  7.96821255
  0.6610  7.86130535
  0.6620  7.74818473
  0.6630  7.62903760
  0.6640  7.50405215
  0.6650  7.37341768
  0.6660  7.23732459
  0.6670  7.09596428
  0.6680  6.94952905
  0.6690  6.79821212
  0.6700  6.64220752
  0.6710  6.48171009
  0.6720  6.31691546
  0.6730  6.14802012
  0.6740  5.97522136
  0.6750  5.79871745
  0.6760  5.61870766
  0.6770  5.43539252
  0.6780  5.24897397
  0.6790  5.05965574
  0.6800  4.86764374
  0.6810  4.67314662
  0.6820  4.47637656
  0.6830  4.27755021
  0.6840  4.07689006
  0.6850  3.87462620
  0.6860  3.67099876
  0.6870  3.46626117
  0.6880  3.26068472
  0.6890  3.05456505
  0.6900  2.84823124
  0.6910  2.64205916
  0.6920  2.43649133
  0.6930  2.23206700
  0.6940  2.02946911
  0.6950  1.82959939
  0.6960  1.63370186
  0.6970  1.44357068
  0.6980  1.26190601
  0.6990  1.09291751
  0.7000  0.94327606
  0.7010  0.82324734
  0.7020  0.74668595
  0.7030  0.72670891
  0.7040  0.76688979
  0.7050  0.85792646
  0.7060  0.98493320
  0.7070  1.13503677
  0.7080  1.29942374
  0.7090  1.47251508
  0.7100  1.65080232
  0.7110  1.83202544
  0.7120  2.01467577
  0.7130  2.19770628
  0.7140  2.38036182
  0.7150  2.56207745
  0.7160  2.74241604
  0.7170  2.92102881
  0.7180  3.09762973
  0.7190  3.27197858
  0.7200  3.44386936
  0.7210  3.61312226
  0.7220  3.77957802
  0.7230  3.94309379
  0.7240  4.10354018
  0.7250  4.26079906
  0.7260  4.41476183
  0.7270  4.56532820
  0.7280  4.71240518
  0.7290  4.85590634
  0.7300  4.99575118
  0.7310  5.13186468
  0.7320  5.26417690
  0.7330  5.39262266
  0.7340  5.51714131
  0.7350  5.63767647
  0.7360  5.75417591
  0.7370  5.86659136
  0.7380  5.97487840
  0.7390  6.07899633
  0.7400  6.17890810
  0.7410  6.27458021
  0.7420  6.36598262
  0.7430  6.45308871
  0.7440  6.53587519
  0.7450  6.61432206
  0.7460  6.68841254
  0.7470  6.75813303
  0.7480  6.82347305
  0.7490  6.88442521
  0.7500  6.94098513
  0.7510  6.99315144
  0.7520  7.04092567
  0.7530  7.08431230
  0.7540  7.12331863
  0.7550  7.15795477
  0.7560  7.18823359
  0.7570  7.21417071
  0.7580  7.23578441
  0.7590  7.25309560
  0.7600  7.26612778
  0.7610  7.27490701
  0.7620  7.27946184
  0.7630  7.27982327
  0.7640  7.27602472
  0.7650  7.26810197
  0.7660  7.25609310
  0.7670  7.24003849
  0.7680  7.21998071
  0.7690  7.19596453
  0.7700  7.16803682
  0.7710  7.13624653
  0.7720  7.10064466
  0.7730  7.06128415
  0.7740  7.01821988
  0.7750  6.97150862
  0.7760  6.92120894
  0.7770  6.86738120
  0.7780  6.81008745
  0.7790  6.74939145
  0.7800  6.68535854
  0.7810  6.61805564
  0.7820  6.54755117
  0.7830  6.47391502
  0.7840  6.39721847
  0.7850  6.31753415
  0.7860  6.23493598
  0.7870  6.14949915
  0.7880  6.06130000
  0.7890  5.97041602
  0.7900  5.87692579
  0.7910  5.78090891
  0.7920  5.68244593
  0.7930  5.58161835
  0.7940  5.47850852
  0.7950  5.37319960
  0.7960  5.26577552
  0.7970  5.15632090
  0.7980  5.04492103
  0.7990  4.93166178
  0.8000  4.81662961
  0.8010  4.69991143
  0.8020  4.58159465
  0.8030  4.46176705
  0.8040  4.34051679
  0.8050  4.21793231
  0.8060  4.09410236
  0.8070  3.96911587
  0.8080  3.84306198
  0.8090  3.71602998
  0.8100  3.58810927
  0.8110  3.45938934
  0.8120  3.32995975
  0.8130  3.19991010
  0.8140  3.06933007
  0.8150  2.93830936
  0.8160  2.80693777
  0.8170  2.67530522
  0.8180  2.54350183
  0.8190  2.41161803
  0.8200  2.27974472
  0.8210  2.14797354
  0.8220  2.01639719
  0.8230  1.88510993
  0.8240  1.75420839
  0.8250  1.62379261
  0.8260  1.49396777
  0.8270  1.36484678
  0.8280  1.23655452
  0.8290  1.10923473
  0.8300  0.98306221
  0.8310  0.85826488
  0.8320  0.73516718
  0.8330  0.61428174
  0.8340  0.49652448
  0.8350  0.38378531
  0.8360  0.28067507
  0.8370  0.20027514
  0.8380  0.17418321
  0.8390  0.22015155
  0.8400  0.30567802
  0.8410  0.40516349
  0.8420  0.50939039
  0.8430  0.61499490
  0.8440  0.72052593
  0.8450  0.82525270
  0.8460  0.92875702
  0.8470  1.03077283
  0.8480  1.13111530
  0.8490  1.22964635
  0.8500  1.32625660
  0.8510  1.42085534
  0.8520  1.51336461
  0.8530  1.60371563
  0.8540  1.69184651
  0.8550  1.77770074
  0.8560  1.86122621
  0.8570  1.94237453
  0.8580  2.02110051
  0.8590  2.09736186
  0.8600  2.17111892
  0.8610  2.24233447
  0.8620  2.31097361
  0.8630  2.37700365
  0.8640  2.44039403
  0.8650  2.50111626
  0.8660  2.55914389
  0.8670  2.61445244
  0.8680  2.66701939
  0.8690  2.71682415
  0.8700  2.76384806
  0.8710  2.80807434
  0.8720  2.84948807
  0.8730  2.88807624
  0.8740  2.92382765
  0.8750  2.95673296
  0.8760  2.98678464
  0.8770  3.01397700
  0.8780  3.03830614
  0.8790  3.05976993
  0.8800  3.07836805
  0.8810  3.09410193
  0.8820  3.10697475
  0.8830  3.11699143
  0.8840  3.12415861
  0.8850  3.12848464
  0.8860  3.12997955
  0.8870  3.12865504
  0.8880  3.12452450
  0.8890  3.11760291
  0.8900  3.10790690
  0.8910  3.09545468
  0.8920  3.08026603
  0.8930  3.06236233
  0.8940  3.04176643
  0.8950  3.01850273
  0.8960  2.99259712
  0.8970  2.96407693
  0.8980  2.93297095
  0.8990  2.89930936
  0.9000  2.86312375
  0.9010  2.82444707
  0.9020  2.78331360
  0.9030  2.73975892
  0.9040  2.69381991
  0.9050  2.64553471
  0.9060  2.59494266
  0.9070  2.54208435
  0.9080  2.48700151
  0.9090  2.42973707
  0.9100  2.37033505
  0.9110  2.30884062
  0.9120  2.24530003
  0.9130  2.17976064
  0.9140  2.11227087
  0.9150  2.04288021
  0.9160  1.97163927
  0.9170  1.89859975
  0.9180  1.82381449
  0.9190  1.74733756
  0.9200  1.66922431
  0.9210  1.58953157
  0.9220  1.50831779
  0.9230  1.42564338
  0.9240  1.34157112
  0.9250  1.25616685
  0.9260  1.16950041
  0.9270  1.08164719
  0.9280  0.99269047
  0.9290  0.90272541
  0.9300  0.81186564
  0.9310  0.72025526
  0.9320  0.62809145
  0.9330  0.53567097
  0.9340  0.44349444
  0.9350  0.35253071
  0.9360  0.26499510
  0.9370  0.18704852
  0.9380  0.13782842
  0.9390  0.15044260
  0.9400  0.21502303
  0.9410  0.30016266
  0.9420  0.39302955
  0.9430  0.48945423
  0.9440  0.58782605
  0.9450  0.68739499
  0.9460  0.78775358
  0.9470  0.88865041
  0.9480  0.98991308
  0.9490  1.09141259
  0.9500  1.19304547
  0.9510  1.29472418
  0.9520  1.39637155
  0.9530  1.49791758
  0.9540  1.59929737
  0.9550  1.70044980
  0.9560  1.80131672
  0.9570  1.90184233
  0.9580  2.00197284
  0.9590  2.10165613
  0.9600  2.20084160
  0.9610  2.29948005
  0.9620  2.39752353
  0.9630  2.49492532
  0.9640  2.59163986
  0.9650  2.68762272
  0.9660  2.78283059
  0.9670  2.87722123
  0.9680  2.97075351
  0.9690  3.06338737
  0.9700  3.15508384
  0.9710  3.24580502
  0.9720  3.33551410
  0.9730  3.42417534
  0.9740  3.51175410
  0.9750  3.59821685
  0.9760  3.68353112
  0.9770  3.76766557
  0.9780  3.85058995
  0.9790  3.93227511
  0.9800  4.01269302
  0.9810  4.09181676
  0.9820  4.16962050
  0.9830  4.24607953
  0.9840  4.32117026
  0.9850  4.39487019
  0.9860  4.46715792
  0.9870  4.53801316
  0.9880  4.60741670
  0.9890  4.67535043
  0.9900  4.74179732
  0.9910  4.80674140
  0.9920  4.87016778
  0.9930  4.93206262
  0.9940  4.99241313
  0.9950  5.05120754
  0.9960  5.10843511
  0.9970  5.16408610
  0.9980  5.21815178
  0.9990  5.27062439
