  0.0000  64.63835402
  0.0010  64.60903538
  0.0020  64.52109150
  0.0030  64.37455850
  0.0040  64.16949659
  0.0050  63.90598999
  0.0060  63.58414694
  0.0070  63.20409964
  0.0080  62.76600420
  0.0090  62.27004056
  0.0100  61.71641243
  0.0110  61.10534720
  0.0120  60.43709581
  0.0130  59.71193273
  0.0140  58.93015574
  0.0150  58.09208589
  0.0160  57.19806730
  0.0170  56.24846707
  0.0180  55.24367508
  0.0190  54.18410385
  0.0200  53.07018837
  0.0210  51.90238590
  0.0220  50.68117579
  0.0230  49.40705927
  0.0240  48.08055924
  0.0250  46.70222005
  0.0260  45.27260728
  0.0270  43.79230750
  0.0280  42.26192800
  0.0290  40.68209656
  0.0300  39.05346118
  0.0310  37.37668980
  0.0320  35.65247002
  0.0330  33.88150882
  0.0340  32.06453225
  0.0350  30.20228514
  0.0360  28.29553076
  0.0370  26.34505053
  0.0380  24.35164366
  0.0390  22.31612684
  0.0400  20.23933390
  0.0410  18.12211542
  0.0420  15.96533841
  0.0430  13.76988595
  0.0440  11.53665679
  0.0450  9.26656503
  0.0460  6.96053975
  0.0470  4.61952482
  0.0480  2.24447988
  0.0490  0.16374239
  0.0500  2.60383137
  0.0510  5.07509416
  0.0520  7.57642809
  0.0530  10.10680953
  0.0540  12.66520439
  0.0550  15.25056763
  0.0560  17.86184350
  0.0570  20.49796596
  0.0580  23.15785911
  0.0590  25.84043763
  0.0600  28.54460727
  0.0610  31.26926524
  0.0620  34.01330073
  0.0630  36.77559537
  0.0640  39.55502367
  0.0650  42.35045350
  0.0660  45.16074657
  0.0670  47.98475893
  0.0680  50.82134140
  0.0690  53.66934009
  0.0700  56.52759685
  0.0710  59.39494980
  0.0720  62.27023377
  0.0730  65.15228081
  0.0740  68.03992067
  0.0750  70.93198130
  0.0760  73.82728930
  0.0770  76.72467049
  0.0780  79.62295030
  0.0790  82.52095433
  0.0800  85.41750882
  0.0810  88.31144112
  0.0820  91.20158019
  0.0830  94.08675711
  0.0840  96.96580552
  0.0850  99.83756214
  0.0860  102.70086723
  0.0870  105.55456508
  0.0880  108.39750450
  0.0890  111.22853927
  0.0900  114.04652863
  0.0910  116.85033775
  0.0920  119.63883819
  0.0930  122.41090839
  0.0940  125.16543408
  0.0950  127.90130878
  0.0960  130.61743427
  0.0970  133.31272099
  0.0980  135.98608851
  0.0990  138.63646597
  0.1000  141.26279253
  0.1010  143.86401780
  0.1020  146.43910224
  0.1030  148.98701762
  0.1040  151.50674740
  0.1050  153.99728718
  0.1060  156.45764509
  0.1070  158.88684217
  0.1080  161.28391280
  0.1090  163.64790507
  0.1100  165.97788115
  0.1110  168.27291771
  0.1120  170.53210624
  0.1130  172.75455341
  0.1140  174.93938147
  0.1150  177.08572859
  0.1160  179.19274914
  0.1170  181.25961410
  0.1180  183.28551134
  0.1190  185.26964596
  0.1200  187.21124059
  0.1210  189.10953567
  0.1220  190.96378980
  0.1230  192.77327998
  0.1240  194.53730189
  0.1250  196.25517017
  0.1260  197.92621870
  0.1270  199.54980081
  0.1280  201.12528955
  0.1290  202.65207791
  0.1300  204.12957906
  0.1310  205.55722657
  0.1320  206.93447456
  0.1330  208.26079799
  0.1340  209.53569278
  0.1350  210.75867599
  0.1360  211.92928604
  0.1370  213.04708280
  0.1380  214.11164781
  0.1390  215.12258435
  0.1400  216.07951764
  0.1410  216.98209490
  0.1420  217.82998550
  0.1430  218.62288104
  0.1440  219.36049545
  0.1450  220.04256508
  0.1460  220.66884875
  0.1470  221.23912781
  0.1480  221.75320624
  0.1490  222.21091061
  0.1500  222.61209019
  0.1510  222.95661692
  0.1520  223.24438543
  0.1530  223.47531307
  0.1540  223.64933987
  0.1550  223.76642853
  0.1560  223.82656438
  0.1570  223.82975539
  0.1580  223.77603206
  0.1590  223.66544739
  0.1600  223.49807682
  0.1610  223.27401813
  0.1620  222.99339139
  0.1630  222.65633881
  0.1640  222.26302469
  0.1650  221.81363527
  0.1660  221.30837859
  0.1670  220.74748442
  0.1680  220.13120404
  0.1690  219.45981014
  0.1700  218.73359663
  0.1710  217.95287850
  0.1720  217.11799159
  0.1730  216.22929246
  0.1740  215.28715815
  0.1750  214.29198600
  0.1760  213.24419341
  0.1770  212.14421764
  0.1780  210.99251559
  0.1790  209.78956353
  0.1800  208.53585685
  0.1810  207.23190987
  0.1820  205.87825550
  0.1830  204.47544500
  0.1840  203.02404773
  0.1850  201.52465083
  0.1860  199.97785894
  0.1870  198.38429391
  0.1880  196.74459449
  0.1890  195.05941601
  0.1900  193.32943009
  0.1910  191.55532428
  0.1920  189.73780174
  0.1930  187.87758094
  0.1940  185.97539528
  0.1950  184.03199273
  0.1960  182.04813553
  0.1970  180.02459978
  0.1980  177.96217512
  0.1990  175.86166433
  0.2000  173.72388296
  0.2010  171.54965899
  0.2020  169.33983239
  0.2030  167.09525479
  0.2040  164.81678906
  0.2050  162.50530892
  0.2060  160.16169855
  0.2070  157.78685218
  0.2080  155.38167372
  0.2090  152.94707630
  0.2100  150.48398191
  0.2110  147.99332097
  0.2120  145.47603189
  0.2130  142.93306072
  0.2140  140.36536067
  0.2150  137.77389172
  0.2160  135.15962018
  0.2170  132.52351831
  0.2180  129.86656384
  0.2190  127.18973959
  0.2200  124.49403302
  0.2210  121.78043582
  0.2220  119.04994347
  0.2230  116.30355485
  0.2240  113.54227174
  0.2250  110.76709847
  0.2260  107.97904147
  0.2270  105.17910881
  0.2280  102.36830985
  0.2290  99.54765475
  0.2300  96.71815406
  0.2310  93.88081834
  0.2320  91.03665770
  0.2330  88.18668140
  0.2340  85.33189744
  0.2350  82.47331214
  0.2360  79.61192973
  0.2370  76.74875193
  0.2380  73.88477758
  0.2390  71.02100220
  0.2400  68.15841762
  0.2410  65.29801157
  0.2420  62.44076729
  0.2430  59.58766312
  0.2440  56.73967218
  0.2450  53.89776190
  0.2460  51.06289372
  0.2470  48.23602268
  0.2480  45.41809704
  0.2490  42.61005797
  0.2500  39.81283912
  0.2510  37.02736633
  0.2520  34.25455726
  0.2530  31.49532104
  0.2540  28.75055797
  0.2550  26.02115916
  0.2560  23.30800628
  0.2570  20.61197122
  0.2580  17.93391593
  0.2590  15.27469223
  0.2600  12.63514192
  0.2610  10.01609749
  0.2620  7.41838489
  0.2630  4.84283598
  0.2640  2.29038540
  0.2650  0.24392604
  0.2660  2.74411457
  0.2670  5.22324611
  0.2680  7.67654116
  0.2690  10.10317495
  0.2700  12.50241053
  0.2710  14.87353808
  0.2720  17.21586569
  0.2730  19.52871715
  0.2740  21.81143136
  0.2750  24.06336215
  0.2760  26.28387838
  0.2770  28.47236402
  0.2780  30.62821828
  0.2790  32.75085581
  0.2800  34.83970681
  0.2810  36.89421720
  0.2820  38.91384877
  0.2830  40.89807933
  0.2840  42.84640280
  0.2850  44.75832943
  0.2860  46.63338583
  0.2870  48.47111512
  0.2880  50.27107708
  0.2890  52.03284818
  0.2900  53.75602171
  0.2910  55.44020787
  0.2920  57.08503384
  0.2930  58.69014383
  0.2940  60.25519920
  0.2950  61.77987843
  0.2960  63.26387725
  0.2970  64.70690863
  0.2980  66.10870283
  0.2990  67.46900742
  0.3000  68.78758731
  0.3010  70.06422474
  0.3020  71.29871929
  0.3030  72.49088789
  0.3040  73.64056478
  0.3050  74.74760152
  0.3060  75.81186694
  0.3070  76.83324712
  0.3080  77.81164534
  0.3090  78.74698206
  0.3100  79.63919480
  0.3110  80.48823816
  0.3120  81.29408368
  0.3130  82.05671981
  0.3140  82.77615183
  0.3150  83.45240170
  0.3160  84.08550805
  0.3170  84.67552601
  0.3180  85.22252713
  0.3190  85.72659929
  0.3200  86.18784650
  0.3210  86.60638886
  0.3220  86.98236238
  0.3230  87.31591885
  0.3240  87.60722569
  0.3250  87.85646581
  0.3260  88.06383743
  0.3270  88.22955395
  0.3280  88.35384376
  0.3290  88.43695007
  0.3300  88.47913072
  0.3310  88.48065804
  0.3320  88.44181859
  0.3330  88.36291303
  0.3340  88.24425589
  0.3350  88.08617537
  0.3360  87.88901313
  0.3370  87.65312409
  0.3380  87.37887619
  0.3390  87.06665020
  0.3400  86.71683945
  0.3410  86.32984965
  0.3420  85.90609861
  0.3430  85.44601605
  0.3440  84.95004330
  0.3450  84.41863312
  0.3460  83.85224940
  0.3470  83.25136694
  0.3480  82.61647116
  0.3490  81.94805790
  0.3500  81.24663309
  0.3510  80.51271254
  0.3520  79.74682166
  0.3530  78.94949517
  0.3540  78.12127685
  0.3550  77.26271926
  0.3560  76.37438346
  0.3570  75.45683875
  0.3580  74.51066238
  0.3590  73.53643924
  0.3600  72.53476163
  0.3610  71.50622893
  0.3620  70.45144735
  0.3630  69.37102961
  0.3640  68.26559469
  0.3650  67.13576748
  0.3660  65.98217857
  0.3670  64.80546389
  0.3680  63.60626446
  0.3690  62.38522608
  0.3700  61.14299904
  0.3710  59.88023784
  0.3720  58.59760089
  0.3730  57.29575020
  0.3740  55.97535114
  0.3750  54.63707208
  0.3760  53.28158416
  0.3770  51.90956097
  0.3780  50.52167829
  0.3790  49.11861375
  0.3800  47.70104660
  0.3810  46.26965741
  0.3820  44.82512779
  0.3830  43.36814010
  0.3840  41.89937719
  0.3850  40.41952216
  0.3860  38.92925803
  0.3870  37.42926753
  0.3880  35.92023285
  0.3890  34.40283539
  0.3900  32.87775553
  0.3910  31.34567244
  0.3920  29.80726385
  0.3930  28.26320596
  0.3940  26.71417327
  0.3950  25.16083853
  0.3960  23.60387279
  0.3970  22.04394555
  0.3980  20.48172508
  0.3990  18.91787909
  0.4000  17.35307584
  0.4010  15.78798608
  0.4020  14.22328645
  0.4030  12.65966550
  0.4040  11.09783499
  0.4050  9.53855243
  0.4060  7.98266986
  0.4070  6.43125325
  0.4080  4.88592666
  0.4090  3.35015792
  0.4100  1.83690400
  0.4110  0.52571465
  0.4120  1.36933685
  0.4130  2.84754014
  0.4140  4.34833407
  0.4150  5.84795360
  0.4160  7.34157492
  0.4170  8.82728488
  0.4180  10.30397194
  0.4190  11.77082209
  0.4200  13.22715579
  0.4210  14.67236407
  0.4220  16.10588005
  0.4230  17.52716497
  0.4240  18.93570072
  0.4250  20.33098575
  0.4260  21.71253266
  0.4270  23.07986676
  0.4280  24.43252515
  0.4290  25.77005622
  0.4300  27.09201929
  0.4310  28.39798438
  0.4320  29.68753219
  0.4330  30.96025393
  0.4340  32.21575139
  0.4350  33.45363692
  0.4360  34.67353345
  0.4370  35.87507455
  0.4380  37.05790445
  0.4390  38.22167812
  0.4400  39.36606130
  0.4410  40.49073055
  0.4420  41.59537332
  0.4430  42.67968798
  0.4440  43.74338388
  0.4450  44.78618136
  0.4460  45.80781185
  0.4470  46.80801786
  0.4480  47.78655299
  0.4490  48.74318204
  0.4500  49.67768093
  0.4510  50.58983680
  0.4520  51.47944798
  0.4530  52.34632401
  0.4540  53.19028565
  0.4550  54.01116487
  0.4560  54.80880484
  0.4570  55.58305994
  0.4580  56.33379572
  0.4590  57.06088891
  0.4600  57.76422735
  0.4610  58.44371002
  0.4620  59.09924695
  0.4630  59.73075921
  0.4640  60.33817887
  0.4650  60.92144894
  0.4660  61.48052331
  0.4670  62.01536671
  0.4680  62.52595466
  0.4690  63.01227336
  0.4700  63.47431965
  0.4710  63.91210094
  0.4720  64.32563511
  0.4730  64.71495044
  0.4740  65.08008551
  0.4750  65.42108914
  0.4760  65.73802025
  0.4770  66.03094778
  0.4780  66.29995060
  0.4790  66.54511737
  0.4800  66.76654647
  0.4810  66.96434584
  0.4820  67.13863289
  0.4830  67.28953437
  0.4840  67.41718625
  0.4850  67.52173356
  0.4860  67.60333030
  0.4870  67.66213928
  0.4880  67.69833198
  0.4890  67.71208842
  0.4900  67.70359698
  0.4910  67.67305431
  0.4920  67.62066512
  0.4930  67.54664205
  0.4940  67.45120554
  0.4950  67.33458361
  0.4960  67.19701175
  0.4970  67.03873274
  0.4980  66.85999645
  0.4990  66.66105974
  0.5000  66.44218621
  0.5010  66.20364611
  0.5020  65.94571607
  0.5030  65.66867900
  0.5040  65.37282389
  0.5050  65.05844560
  0.5060  64.72584472
  0.5070  64.37532735
  0.5080  64.00720495
  0.5090  63.62179412
  0.5100  63.21941642
  0.5110  62.80039821
  0.5120  62.36507044
  0.5130  61.91376843
  0.5140  61.44683173
  0.5150  60.96460390
  0.5160  60.46743233
  0.5170  59.95566802
  0.5180  59.42966543
  0.5190  58.88978224
  0.5200  58.33637920
  0.5210  57.76981990
  0.5220  57.19047059
  0.5230  56.59870000
  0.5240  55.99487912
  0.5250  55.37938103
  0.5260  54.75258068
  0.5270  54.11485474
  0.5280  53.46658136
  0.5290  52.80814002
  0.5300  52.13991130
  0.5310  51.46227673
  0.5320  50.77561857
  0.5330  50.08031965
  0.5340  49.37676316
  0.5350  48.66533247
  0.5360  47.94641095
  0.5370  47.22038180
  0.5380  46.48762784
  0.5390  45.74853137
  0.5400  45.00347394
  0.5410  44.25283623
  0.5420  43.49699782
  0.5430  42.73633709
  0.5440  41.97123095
  0.5450  41.20205479
  0.5460  40.42918219
  0.5470  39.65298487
  0.5480  38.87383244
  0.5490  38.09209230
  0.5500  37.30812944
  0.5510  36.52230632
  0.5520  35.73498269
  0.5530  34.94651547
  0.5540  34.15725856
  0.5550  33.36756274
  0.5560  32.57777552
  0.5570  31.78824096
  0.5580  30.99929959
  0.5590  30.21128825
  0.5600  29.42453995
  0.5610  28.63938378
  0.5620  27.85614474
  0.5630  27.07514365
  0.5640  26.29669702
  0.5650  25.52111695
  0.5660  24.74871100
  0.5670  23.97978209
  0.5680  23.21462839
  0.5690  22.45354325
  0.5700  21.69681504
  0.5710  20.94472713
  0.5720  20.19755774
  0.5730  19.45557988
  0.5740  18.71906125
  0.5750  17.98826419
  0.5760  17.26344558
  0.5770  16.54485677
  0.5780  15.83274351
  0.5790  15.12734588
  0.5800  14.42889827
  0.5810  13.73762926
  0.5820  13.05376162
  0.5830  12.37751223
  0.5840  11.70909209
  0.5850  11.04870621
  0.5860  10.39655364
  0.5870  9.75282744
  0.5880  9.11771468
  0.5890  8.49139643
  0.5900  7.87404779
  0.5910  7.26583797
  0.5920  6.66693040
  0.5930  6.07748287
  0.5940  5.49764781
  0.5950  4.92757283
  0.5960  4.36740146
  0.5970  3.81727469
  0.5980  3.27733382
  0.5990  2.74772637
  0.6000  2.22861991
  0.6010  1.72023908
  0.6020  1.22298950
  0.6030  0.73805646
  0.6040  0.27412756
  0.6050  0.23700773
  0.6060  0.67633590
  0.6070  1.11758458
  0.6080  1.54965844
  0.6090  1.97126334
  0.6100  2.38201510
  0.6110  2.78174246
  0.6120  3.17034873
  0.6130  3.54777124
  0.6140  3.91396651
  0.6150  4.26890387
  0.6160  4.61256236
  0.6170  4.94492914
  0.6180  5.26599852
  0.6190  5.57577146
  0.6200  5.87425512
  0.6210  6.16146268
  0.6220  6.43741308
  0.6230  6.70213090
  0.6240  6.95564622
  0.6250  7.19799449
  0.6260  7.42921648
  0.6270  7.64935811
  0.6280  7.85847039
  0.6290  8.05660937
  0.6300  8.24383596
  0.6310  8.42021591
  0.6320  8.58581971
  0.6330  8.74072247
  0.6340  8.88500385
  0.6350  9.01874799
  0.6360  9.14204337
  0.6370  9.25498275
  0.6380  9.35766307
  0.6390  9.45018535
  0.6400  9.53265460
  0.6410  9.60517971
  0.6420  9.66787338
  0.6430  9.72085200
  0.6440  9.76423554
  0.6450  9.79814748
  0.6460  9.82271470
  0.6470  9.83806737
  0.6480  9.84433884
  0.6490  9.84166555
  0.6500  9.83018696
  0.6510  9.81004537
  0.6520  9.78138589
  0.6530  9.74435629
  0.6540  9.69910693
  0.6550  9.64579062
  0.6560  9.58456255
  0.6570  9.51558015
  0.6580  9.43900303
  0.6590  9.35499283
  0.6600  9.26371315
  0.6610  9.16532942
  0.6620  9.06000881
  0.6630  8.94792013
  0.6640  8.82923373
  0.6650  8.70412136
  0.6660  8.57275612
  0.6670  8.43531231
  0.6680  8.29196538
  0.6690  8.14289178
  0.6700  7.98826888
  0.6710  7.82827487
  0.6720  7.66308867
  0.6730  7.49288981
  0.6740  7.31785835
  0.6750  7.13817478
  0.6760  6.95401994
  0.6770  6.76557487
  0.6780  6.57302079
  0.6790  6.37653897
  0.6800  6.17631063
  0.6810  5.97251688
  0.6820  5.76533863
  0.6830  5.55495647
  0.6840  5.34155064
  0.6850  5.12530091
  0.6860  4.90638654
  0.6870  4.68498616
  0.6880  4.46127777
  0.6890  4.23543863
  0.6900  4.00764526
  0.6910  3.77807335
  0.6920  3.54689781
  0.6930  3.31429275
  0.6940  3.08043156
  0.6950  2.84548706
  0.6960  2.60963173
  0.6970  2.37303817
  0.6980  2.13587994
  0.6990  1.89833298
  0.7000  1.66057837
  0.7010  1.42280801
  0.7020  1.18523692
  0.7030  0.94813420
  0.7040  0.71191522
  0.7050  0.47750394
  0.7060  0.24871208
  0.7070  0.08615134
  0.7080  0.25195747
  0.7090  0.47806922
  0.7100  0.70772559
  0.7110  0.93726061
  0.7120  1.16578401
  0.7130  1.39290471
  0.7140  1.61837917
  0.7150  1.84202131
  0.7160  2.06367215
  0.7170  2.28318757
  0.7180  2.50043282
  0.7190  2.71527967
  0.7200  2.92760503
  0.7210  3.13729001
  0.7220  3.34421953
  0.7230  3.54828195
  0.7240  3.74936892
  0.7250  3.94737527
  0.7260  4.14219891
  0.7270  4.33374083
  0.7280  4.52190503
  0.7290  4.70659852
  0.7300  4.88773132
  0.7310  5.06521647
  0.7320  5.23896997
  0.7330  5.40891087
  0.7340  5.57496120
  0.7350  5.73704600
  0.7360  5.89509334
  0.7370  6.04903428
  0.7380  6.19880293
  0.7390  6.34433640
  0.7400  6.48557482
  0.7410  6.62246135
  0.7420  6.75494216
  0.7430  6.88296643
  0.7440  7.00648636
  0.7450  7.12545715
  0.7460  7.23983700
  0.7470  7.34958710
  0.7480  7.45467163
  0.7490  7.55505771
  0.7500  7.65071545
  0.7510  7.74161789
  0.7520  7.82774101
  0.7530  7.90906369
  0.7540  7.98556774
  0.7550  8.05723781
  0.7560  8.12406144
  0.7570  8.18602900
  0.7580  8.24313369
  0.7590  8.29537150
  0.7600  8.34274118
  0.7610  8.38524426
  0.7620  8.42288497
  0.7630  8.45567024
  0.7640  8.48360966
  0.7650  8.50671548
  0.7660  8.52500255
  0.7670  8.53848828
  0.7680  8.54719264
  0.7690  8.55113812
  0.7700  8.55034968
  0.7710  8.54485472
  0.7720  8.53468306
  0.7730  8.51986687
  0.7740  8.50044068
  0.7750  8.47644131
  0.7760  8.44790783
  0.7770  8.41488154
  0.7780  8.37740589
  0.7790  8.33552651
  0.7800  8.28929109
  0.7810  8.23874939
  0.7820  8.18395318
  0.7830  8.12495618
  0.7840  8.06181405
  0.7850  7.99458432
  0.7860  7.92332636
  0.7870  7.84810131
  0.7880  7.76897206
  0.7890  7.68600321
  0.7900  7.59926097
  0.7910  7.50881317
  0.7920  7.41472920
  0.7930  7.31707994
  0.7940  7.21593771
  0.7950  7.11137627
  0.7960  7.00347071
  0.7970  6.89229743
  0.7980  6.77793409
  0.7990  6.66045956
  0.8000  6.53995386
  0.8010  6.41649812
  0.8020  6.29017454
  0.8030  6.16106629
  0.8040  6.02925755
  0.8050  5.89483336
  0.8060  5.75787963
  0.8070  5.61848309
  0.8080  5.47673121
  0.8090  5.33271218
  0.8100  5.18651483
  0.8110  5.03822861
  0.8120  4.88794354
  0.8130  4.73575013
  0.8140  4.58173938
  0.8150  4.42600271
  0.8160  4.26863189
  0.8170  4.10971904
  0.8180  3.94935660
  0.8190  3.78763722
  0.8200  3.62465380
  0.8210  3.46049943
  0.8220  3.29526737
  0.8230  3.12905104
  0.8240  2.96194400
  0.8250  2.79404000
  0.8260  2.62543300
  0.8270  2.45621724
  0.8280  2.28648741
  0.8290  2.11633883
  0.8300  1.94586786
  0.8310  1.77517245
  0.8320  1.60435321
  0.8330  1.43351515
  0.8340  1.26277088
  0.8350  1.09224691
  0.8360  0.92209676
  0.8370  0.75253176
  0.8380  0.58390471
  0.8390  0.41699260
  0.8400  0.25436301
  0.8410  0.11342784
  0.8420  0.13317314
  0.8430  0.28027700
  0.8440  0.44098385
  0.8450  0.60374393
  0.8460  0.76655832
  0.8470  0.92877388
  0.8480  1.09008264
  0.8490  1.25029792
  0.8500  1.40928502
  0.8510  1.56693487
  0.8520  1.72315261
  0.8530  1.87785198
  0.8540  2.03095245
  0.8550  2.18237760
  0.8560  2.33205418
  0.8570  2.47991152
  0.8580  2.62588123
  0.8590  2.76989690
  0.8600  2.91189399
  0.8610  3.05180976
  0.8620  3.18958315
  0.8630  3.32515480
  0.8640  3.45846698
  0.8650  3.58946360
  0.8660  3.71809019
  0.8670  3.84429392
  0.8680  3.96802358
  0.8690  4.08922959
  0.8700  4.20786401
  0.8710  4.32388054
  0.8720  4.43723454
  0.8730  4.54788301
  0.8740  4.65578462
  0.8750  4.76089971
  0.8760  4.86319031
  0.8770  4.96262012
  0.8780  5.05915451
  0.8790  5.15276058
  0.8800  5.24340709
  0.8810  5.33106451
  0.8820  5.41570502
  0.8830  5.49730249
  0.8840  5.57583249
  0.8850  5.65127229
  0.8860  5.72360087
  0.8870  5.79279890
  0.8880  5.85884875
  0.8890  5.92173446
  0.8900  5.98144178
  0.8910  6.03795814
  0.8920  6.09127262
  0.8930  6.14137599
  0.8940  6.18826066
  0.8950  6.23192071
  0.8960  6.27235183
  0.8970  6.30955137
  0.8980  6.34351828
  0.8990  6.37425311
  0.9000  6.40175801
  0.9010  6.42603671
  0.9020  6.44709449
  0.9030  6.46493820
  0.9040  6.47957619
  0.9050  6.49101836
  0.9060  6.49927609
  0.9070  6.50436223
  0.9080  6.50629112
  0.9090  6.50507850
  0.9100  6.50074158
  0.9110  6.49329894
  0.9120  6.48277053
  0.9130  6.46917770
  0.9140  6.45254309
  0.9150  6.43289069
  0.9160  6.41024575
  0.9170  6.38463482
  0.9180  6.35608565
  0.9190  6.32462726
  0.9200  6.29028981
  0.9210  6.25310467
  0.9220  6.21310432
  0.9230  6.17032239
  0.9240  6.12479358
  0.9250  6.07655365
  0.9260  6.02563941
  0.9270  5.97208868
  0.9280  5.91594026
  0.9290  5.85723390
  0.9300  5.79601030
  0.9310  5.73231106
  0.9320  5.66617863
  0.9330  5.59765635
  0.9340  5.52678836
  0.9350  5.45361960
  0.9360  5.37819578
  0.9370  5.30056336
  0.9380  5.22076953
  0.9390  5.13886215
  0.9400  5.05488977
  0.9410  4.96890158
  0.9420  4.88094741
  0.9430  4.79107767
  0.9440  4.69934338
  0.9450  4.60579611
  0.9460  4.51048797
  0.9470  4.41347163
  0.9480  4.31480026
  0.9490  4.21452756
  0.9500  4.11270772
  0.9510  4.00939544
  0.9520  3.90464593
  0.9530  3.79851492
  0.9540  3.69105869
  0.9550  3.58233404
  0.9560  3.47239842
  0.9570  3.36130989
  0.9580  3.24912726
  0.9590  3.13591014
  0.9600  3.02171907
  0.9610  2.90661569
  0.9620  2.79066293
  0.9630  2.67392529
  0.9640  2.55646917
  0.9650  2.43836335
  0.9660  2.31967961
  0.9670  2.20049353
  0.9680  2.08088564
  0.9690  1.96094289
  0.9700  1.84076089
  0.9710  1.72044686
  0.9720  1.60012405
  0.9730  1.47993827
  0.9740  1.36006766
  0.9750  1.24073808
  0.9760  1.12224759
  0.9770  1.00500733
  0.9780  0.88961179
  0.9790  0.77696481
  0.9800  0.66851379
  0.9810  0.56669480
  0.9820  0.47575826
  0.9830  0.40304416
  0.9840  0.35960441
  0.9850  0.35607071
  0.9860  0.39324109
  0.9870  0.46109262
  0.9880  0.54806832
  0.9890  0.64622009
  0.9900  0.75091409
  0.9910  0.85950691
  0.9920  0.97044230
  0.9930  1.08275928
  0.9940  1.19583394
  0.9950  1.30924129
  0.9960  1.42267855
  0.9970  1.53592100
  0.9980  1.64879545
  0.9990  1.76116387
