  0.0000  68.60025682
  0.0010  68.56774433
  0.0020  68.47022262
  0.0030  68.30773901
  0.0040  68.08037234
  0.0050  67.78823290
  0.0060  67.43146241
  0.0070  67.01023396
  0.0080  66.52475186
  0.0090  65.97525160
  0.0100  65.36199969
  0.0110  64.68529355
  0.0120  63.94546132
  0.0130  63.14286174
  0.0140  62.27788394
  0.0150  61.35094723
  0.0160  60.36250092
  0.0170  59.31302405
  0.0180  58.20302518
  0.0190  57.03304211
  0.0200  55.80364163
  0.0210  54.51541918
  0.0220  53.16899862
  0.0230  51.76503183
  0.0240  50.30419845
  0.0250  48.78720551
  0.0260  47.21478704
  0.0270  45.58770375
  0.0280  43.90674260
  0.0290  42.17271645
  0.0300  40.38646362
  0.0310  38.54884745
  0.0320  36.66075595
  0.0330  34.72310128
  0.0340  32.73681938
  0.0350  30.70286946
  0.0360  28.62223364
  0.0370  26.49591650
  0.0380  24.32494470
  0.0390  22.11036668
  0.0400  19.85325254
  0.0410  17.55469422
  0.0420  15.21580632
  0.0430  12.83772862
  0.0440  10.42163301
  0.0450  7.96874455
  0.0460  5.48042298
  0.0470  2.95866984
  0.0480  0.42546574
  0.0490  2.19612293
  0.0500  4.81314443
  0.0510  7.46174862
  0.0520  10.13912880
  0.0530  12.84373372
  0.0540  15.57418379
  0.0550  18.32913740
  0.0560  21.10726002
  0.0570  23.90721466
  0.0580  26.72765858
  0.0590  29.56724220
  0.0600  32.42460886
  0.0610  35.29839509
  0.0620  38.18723096
  0.0630  41.08974066
  0.0640  44.00454310
  0.0650  46.93025246
  0.0660  49.86547893
  0.0670  52.80882934
  0.0680  55.75890780
  0.0690  58.71431645
  0.0700  61.67365608
  0.0710  64.63552687
  0.0720  67.59852903
  0.0730  70.56126355
  0.0740  73.52233282
  0.0750  76.48034138
  0.0760  79.43389658
  0.0770  82.38160927
  0.0780  85.32209447
  0.0790  88.25397207
  0.0800  91.17586753
  0.0810  94.08641248
  0.0820  96.98424546
  0.0830  99.86801257
  0.0840  102.73636811
  0.0850  105.58797526
  0.0860  108.42150673
  0.0870  111.23564536
  0.0880  114.02908484
  0.0890  116.80053028
  0.0900  119.54869885
  0.0910  122.27232042
  0.0920  124.97013814
  0.0930  127.64090906
  0.0940  130.28340475
  0.0950  132.89641183
  0.0960  135.47873260
  0.0970  138.02918559
  0.0980  140.54660612
  0.0990  143.02984686
  0.1000  145.47777836
  0.1010  147.88928959
  0.1020  150.26328845
  0.1030  152.59870230
  0.1040  154.89447843
  0.1050  157.14958459
  0.1060  159.36300941
  0.1070  161.53376294
  0.1080  163.66087702
  0.1090  165.74340579
  0.1100  167.78042608
  0.1110  169.77103784
  0.1120  171.71436455
  0.1130  173.60955360
  0.1140  175.45577666
  0.1150  177.25223006
  0.1160  178.99813516
  0.1170  180.69273864
  0.1180  182.33531285
  0.1190  183.92515613
  0.1200  185.46159308
  0.1210  186.94397487
  0.1220  188.37167949
  0.1230  189.74411198
  0.1240  191.06070474
  0.1250  192.32091766
  0.1260  193.52423840
  0.1270  194.67018255
  0.1280  195.75829384
  0.1290  196.78814425
  0.1300  197.75933420
  0.1310  198.67149268
  0.1320  199.52427736
  0.1330  200.31737469
  0.1340  201.05050000
  0.1350  201.72339756
  0.1360  202.33584064
  0.1370  202.88763156
  0.1380  203.37860171
  0.1390  203.80861157
  0.1400  204.17755068
  0.1410  204.48533765
  0.1420  204.73192012
  0.1430  204.91727471
  0.1440  205.04140694
  0.1450  205.10435117
  0.1460  205.10617049
  0.1470  205.04695664
  0.1480  204.92682984
  0.1490  204.74593870
  0.1500  204.50446002
  0.1510  204.20259868
  0.1520  203.84058740
  0.1530  203.41868657
  0.1540  202.93718405
  0.1550  202.39639493
  0.1560  201.79666130
  0.1570  201.13835200
  0.1580  200.42186235
  0.1590  199.64761388
  0.1600  198.81605403
  0.1610  197.92765585
  0.1620  196.98291770
  0.1630  195.98236288
  0.1640  194.92653936
  0.1650  193.81601933
  0.1660  192.65139895
  0.1670  191.43329786
  0.1680  190.16235889
  0.1690  188.83924760
  0.1700  187.46465188
  0.1710  186.03928157
  0.1720  184.56386799
  0.1730  183.03916350
  0.1740  181.46594109
  0.1750  179.84499387
  0.1760  178.17713464
  0.1770  176.46319541
  0.1780  174.70402690
  0.1790  172.90049805
  0.1800  171.05349552
  0.1810  169.16392320
  0.1820  167.23270166
  0.1830  165.26076766
  0.1840  163.24907359
  0.1850  161.19858698
  0.1860  159.11028989
  0.1870  156.98517842
  0.1880  154.82426215
  0.1890  152.62856354
  0.1900  150.39911743
  0.1910  148.13697040
  0.1920  145.84318028
  0.1930  143.51881551
  0.1940  141.16495459
  0.1950  138.78268551
  0.1960  136.37310512
  0.1970  133.93731860
  0.1980  131.47643885
  0.1990  128.99158589
  0.2000  126.48388627
  0.2010  123.95447250
  0.2020  121.40448243
  0.2030  118.83505868
  0.2040  116.24734804
  0.2050  113.64250087
  0.2060  111.02167051
  0.2070  108.38601270
  0.2080  105.73668499
  0.2090  103.07484615
  0.2100  100.40165558
  0.2110  97.71827271
  0.2120  95.02585649
  0.2130  92.32556472
  0.2140  89.61855354
  0.2150  86.90597685
  0.2160  84.18898572
  0.2170  81.46872785
  0.2180  78.74634703
  0.2190  76.02298255
  0.2200  73.29976867
  0.2210  70.57783408
  0.2220  67.85830139
  0.2230  65.14228656
  0.2240  62.43089841
  0.2250  59.72523809
  0.2260  57.02639859
  0.2270  54.33546421
  0.2280  51.65351013
  0.2290  48.98160186
  0.2300  46.32079484
  0.2310  43.67213393
  0.2320  41.03665300
  0.2330  38.41537451
  0.2340  35.80930909
  0.2350  33.21945518
  0.2360  30.64679871
  0.2370  28.09231280
  0.2380  25.55695764
  0.2390  23.04168043
  0.2400  20.54741566
  0.2410  18.07508589
  0.2420  15.62560363
  0.2430  13.19987556
  0.2440  10.79881271
  0.2450  8.42335803
  0.2460  6.07457734
  0.2470  3.75408327
  0.2480  1.46839408
  0.2490  0.83951542
  0.2500  3.05694111
  0.2510  5.26061118
  0.2520  7.43520078
  0.2530  9.57876551
  0.2540  11.69030074
  0.2550  13.76901846
  0.2560  15.81421331
  0.2570  17.82522500
  0.2580  19.80142483
  0.2590  21.74221015
  0.2600  23.64700186
  0.2610  25.51524317
  0.2620  27.34639896
  0.2630  29.13995549
  0.2640  30.89542026
  0.2650  32.61232193
  0.2660  34.29021035
  0.2670  35.92865653
  0.2680  37.52725269
  0.2690  39.08561230
  0.2700  40.60337010
  0.2710  42.08018212
  0.2720  43.51572572
  0.2730  44.90969957
  0.2740  46.26182371
  0.2750  47.57183948
  0.2760  48.83950955
  0.2770  50.06461788
  0.2780  51.24696969
  0.2790  52.38639139
  0.2800  53.48273058
  0.2810  54.53585592
  0.2820  55.54565713
  0.2830  56.51204481
  0.2840  57.43495045
  0.2850  58.31432623
  0.2860  59.15014497
  0.2870  59.94239999
  0.2880  60.69110495
  0.2890  61.39629375
  0.2900  62.05802034
  0.2910  62.67635858
  0.2920  63.25140207
  0.2930  63.78326394
  0.2940  64.27207672
  0.2950  64.71799210
  0.2960  65.12118071
  0.2970  65.48183197
  0.2980  65.80015380
  0.2990  66.07637246
  0.3000  66.31073225
  0.3010  66.50349531
  0.3020  66.65494132
  0.3030  66.76536733
  0.3040  66.83508740
  0.3050  66.86443237
  0.3060  66.85374960
  0.3070  66.80340267
  0.3080  66.71377105
  0.3090  66.58524987
  0.3100  66.41824959
  0.3110  66.21319568
  0.3120  65.97052830
  0.3130  65.69070204
  0.3140  65.37418551
  0.3150  65.02146108
  0.3160  64.63302454
  0.3170  64.20938471
  0.3180  63.75106318
  0.3190  63.25859389
  0.3200  62.73252283
  0.3210  62.17340766
  0.3220  61.58181739
  0.3230  60.95833197
  0.3240  60.30354198
  0.3250  59.61804823
  0.3260  58.90246141
  0.3270  58.15740171
  0.3280  57.38349848
  0.3290  56.58138980
  0.3300  55.75172216
  0.3310  54.89515006
  0.3320  54.01233563
  0.3330  53.10394827
  0.3340  52.17066425
  0.3350  51.21316633
  0.3360  50.23214340
  0.3370  49.22829009
  0.3380  48.20230638
  0.3390  47.15489722
  0.3400  46.08677219
  0.3410  44.99864505
  0.3420  43.89123343
  0.3430  42.76525842
  0.3440  41.62144421
  0.3450  40.46051768
  0.3460  39.28320810
  0.3470  38.09024671
  0.3480  36.88236637
  0.3490  35.66030120
  0.3500  34.42478625
  0.3510  33.17655711
  0.3520  31.91634962
  0.3530  30.64489951
  0.3540  29.36294209
  0.3550  28.07121196
  0.3560  26.77044271
  0.3570  25.46136670
  0.3580  24.14471480
  0.3590  22.82121628
  0.3600  21.49159864
  0.3610  20.15658772
  0.3620  18.81690777
  0.3630  17.47328191
  0.3640  16.12643287
  0.3650  14.77708439
  0.3660  13.42596357
  0.3670  12.07380517
  0.3680  10.72135919
  0.3690  9.36940534
  0.3700  8.01878238
  0.3710  6.67045305
  0.3720  5.32566696
  0.3730  3.98645021
  0.3740  2.65755626
  0.3750  1.35968627
  0.3760  0.46581482
  0.3770  1.45858297
  0.3780  2.74479222
  0.3790  4.04767414
  0.3800  5.34959347
  0.3810  6.64626195
  0.3820  7.93583002
  0.3830  9.21717350
  0.3840  10.48945061
  0.3850  11.75195184
  0.3860  13.00403936
  0.3870  14.24511934
  0.3880  15.47462815
  0.3890  16.69202498
  0.3900  17.89678770
  0.3910  19.08841038
  0.3920  20.26640187
  0.3930  21.43028485
  0.3940  22.57959533
  0.3950  23.71388226
  0.3960  24.83270737
  0.3970  25.93564502
  0.3980  27.02228219
  0.3990  28.09221844
  0.4000  29.14506592
  0.4010  30.18044941
  0.4020  31.19800635
  0.4030  32.19738689
  0.4040  33.17825393
  0.4050  34.14028318
  0.4060  35.08316318
  0.4070  36.00659535
  0.4080  36.91029403
  0.4090  37.79398652
  0.4100  38.65741309
  0.4110  39.50032700
  0.4120  40.32249455
  0.4130  41.12369502
  0.4140  41.90372076
  0.4150  42.66237711
  0.4160  43.39948242
  0.4170  44.11486804
  0.4180  44.80837828
  0.4190  45.47987040
  0.4200  46.12921455
  0.4210  46.75629372
  0.4220  47.36100373
  0.4230  47.94325310
  0.4240  48.50296309
  0.4250  49.04006751
  0.4260  49.55451273
  0.4270  50.04625756
  0.4280  50.51527318
  0.4290  50.96154299
  0.4300  51.38506258
  0.4310  51.78583957
  0.4320  52.16389350
  0.4330  52.51925575
  0.4340  52.85196933
  0.4350  53.16208885
  0.4360  53.44968028
  0.4370  53.71482088
  0.4380  53.95759903
  0.4390  54.17811404
  0.4400  54.37647605
  0.4410  54.55280580
  0.4420  54.70723451
  0.4430  54.83990368
  0.4440  54.95096493
  0.4450  55.04057979
  0.4460  55.10891953
  0.4470  55.15616495
  0.4480  55.18250621
  0.4490  55.18814260
  0.4500  55.17328236
  0.4510  55.13814247
  0.4520  55.08294840
  0.4530  55.00793395
  0.4540  54.91334101
  0.4550  54.79941931
  0.4560  54.66642627
  0.4570  54.51462667
  0.4580  54.34429253
  0.4590  54.15570280
  0.4600  53.94914317
  0.4610  53.72490582
  0.4620  53.48328918
  0.4630  53.22459769
  0.4640  52.94914159
  0.4650  52.65723665
  0.4660  52.34920393
  0.4670  52.02536954
  0.4680  51.68606442
  0.4690  51.33162408
  0.4700  50.96238832
  0.4710  50.57870106
  0.4720  50.18091004
  0.4730  49.76936659
  0.4740  49.34442540
  0.4750  48.90644426
  0.4760  48.45578382
  0.4770  47.99280737
  0.4780  47.51788057
  0.4790  47.03137123
  0.4800  46.53364907
  0.4810  46.02508546
  0.4820  45.50605324
  0.4830  44.97692641
  0.4840  44.43807998
  0.4850  43.88988969
  0.4860  43.33273179
  0.4870  42.76698282
  0.4880  42.19301940
  0.4890  41.61121799
  0.4900  41.02195469
  0.4910  40.42560502
  0.4920  39.82254371
  0.4930  39.21314448
  0.4940  38.59777987
  0.4950  37.97682100
  0.4960  37.35063738
  0.4970  36.71959675
  0.4980  36.08406484
  0.4990  35.44440522
  0.5000  34.80097910
  0.5010  34.15414515
  0.5020  33.50425933
  0.5030  32.85167473
  0.5040  32.19674138
  0.5050  31.53980610
  0.5060  30.88121234
  0.5070  30.22130001
  0.5080  29.56040538
  0.5090  28.89886087
  0.5100  28.23699494
  0.5110  27.57513197
  0.5120  26.91359209
  0.5130  26.25269107
  0.5140  25.59274021
  0.5150  24.93404622
  0.5160  24.27691106
  0.5170  23.62163189
  0.5180  22.96850096
  0.5190  22.31780545
  0.5200  21.66982744
  0.5210  21.02484381
  0.5220  20.38312611
  0.5230  19.74494053
  0.5240  19.11054780
  0.5250  18.48020312
  0.5260  17.85415609
  0.5270  17.23265066
  0.5280  16.61592506
  0.5290  16.00421176
  0.5300  15.39773739
  0.5310  14.79672276
  0.5320  14.20138276
  0.5330  13.61192636
  0.5340  13.02855657
  0.5350  12.45147043
  0.5360  11.88085898
  0.5370  11.31690726
  0.5380  10.75979432
  0.5390  10.20969320
  0.5400  9.66677095
  0.5410  9.13118869
  0.5420  8.60310161
  0.5430  8.08265904
  0.5440  7.57000453
  0.5450  7.06527597
  0.5460  6.56860574
  0.5470  6.08012092
  0.5480  5.59994360
  0.5490  5.12819135
  0.5500  4.66497787
  0.5510  4.21041409
  0.5520  3.76460989
  0.5530  3.32767700
  0.5540  2.89973428
  0.5550  2.48091789
  0.5560  2.07140246
  0.5570  1.67145074
  0.5580  1.28154884
  0.5590  0.90286625
  0.5600  0.53952151
  0.5610  0.22230067
  0.5620  0.26432320
  0.5630  0.57667095
  0.5640  0.90445031
  0.5650  1.22773948
  0.5660  1.54337833
  0.5670  1.85042815
  0.5680  2.14851405
  0.5690  2.43746023
  0.5700  2.71717758
  0.5710  2.98762130
  0.5720  3.24877223
  0.5730  3.50062783
  0.5740  3.74319745
  0.5750  3.97649956
  0.5760  4.20056017
  0.5770  4.41541176
  0.5780  4.62109260
  0.5790  4.81764630
  0.5800  5.00512138
  0.5810  5.18357108
  0.5820  5.35305310
  0.5830  5.51362943
  0.5840  5.66536618
  0.5850  5.80833346
  0.5860  5.94260525
  0.5870  6.06825927
  0.5880  6.18537690
  0.5890  6.29404304
  0.5900  6.39434603
  0.5910  6.48637754
  0.5920  6.57023247
  0.5930  6.64600889
  0.5940  6.71380789
  0.5950  6.77373352
  0.5960  6.82589268
  0.5970  6.87039507
  0.5980  6.90735304
  0.5990  6.93688152
  0.6000  6.95909797
  0.6010  6.97412222
  0.6020  6.98207642
  0.6030  6.98308497
  0.6040  6.97727436
  0.6050  6.96477317
  0.6060  6.94571190
  0.6070  6.92022295
  0.6080  6.88844046
  0.6090  6.85050030
  0.6100  6.80653990
  0.6110  6.75669824
  0.6120  6.70111571
  0.6130  6.63993403
  0.6140  6.57329618
  0.6150  6.50134631
  0.6160  6.42422963
  0.6170  6.34209237
  0.6180  6.25508164
  0.6190  6.16334537
  0.6200  6.06703224
  0.6210  5.96629158
  0.6220  5.86127327
  0.6230  5.75212768
  0.6240  5.63900559
  0.6250  5.52205808
  0.6260  5.40143646
  0.6270  5.27729220
  0.6280  5.14977683
  0.6290  5.01904188
  0.6300  4.88523877
  0.6310  4.74851876
  0.6320  4.60903284
  0.6330  4.46693168
  0.6340  4.32236554
  0.6350  4.17548418
  0.6360  4.02643681
  0.6370  3.87537199
  0.6380  3.72243756
  0.6390  3.56778058
  0.6400  3.41154725
  0.6410  3.25388281
  0.6420  3.09493153
  0.6430  2.93483659
  0.6440  2.77374003
  0.6450  2.61178272
  0.6460  2.44910423
  0.6470  2.28584287
  0.6480  2.12213558
  0.6490  1.95811793
  0.6500  1.79392412
  0.6510  1.62968702
  0.6520  1.46553824
  0.6530  1.30160843
  0.6540  1.13802768
  0.6550  0.97492660
  0.6560  0.81243859
  0.6570  0.65070558
  0.6580  0.48989510
  0.6590  0.33026633
  0.6600  0.17259696
  0.6610  0.03369888
  0.6620  0.14824715
  0.6630  0.30174710
  0.6640  0.45494439
  0.6650  0.60683557
  0.6660  0.75714775
  0.6670  0.90572691
  0.6680  1.05245411
  0.6690  1.19722508
  0.6700  1.33994349
  0.6710  1.48051829
  0.6720  1.61886260
  0.6730  1.75489309
  0.6740  1.88852974
  0.6750  2.01969562
  0.6760  2.14831687
  0.6770  2.27432263
  0.6780  2.39764502
  0.6790  2.51821911
  0.6800  2.63598299
  0.6810  2.75087767
  0.6820  2.86284718
  0.6830  2.97183851
  0.6840  3.07780166
  0.6850  3.18068961
  0.6860  3.28045833
  0.6870  3.37706681
  0.6880  3.47047701
  0.6890  3.56065392
  0.6900  3.64756548
  0.6910  3.73118266
  0.6920  3.81147936
  0.6930  3.88843250
  0.6940  3.96202191
  0.6950  4.03223038
  0.6960  4.09904362
  0.6970  4.16245024
  0.6980  4.22244175
  0.6990  4.27901251
  0.7000  4.33215971
  0.7010  4.38188334
  0.7020  4.42818620
  0.7030  4.47107380
  0.7040  4.51055438
  0.7050  4.54663886
  0.7060  4.57934079
  0.7070  4.60867633
  0.7080  4.63466417
  0.7090  4.65732556
  0.7100  4.67668416
  0.7110  4.69276610
  0.7120  4.70559986
  0.7130  4.71521625
  0.7140  4.72164832
  0.7150  4.72493137
  0.7160  4.72510285
  0.7170  4.72220229
  0.7180  4.71627129
  0.7190  4.70735340
  0.7200  4.69549414
  0.7210  4.68074084
  0.7220  4.66314264
  0.7230  4.64275044
  0.7240  4.61961675
  0.7250  4.59379573
  0.7260  4.56534304
  0.7270  4.53431580
  0.7280  4.50077254
  0.7290  4.46477311
  0.7300  4.42637859
  0.7310  4.38565126
  0.7320  4.34265451
  0.7330  4.29745277
  0.7340  4.25011142
  0.7350  4.20069674
  0.7360  4.14927586
  0.7370  4.09591661
  0.7380  4.04068754
  0.7390  3.98365779
  0.7400  3.92489702
  0.7410  3.86447539
  0.7420  3.80246343
  0.7430  3.73893198
  0.7440  3.67395215
  0.7450  3.60759524
  0.7460  3.53993265
  0.7470  3.47103584
  0.7480  3.40097625
  0.7490  3.32982523
  0.7500  3.25765400
  0.7510  3.18453354
  0.7520  3.11053460
  0.7530  3.03572758
  0.7540  2.96018248
  0.7550  2.88396886
  0.7560  2.80715581
  0.7570  2.72981182
  0.7580  2.65200482
  0.7590  2.57380205
  0.7600  2.49527009
  0.7610  2.41647475
  0.7620  2.33748108
  0.7630  2.25835331
  0.7640  2.17915481
  0.7650  2.09994809
  0.7660  2.02079476
  0.7670  1.94175550
  0.7680  1.86289007
  0.7690  1.78425731
  0.7700  1.70591513
  0.7710  1.62792057
  0.7720  1.55032977
  0.7730  1.47319810
  0.7740  1.39658021
  0.7750  1.32053016
  0.7760  1.24510160
  0.7770  1.17034799
  0.7780  1.09632295
  0.7790  1.02308074
  0.7800  0.95067688
  0.7810  0.87916920
  0.7820  0.80861920
  0.7830  0.73909420
  0.7840  0.67067073
  0.7850  0.60343977
  0.7860  0.53751564
  0.7870  0.47305128
  0.7880  0.41026598
  0.7890  0.34949897
  0.7900  0.29131904
  0.7910  0.23676463
  0.7920  0.18789104
  0.7930  0.14893006
  0.7940  0.12752385
  0.7950  0.13084801
  0.7960  0.15597408
  0.7970  0.19353140
  0.7980  0.23680082
  0.7990  0.28242828
  0.8000  0.32879964
  0.8010  0.37508914
  0.8020  0.42084076
  0.8030  0.46578424
  0.8040  0.50974956
  0.8050  0.55262428
  0.8060  0.59433099
  0.8070  0.63481469
  0.8080  0.67403528
  0.8090  0.71196312
  0.8100  0.74857603
  0.8110  0.78385748
  0.8120  0.81779524
  0.8130  0.85038052
  0.8140  0.88160731
  0.8150  0.91147193
  0.8160  0.93997268
  0.8170  0.96710958
  0.8180  0.99288416
  0.8190  1.01729926
  0.8200  1.04035896
  0.8210  1.06206842
  0.8220  1.08243381
  0.8230  1.10146221
  0.8240  1.11916156
  0.8250  1.13554059
  0.8260  1.15060876
  0.8270  1.16437620
  0.8280  1.17685371
  0.8290  1.18805264
  0.8300  1.19798493
  0.8310  1.20666302
  0.8320  1.21409982
  0.8330  1.22030870
  0.8340  1.22530344
  0.8350  1.22909821
  0.8360  1.23170754
  0.8370  1.23314629
  0.8380  1.23342960
  0.8390  1.23257294
  0.8400  1.23059198
  0.8410  1.22750267
  0.8420  1.22332116
  0.8430  1.21806378
  0.8440  1.21174707
  0.8450  1.20438770
  0.8460  1.19600250
  0.8470  1.18660842
  0.8480  1.17622254
  0.8490  1.16486203
  0.8500  1.15254415
  0.8510  1.13928626
  0.8520  1.12510576
  0.8530  1.11002015
  0.8540  1.09404698
  0.8550  1.07720383
  0.8560  1.05950835
  0.8570  1.04097824
  0.8580  1.02163125
  0.8590  1.00148515
  0.8600  0.98055780
  0.8610  0.95886708
  0.8620  0.93643096
  0.8630  0.91326746
  0.8640  0.88939471
  0.8650  0.86483091
  0.8660  0.83959443
  0.8670  0.81370374
  0.8680  0.78717753
  0.8690  0.76003470
  0.8700  0.73229444
  0.8710  0.70397629
  0.8720  0.67510023
  0.8730  0.64568678
  0.8740  0.61575720
  0.8750  0.58533367
  0.8760  0.55443953
  0.8770  0.52309976
  0.8780  0.49134147
  0.8790  0.45919469
  0.8800  0.42669360
  0.8810  0.39387827
  0.8820  0.36079750
  0.8830  0.32751336
  0.8840  0.29410887
  0.8850  0.26070155
  0.8860  0.22746870
  0.8870  0.19469724
  0.8880  0.16288859
  0.8890  0.13299172
  0.8900  0.10692212
  0.8910  0.08847293
  0.8920  0.08321837
  0.8930  0.09366900
  0.8940  0.11582754
  0.8950  0.14453089
  0.8960  0.17670710
  0.8970  0.21083453
  0.8980  0.24614524
  0.8990  0.28222232
  0.9000  0.31882052
  0.9010  0.35578413
  0.9020  0.39300715
  0.9030  0.43041275
  0.9040  0.46794199
  0.9050  0.50554737
  0.9060  0.54318895
  0.9070  0.58083195
  0.9080  0.61844518
  0.9090  0.65600002
  0.9100  0.69346974
  0.9110  0.73082898
  0.9120  0.76805346
  0.9130  0.80511970
  0.9140  0.84200487
  0.9150  0.87868666
  0.9160  0.91514315
  0.9170  0.95135282
  0.9180  0.98729442
  0.9190  1.02294699
  0.9200  1.05828979
  0.9210  1.09330233
  0.9220  1.12796434
  0.9230  1.16225575
  0.9240  1.19615673
  0.9250  1.22964763
  0.9260  1.26270905
  0.9270  1.29532182
  0.9280  1.32746699
  0.9290  1.35912588
  0.9300  1.39028006
  0.9310  1.42091138
  0.9320  1.45100199
  0.9330  1.48053433
  0.9340  1.50949116
  0.9350  1.53785559
  0.9360  1.56561107
  0.9370  1.59274142
  0.9380  1.61923085
  0.9390  1.64506398
  0.9400  1.67022583
  0.9410  1.69470186
  0.9420  1.71847800
  0.9430  1.74154063
  0.9440  1.76387663
  0.9450  1.78547335
  0.9460  1.80631871
  0.9470  1.82640112
  0.9480  1.84570955
  0.9490  1.86423353
  0.9500  1.88196318
  0.9510  1.89888920
  0.9520  1.91500289
  0.9530  1.93029617
  0.9540  1.94476159
  0.9550  1.95839233
  0.9560  1.97118222
  0.9570  1.98312576
  0.9580  1.99421811
  0.9590  2.00445511
  0.9600  2.01383326
  0.9610  2.02234977
  0.9620  2.03000255
  0.9630  2.03679019
  0.9640  2.04271199
  0.9650  2.04776797
  0.9660  2.05195882
  0.9670  2.05528597
  0.9680  2.05775154
  0.9690  2.05935837
  0.9700  2.06010999
  0.9710  2.06001064
  0.9720  2.05906524
  0.9730  2.05727942
  0.9740  2.05465948
  0.9750  2.05121241
  0.9760  2.04694586
  0.9770  2.04186813
  0.9780  2.03598818
  0.9790  2.02931562
  0.9800  2.02186066
  0.9810  2.01363413
  0.9820  2.00464747
  0.9830  1.99491270
  0.9840  1.98444238
  0.9850  1.97324966
  0.9860  1.96134821
  0.9870  1.94875219
  0.9880  1.93547628
  0.9890  1.92153564
  0.9900  1.90694586
  0.9910  1.89172299
  0.9920  1.87588348
  0.9930  1.85944415
  0.9940  1.84242222
  0.9950  1.82483523
  0.9960  1.80670105
  0.9970  1.78803782
  0.9980  1.76886399
  0.9990  1.74919822
