  0.0000  55.67936114
  0.0010  55.65277607
  0.0020  55.57303152
  0.0030  55.44015943
  0.0040  55.25421303
  0.0050  55.01526681
  0.0060  54.72341649
  0.0070  54.37877899
  0.0080  53.98149234
  0.0090  53.53171570
  0.0100  53.02962920
  0.0110  52.47543395
  0.0120  51.86935190
  0.0130  51.21162576
  0.0140  50.50251892
  0.0150  49.74231532
  0.0160  48.93131934
  0.0170  48.06985567
  0.0180  47.15826916
  0.0190  46.19692472
  0.0200  45.18620713
  0.0210  44.12652087
  0.0220  43.01829001
  0.0230  41.86195797
  0.0240  40.65798738
  0.0250  39.40685986
  0.0260  38.10907584
  0.0270  36.76515435
  0.0280  35.37563280
  0.0290  33.94106676
  0.0300  32.46202973
  0.0310  30.93911294
  0.0320  29.37292505
  0.0330  27.76409197
  0.0340  26.11325655
  0.0350  24.42107841
  0.0360  22.68823364
  0.0370  20.91541456
  0.0380  19.10332959
  0.0390  17.25270297
  0.0400  15.36427484
  0.0410  13.43880125
  0.0420  11.47705493
  0.0430  9.47982711
  0.0440  7.44793324
  0.0450  5.38223280
  0.0460  3.28372803
  0.0470  1.15477184
  0.0480  1.01530688
  0.0490  3.20573099
  0.0500  5.42801454
  0.0510  7.67936695
  0.0520  9.95869307
  0.0530  12.26503289
  0.0540  14.59744905
  0.0550  16.95500501
  0.0560  19.33675903
  0.0570  21.74176215
  0.0580  24.16905758
  0.0590  26.61768062
  0.0600  29.08665879
  0.0610  31.57501209
  0.0620  34.08175332
  0.0630  36.60588845
  0.0640  39.14641697
  0.0650  41.70233227
  0.0660  44.27262207
  0.0670  46.85626879
  0.0680  49.45224999
  0.0690  52.05953873
  0.0700  54.67710403
  0.0710  57.30391124
  0.0720  59.93892253
  0.0730  62.58109720
  0.0740  65.22939221
  0.0750  67.88276252
  0.0760  70.54016154
  0.0770  73.20054157
  0.0780  75.86285417
  0.0790  78.52605064
  0.0800  81.18908239
  0.0810  83.85090139
  0.0820  86.51046059
  0.0830  89.16671430
  0.0840  91.81861866
  0.0850  94.46513203
  0.0860  97.10521540
  0.0870  99.73783280
  0.0880  102.36195175
  0.0890  104.97654360
  0.0900  107.58058401
  0.0910  110.17305330
  0.0920  112.75293689
  0.0930  115.31922569
  0.0940  117.87091645
  0.0950  120.40701225
  0.0960  122.92652280
  0.0970  125.42846487
  0.0980  127.91186268
  0.0990  130.37574825
  0.1000  132.81916181
  0.1010  135.24115215
  0.1020  137.64077700
  0.1030  140.01710340
  0.1040  142.36920803
  0.1050  144.69617761
  0.1060  146.99710922
  0.1070  149.27111065
  0.1080  151.51730076
  0.1090  153.73480977
  0.1100  155.92277968
  0.1110  158.08036447
  0.1120  160.20673056
  0.1130  162.30105700
  0.1140  164.36253585
  0.1150  166.39037249
  0.1160  168.38378586
  0.1170  170.34200881
  0.1180  172.26428833
  0.1190  174.14988589
  0.1200  175.99807767
  0.1210  177.80815484
  0.1220  179.57942379
  0.1230  181.31120645
  0.1240  183.00284047
  0.1250  184.65367947
  0.1260  186.26309332
  0.1270  187.83046830
  0.1280  189.35520736
  0.1290  190.83673032
  0.1300  192.27447406
  0.1310  193.66789274
  0.1320  195.01645796
  0.1330  196.31965898
  0.1340  197.57700285
  0.1350  198.78801459
  0.1360  199.95223739
  0.1370  201.06923267
  0.1380  202.13858033
  0.1390  203.15987881
  0.1400  204.13274522
  0.1410  205.05681550
  0.1420  205.93174453
  0.1430  206.75720616
  0.1440  207.53289340
  0.1450  208.25851846
  0.1460  208.93381283
  0.1470  209.55852735
  0.1480  210.13243229
  0.1490  210.65531739
  0.1500  211.12699191
  0.1510  211.54728470
  0.1520  211.91604416
  0.1530  212.23313834
  0.1540  212.49845491
  0.1550  212.71190118
  0.1560  212.87340409
  0.1570  212.98291022
  0.1580  213.04038577
  0.1590  213.04581650
  0.1600  212.99920775
  0.1610  212.90058438
  0.1620  212.74999069
  0.1630  212.54749040
  0.1640  212.29316659
  0.1650  211.98712159
  0.1660  211.62947696
  0.1670  211.22037334
  0.1680  210.75997038
  0.1690  210.24844667
  0.1700  209.68599957
  0.1710  209.07284516
  0.1720  208.40921805
  0.1730  207.69537129
  0.1740  206.93157624
  0.1750  206.11812238
  0.1760  205.25531719
  0.1770  204.34348601
  0.1780  203.38297180
  0.1790  202.37413506
  0.1800  201.31735358
  0.1810  200.21302227
  0.1820  199.06155301
  0.1830  197.86337438
  0.1840  196.61893151
  0.1850  195.32868585
  0.1860  193.99311493
  0.1870  192.61271218
  0.1880  191.18798667
  0.1890  189.71946288
  0.1900  188.20768046
  0.1910  186.65319399
  0.1920  185.05657271
  0.1930  183.41840029
  0.1940  181.73927454
  0.1950  180.01980718
  0.1960  178.26062350
  0.1970  176.46236215
  0.1980  174.62567485
  0.1990  172.75122606
  0.2000  170.83969273
  0.2010  168.89176397
  0.2020  166.90814081
  0.2030  164.88953583
  0.2040  162.83667288
  0.2050  160.75028680
  0.2060  158.63112304
  0.2070  156.47993740
  0.2080  154.29749569
  0.2090  152.08457339
  0.2100  149.84195535
  0.2110  147.57043543
  0.2120  145.27081621
  0.2130  142.94390860
  0.2140  140.59053154
  0.2150  138.21151166
  0.2160  135.80768291
  0.2170  133.37988626
  0.2180  130.92896931
  0.2190  128.45578596
  0.2200  125.96119608
  0.2210  123.44606511
  0.2220  120.91126378
  0.2230  118.35766770
  0.2240  115.78615701
  0.2250  113.19761606
  0.2260  110.59293304
  0.2270  107.97299962
  0.2280  105.33871059
  0.2290  102.69096351
  0.2300  100.03065838
  0.2310  97.35869725
  0.2320  94.67598389
  0.2330  91.98342341
  0.2340  89.28192197
  0.2350  86.57238636
  0.2360  83.85572369
  0.2370  81.13284103
  0.2380  78.40464510
  0.2390  75.67204189
  0.2400  72.93593634
  0.2410  70.19723202
  0.2420  67.45683079
  0.2430  64.71563250
  0.2440  61.97453466
  0.2450  59.23443216
  0.2460  56.49621696
  0.2470  53.76077787
  0.2480  51.02900027
  0.2490  48.30176590
  0.2500  45.57995272
  0.2510  42.86443478
  0.2520  40.15608225
  0.2530  37.45576146
  0.2540  34.76433532
  0.2550  32.08266385
  0.2560  29.41160536
  0.2570  26.75201839
  0.2580  24.10476514
  0.2590  21.47071745
  0.2600  18.85076811
  0.2610  16.24585283
  0.2620  13.65699711
  0.2630  11.08542739
  0.2640  8.53287904
  0.2650  6.00267320
  0.2660  3.50536240
  0.2670  1.13920944
  0.2680  1.66471978
  0.2690  4.05021838
  0.2700  6.47156973
  0.2710  8.88118462
  0.2720  11.27163047
  0.2730  13.64025445
  0.2740  15.98559853
  0.2750  18.30662540
  0.2760  20.60248176
  0.2770  22.87240916
  0.2780  25.11570516
  0.2790  27.33170463
  0.2800  29.51977008
  0.2810  31.67928627
  0.2820  33.80965710
  0.2830  35.91030380
  0.2840  37.98066380
  0.2850  40.02019002
  0.2860  42.02835049
  0.2870  44.00462806
  0.2880  45.94852031
  0.2890  47.85953944
  0.2900  49.73721227
  0.2910  51.58108026
  0.2920  53.39069953
  0.2930  55.16564094
  0.2940  56.90549010
  0.2950  58.60984748
  0.2960  60.27832844
  0.2970  61.91056332
  0.2980  63.50619749
  0.2990  65.06489138
  0.3000  66.58632061
  0.3010  68.07017598
  0.3020  69.51616352
  0.3030  70.92400458
  0.3040  72.29343581
  0.3050  73.62420924
  0.3060  74.91609228
  0.3070  76.16886775
  0.3080  77.38233389
  0.3090  78.55630438
  0.3100  79.69060832
  0.3110  80.78509026
  0.3120  81.83961016
  0.3130  82.85404342
  0.3140  83.82828080
  0.3150  84.76222843
  0.3160  85.65580778
  0.3170  86.50895560
  0.3180  87.32162390
  0.3190  88.09377987
  0.3200  88.82540586
  0.3210  89.51649927
  0.3220  90.16707254
  0.3230  90.77715303
  0.3240  91.34678295
  0.3250  91.87601929
  0.3260  92.36493372
  0.3270  92.81361248
  0.3280  93.22215629
  0.3290  93.59068026
  0.3300  93.91931374
  0.3310  94.20820024
  0.3320  94.45749725
  0.3330  94.66737619
  0.3340  94.83802222
  0.3350  94.96963409
  0.3360  95.06242406
  0.3370  95.11661769
  0.3380  95.13245370
  0.3390  95.11018385
  0.3400  95.05007271
  0.3410  94.95239757
  0.3420  94.81744819
  0.3430  94.64552669
  0.3440  94.43694733
  0.3450  94.19203633
  0.3460  93.91113169
  0.3470  93.59458302
  0.3480  93.24275128
  0.3490  92.85600866
  0.3500  92.43473829
  0.3510  91.97933411
  0.3520  91.49020062
  0.3530  90.96775267
  0.3540  90.41241523
  0.3550  89.82462322
  0.3560  89.20482122
  0.3570  88.55346329
  0.3580  87.87101271
  0.3590  87.15794178
  0.3600  86.41473155
  0.3610  85.64187163
  0.3620  84.83985990
  0.3630  84.00920230
  0.3640  83.15041256
  0.3650  82.26401201
  0.3660  81.35052926
  0.3670  80.41049999
  0.3680  79.44446672
  0.3690  78.45297850
  0.3700  77.43659071
  0.3710  76.39586479
  0.3720  75.33136795
  0.3730  74.24367297
  0.3740  73.13335789
  0.3750  72.00100581
  0.3760  70.84720456
  0.3770  69.67254650
  0.3780  68.47762823
  0.3790  67.26305033
  0.3800  66.02941712
  0.3810  64.77733638
  0.3820  63.50741912
  0.3830  62.22027928
  0.3840  60.91653349
  0.3850  59.59680082
  0.3860  58.26170255
  0.3870  56.91186184
  0.3880  55.54790356
  0.3890  54.17045399
  0.3900  52.78014058
  0.3910  51.37759174
  0.3920  49.96343655
  0.3930  48.53830454
  0.3940  47.10282548
  0.3950  45.65762914
  0.3960  44.20334505
  0.3970  42.74060231
  0.3980  41.27002942
  0.3990  39.79225403
  0.4000  38.30790282
  0.4010  36.81760133
  0.4020  35.32197382
  0.4030  33.82164324
  0.4040  32.31723109
  0.4050  30.80935751
  0.4060  29.29864135
  0.4070  27.78570033
  0.4080  26.27115142
  0.4090  24.75561136
  0.4100  23.23969754
  0.4110  21.72402928
  0.4120  20.20922981
  0.4130  18.69592926
  0.4140  17.18476935
  0.4150  15.67641086
  0.4160  14.17154586
  0.4170  12.67091862
  0.4180  11.17536315
  0.4190  9.68587496
  0.4200  8.20375925
  0.4210  6.73097058
  0.4220  5.27100763
  0.4230  3.83179389
  0.4240  2.43837314
  0.4250  1.22845407
  0.4260  1.14185808
  0.4270  2.29244928
  0.4280  3.64468515
  0.4290  5.03032529
  0.4300  6.42081787
  0.4310  7.80752907
  0.4320  9.18679163
  0.4330  10.55664255
  0.4340  11.91583350
  0.4350  13.26346098
  0.4360  14.59880672
  0.4370  15.92126109
  0.4380  17.23028320
  0.4390  18.52537876
  0.4400  19.80608715
  0.4410  21.07197350
  0.4420  22.32262370
  0.4430  23.55764116
  0.4440  24.77664460
  0.4450  25.97926664
  0.4460  27.16515268
  0.4470  28.33396027
  0.4480  29.48535853
  0.4490  30.61902785
  0.4500  31.73465955
  0.4510  32.83195575
  0.4520  33.91062919
  0.4530  34.97040318
  0.4540  36.01101146
  0.4550  37.03219819
  0.4560  38.03371792
  0.4570  39.01533553
  0.4580  39.97682620
  0.4590  40.91797544
  0.4600  41.83857905
  0.4610  42.73844307
  0.4620  43.61738385
  0.4630  44.47522795
  0.4640  45.31181218
  0.4650  46.12698356
  0.4660  46.92059931
  0.4670  47.69252681
  0.4680  48.44264361
  0.4690  49.17083736
  0.4700  49.87700584
  0.4710  50.56105684
  0.4720  51.22290819
  0.4730  51.86248771
  0.4740  52.47973314
  0.4750  53.07459209
  0.4760  53.64702204
  0.4770  54.19699022
  0.4780  54.72447357
  0.4790  55.22945872
  0.4800  55.71194186
  0.4810  56.17192871
  0.4820  56.60943443
  0.4830  57.02448354
  0.4840  57.41710988
  0.4850  57.78735645
  0.4860  58.13527539
  0.4870  58.46092787
  0.4880  58.76438397
  0.4890  59.04572263
  0.4900  59.30503149
  0.4910  59.54240684
  0.4920  59.75795349
  0.4930  59.95178465
  0.4940  60.12402186
  0.4950  60.27479480
  0.4960  60.40424124
  0.4970  60.51250690
  0.4980  60.59974529
  0.4990  60.66611764
  0.5000  60.71179273
  0.5010  60.73694678
  0.5020  60.74176330
  0.5030  60.72643296
  0.5040  60.69115344
  0.5050  60.63612934
  0.5060  60.56157194
  0.5070  60.46769917
  0.5080  60.35473537
  0.5090  60.22291118
  0.5100  60.07246339
  0.5110  59.90363478
  0.5120  59.71667397
  0.5130  59.51183528
  0.5140  59.28937852
  0.5150  59.04956889
  0.5160  58.79267679
  0.5170  58.51897767
  0.5180  58.22875187
  0.5190  57.92228442
  0.5200  57.59986493
  0.5210  57.26178740
  0.5220  56.90835005
  0.5230  56.53985515
  0.5240  56.15660886
  0.5250  55.75892106
  0.5260  55.34710519
  0.5270  54.92147807
  0.5280  54.48235972
  0.5290  54.03007323
  0.5300  53.56494453
  0.5310  53.08730228
  0.5320  52.59747766
  0.5330  52.09580422
  0.5340  51.58261770
  0.5350  51.05825586
  0.5360  50.52305832
  0.5370  49.97736639
  0.5380  49.42152288
  0.5390  48.85587197
  0.5400  48.28075900
  0.5410  47.69653036
  0.5420  47.10353324
  0.5430  46.50211556
  0.5440  45.89262574
  0.5450  45.27541255
  0.5460  44.65082498
  0.5470  44.01921202
  0.5480  43.38092256
  0.5490  42.73630520
  0.5500  42.08570811
  0.5510  41.42947883
  0.5520  40.76796419
  0.5530  40.10151009
  0.5540  39.43046139
  0.5550  38.75516174
  0.5560  38.07595344
  0.5570  37.39317730
  0.5580  36.70717248
  0.5590  36.01827636
  0.5600  35.32682441
  0.5610  34.63315002
  0.5620  33.93758441
  0.5630  33.24045646
  0.5640  32.54209259
  0.5650  31.84281664
  0.5660  31.14294971
  0.5670  30.44281011
  0.5680  29.74271316
  0.5690  29.04297111
  0.5700  28.34389302
  0.5710  27.64578464
  0.5720  26.94894832
  0.5730  26.25368288
  0.5740  25.56028352
  0.5750  24.86904172
  0.5760  24.18024512
  0.5770  23.49417748
  0.5780  22.81111853
  0.5790  22.13134392
  0.5800  21.45512515
  0.5810  20.78272944
  0.5820  20.11441973
  0.5830  19.45045457
  0.5840  18.79108806
  0.5850  18.13656982
  0.5860  17.48714491
  0.5870  16.84305385
  0.5880  16.20453253
  0.5890  15.57181223
  0.5900  14.94511962
  0.5910  14.32467676
  0.5920  13.71070111
  0.5930  13.10340565
  0.5940  12.50299891
  0.5950  11.90968511
  0.5960  11.32366433
  0.5970  10.74513273
  0.5980  10.17428288
  0.5990  9.61130412
  0.6000  9.05638319
  0.6010  8.50970488
  0.6020  7.97145311
  0.6030  7.44181229
  0.6040  6.92096923
  0.6050  6.40911589
  0.6060  5.90645329
  0.6070  5.41319734
  0.6080  4.92958754
  0.6090  4.45590065
  0.6100  3.99247266
  0.6110  3.53973562
  0.6120  3.09828238
  0.6130  2.66898693
  0.6140  2.25324358
  0.6150  1.85348251
  0.6160  1.47439261
  0.6170  1.12614264
  0.6180  0.83343907
  0.6190  0.65545573
  0.6200  0.67092542
  0.6210  0.85648665
  0.6220  1.12151000
  0.6230  1.41462985
  0.6240  1.71542420
  0.6250  2.01538863
  0.6260  2.31054118
  0.6270  2.59880934
  0.6280  2.87901977
  0.6290  3.15046366
  0.6300  3.41269152
  0.6310  3.66540825
  0.6320  3.90841604
  0.6330  4.14158142
  0.6340  4.36481547
  0.6350  4.57806140
  0.6360  4.78128647
  0.6370  4.97447659
  0.6380  5.15763265
  0.6390  5.33076789
  0.6400  5.49390603
  0.6410  5.64707988
  0.6420  5.79033031
  0.6430  5.92370546
  0.6440  6.04726008
  0.6450  6.16105509
  0.6460  6.26515716
  0.6470  6.35963835
  0.6480  6.44457586
  0.6490  6.52005181
  0.6500  6.58615299
  0.6510  6.64297070
  0.6520  6.69060058
  0.6530  6.72914246
  0.6540  6.75870025
  0.6550  6.77938175
  0.6560  6.79129859
  0.6570  6.79456610
  0.6580  6.78930319
  0.6590  6.77563224
  0.6600  6.75367904
  0.6610  6.72357264
  0.6620  6.68544534
  0.6630  6.63943250
  0.6640  6.58567254
  0.6650  6.52430685
  0.6660  6.45547967
  0.6670  6.37933807
  0.6680  6.29603188
  0.6690  6.20571360
  0.6700  6.10853842
  0.6710  6.00466411
  0.6720  5.89425107
  0.6730  5.77746226
  0.6740  5.65446325
  0.6750  5.52542224
  0.6760  5.39051011
  0.6770  5.24990057
  0.6780  5.10377023
  0.6790  4.95229888
  0.6800  4.79566970
  0.6810  4.63406972
  0.6820  4.46769025
  0.6830  4.29672762
  0.6840  4.12138411
  0.6850  3.94186913
  0.6860  3.75840102
  0.6870  3.57120927
  0.6880  3.38053782
  0.6890  3.18664961
  0.6900  2.98983307
  0.6910  2.79041166
  0.6920  2.58875813
  0.6930  2.38531618
  0.6940  2.18063475
  0.6950  1.97542355
  0.6960  1.77064644
  0.6970  1.56768445
  0.6980  1.36863151
  0.6990  1.17684901
  0.7000  0.99801756
  0.7010  0.84201664
  0.7020  0.72537886
  0.7030  0.67053949
  0.7040  0.69358983
  0.7050  0.78862150
  0.7060  0.93450595
  0.7070  1.11175295
  0.7080  1.30785607
  0.7090  1.51557039
  0.7100  1.73068146
  0.7110  1.95063102
  0.7120  2.17378020
  0.7130  2.39901959
  0.7140  2.62555741
  0.7150  2.85280028
  0.7160  3.08028336
  0.7170  3.30762799
  0.7180  3.53451509
  0.7190  3.76066801
  0.7200  3.98584108
  0.7210  4.20981189
  0.7220  4.43237594
  0.7230  4.65334277
  0.7240  4.87253330
  0.7250  5.08977778
  0.7260  5.30491437
  0.7270  5.51778796
  0.7280  5.72824944
  0.7290  5.93615499
  0.7300  6.14136559
  0.7310  6.34374672
  0.7320  6.54316799
  0.7330  6.73950295
  0.7340  6.93262889
  0.7350  7.12242675
  0.7360  7.30878094
  0.7370  7.49157932
  0.7380  7.67071309
  0.7390  7.84607677
  0.7400  8.01756814
  0.7410  8.18508821
  0.7420  8.34854120
  0.7430  8.50783456
  0.7440  8.66287887
  0.7450  8.81358794
  0.7460  8.95987872
  0.7470  9.10167132
  0.7480  9.23888903
  0.7490  9.37145830
  0.7500  9.49930874
  0.7510  9.62237313
  0.7520  9.74058739
  0.7530  9.85389063
  0.7540  9.96222512
  0.7550  10.06553627
  0.7560  10.16377267
  0.7570  10.25688607
  0.7580  10.34483137
  0.7590  10.42756663
  0.7600  10.50505305
  0.7610  10.57725500
  0.7620  10.64413995
  0.7630  10.70567855
  0.7640  10.76184453
  0.7650  10.81261477
  0.7660  10.85796924
  0.7670  10.89789101
  0.7680  10.93236623
  0.7690  10.96138413
  0.7700  10.98493697
  0.7710  11.00302009
  0.7720  11.01563183
  0.7730  11.02277353
  0.7740  11.02444955
  0.7750  11.02066719
  0.7760  11.01143671
  0.7770  10.99677131
  0.7780  10.97668708
  0.7790  10.95120301
  0.7800  10.92034093
  0.7810  10.88412551
  0.7820  10.84258425
  0.7830  10.79574741
  0.7840  10.74364801
  0.7850  10.68632181
  0.7860  10.62380724
  0.7870  10.55614543
  0.7880  10.48338015
  0.7890  10.40555775
  0.7900  10.32272720
  0.7910  10.23494000
  0.7920  10.14225016
  0.7930  10.04471420
  0.7940  9.94239109
  0.7950  9.83534223
  0.7960  9.72363140
  0.7970  9.60732478
  0.7980  9.48649087
  0.7990  9.36120048
  0.8000  9.23152672
  0.8010  9.09754496
  0.8020  8.95933281
  0.8030  8.81697010
  0.8040  8.67053887
  0.8050  8.52012336
  0.8060  8.36580999
  0.8070  8.20768737
  0.8080  8.04584629
  0.8090  7.88037977
  0.8100  7.71138304
  0.8110  7.53895359
  0.8120  7.36319126
  0.8130  7.18419824
  0.8140  7.00207921
  0.8150  6.81694143
  0.8160  6.62889493
  0.8170  6.43805265
  0.8180  6.24453071
  0.8190  6.04844869
  0.8200  5.84993008
  0.8210  5.64910266
  0.8220  5.44609921
  0.8230  5.24105824
  0.8240  5.03412501
  0.8250  4.82545281
  0.8260  4.61520459
  0.8270  4.40355521
  0.8280  4.19069420
  0.8290  3.97682964
  0.8300  3.76219326
  0.8310  3.54704739
  0.8320  3.33169466
  0.8330  3.11649149
  0.8340  2.90186742
  0.8350  2.68835300
  0.8360  2.47662106
  0.8370  2.26754858
  0.8380  2.06231096
  0.8390  1.86252766
  0.8400  1.67048726
  0.8410  1.48948937
  0.8420  1.32433083
  0.8430  1.18187630
  0.8440  1.07135102
  0.8450  1.00339724
  0.8460  0.98677985
  0.8470  1.02383482
  0.8480  1.10895098
  0.8490  1.23190652
  0.8500  1.38230206
  0.8510  1.55181490
  0.8520  1.73446644
  0.8530  1.92612861
  0.8540  2.12396238
  0.8550  2.32598817
  0.8560  2.53079464
  0.8570  2.73734941
  0.8580  2.94487668
  0.8590  3.15277773
  0.8600  3.36057843
  0.8610  3.56789405
  0.8620  3.77440518
  0.8630  3.97984108
  0.8640  4.18396783
  0.8650  4.38657987
  0.8660  4.58749385
  0.8670  4.78654404
  0.8680  4.98357897
  0.8690  5.17845883
  0.8700  5.37105349
  0.8710  5.56124102
  0.8720  5.74890649
  0.8730  5.93394104
  0.8740  6.11624117
  0.8750  6.29570814
  0.8760  6.47224749
  0.8770  6.64576871
  0.8780  6.81618492
  0.8790  6.98341260
  0.8800  7.14737142
  0.8810  7.30798408
  0.8820  7.46517614
  0.8830  7.61887596
  0.8840  7.76901458
  0.8850  7.91552566
  0.8860  8.05834539
  0.8870  8.19741249
  0.8880  8.33266813
  0.8890  8.46405590
  0.8900  8.59152180
  0.8910  8.71501420
  0.8920  8.83448382
  0.8930  8.94988373
  0.8940  9.06116931
  0.8950  9.16829827
  0.8960  9.27123061
  0.8970  9.36992863
  0.8980  9.46435690
  0.8990  9.55448229
  0.9000  9.64027392
  0.9010  9.72170319
  0.9020  9.79874374
  0.9030  9.87137146
  0.9040  9.93956451
  0.9050  10.00330325
  0.9060  10.06257027
  0.9070  10.11735040
  0.9080  10.16763066
  0.9090  10.21340026
  0.9100  10.25465063
  0.9110  10.29137535
  0.9120  10.32357018
  0.9130  10.35123302
  0.9140  10.37436392
  0.9150  10.39296506
  0.9160  10.40704071
  0.9170  10.41659726
  0.9180  10.42164316
  0.9190  10.42218893
  0.9200  10.41824714
  0.9210  10.40983236
  0.9220  10.39696119
  0.9230  10.37965219
  0.9240  10.35792589
  0.9250  10.33180477
  0.9260  10.30131321
  0.9270  10.26647749
  0.9280  10.22732575
  0.9290  10.18388797
  0.9300  10.13619595
  0.9310  10.08428328
  0.9320  10.02818529
  0.9330  9.96793907
  0.9340  9.90358339
  0.9350  9.83515869
  0.9360  9.76270707
  0.9370  9.68627221
  0.9380  9.60589940
  0.9390  9.52163545
  0.9400  9.43352869
  0.9410  9.34162892
  0.9420  9.24598740
  0.9430  9.14665679
  0.9440  9.04369112
  0.9450  8.93714576
  0.9460  8.82707737
  0.9470  8.71354391
  0.9480  8.59660452
  0.9490  8.47631958
  0.9500  8.35275058
  0.9510  8.22596015
  0.9520  8.09601198
  0.9530  7.96297082
  0.9540  7.82690240
  0.9550  7.68787341
  0.9560  7.54595147
  0.9570  7.40120508
  0.9580  7.25370358
  0.9590  7.10351710
  0.9600  6.95071654
  0.9610  6.79537354
  0.9620  6.63756040
  0.9630  6.47735006
  0.9640  6.31481607
  0.9650  6.15003255
  0.9660  5.98307414
  0.9670  5.81401594
  0.9680  5.64293352
  0.9690  5.46990285
  0.9700  5.29500025
  0.9710  5.11830237
  0.9720  4.93988617
  0.9730  4.75982883
  0.9740  4.57820775
  0.9750  4.39510050
  0.9760  4.21058480
  0.9770  4.02473845
  0.9780  3.83763933
  0.9790  3.64936535
  0.9800  3.45999441
  0.9810  3.26960437
  0.9820  3.07827304
  0.9830  2.88607814
  0.9840  2.69309726
  0.9850  2.49940789
  0.9860  2.30508739
  0.9870  2.11021300
  0.9880  1.91486190
  0.9890  1.71911131
  0.9900  1.52303868
  0.9910  1.32672216
  0.9920  1.13024142
  0.9930  0.93367976
  0.9940  0.73712949
  0.9950  0.54070909
  0.9960  0.34463911
  0.9970  0.14991189
  0.9980  0.05683071
  0.9990  0.24638157
