  0.0000  34.80735472
  0.0010  34.76849764
  0.0020  34.65194842
  0.0030  34.45777320
  0.0040  34.18608215
  0.0050  33.83702940
  0.0060  33.41081299
  0.0070  32.90767472
  0.0080  32.32790000
  0.0090  31.67181772
  0.0100  30.93980002
  0.0110  30.13226209
  0.0120  29.24966192
  0.0130  28.29250002
  0.0140  27.26131916
  0.0150  26.15670401
  0.0160  24.97928081
  0.0170  23.72971703
  0.0180  22.40872095
  0.0190  21.01704125
  0.0200  19.55546660
  0.0210  18.02482519
  0.0220  16.42598431
  0.0230  14.75984983
  0.0240  13.02736584
  0.0250  11.22951424
  0.0260  9.36731472
  0.0270  7.44182539
  0.0280  5.45414654
  0.0290  3.40544041
  0.0300  1.29715508
  0.0310  0.87213148
  0.0320  3.09633195
  0.0330  5.37743438
  0.0340  7.71357593
  0.0350  10.10338495
  0.0360  12.54549848
  0.0370  15.03853284
  0.0380  17.58107878
  0.0390  20.17170066
  0.0400  22.80893670
  0.0410  25.49129961
  0.0420  28.21727731
  0.0430  30.98533377
  0.0440  33.79390988
  0.0450  36.64142433
  0.0460  39.52627455
  0.0470  42.44683758
  0.0480  45.40147108
  0.0490  48.38851425
  0.0500  51.40628879
  0.0510  54.45309990
  0.0520  57.52723725
  0.0530  60.62697597
  0.0540  63.75057767
  0.0550  66.89629143
  0.0560  70.06235483
  0.0570  73.24699498
  0.0580  76.44842952
  0.0590  79.66486766
  0.0600  82.89451125
  0.0610  86.13555577
  0.0620  89.38619141
  0.0630  92.64460409
  0.0640  95.90897651
  0.0650  99.17748921
  0.0660  102.44832160
  0.0670  105.71965302
  0.0680  108.98966376
  0.0690  112.25653614
  0.0700  115.51845551
  0.0710  118.77361132
  0.0720  122.02019813
  0.0730  125.25641665
  0.0740  128.48047475
  0.0750  131.69058850
  0.0760  134.88498317
  0.0770  138.06189424
  0.0780  141.21956836
  0.0790  144.35626441
  0.0800  147.47025441
  0.0810  150.55982453
  0.0820  153.62327606
  0.0830  156.65892630
  0.0840  159.66510958
  0.0850  162.64017812
  0.0860  165.58250300
  0.0870  168.49047500
  0.0880  171.36250556
  0.0890  174.19702759
  0.0900  176.99249638
  0.0910  179.74739042
  0.0920  182.46021222
  0.0930  185.12948917
  0.0940  187.75377429
  0.0950  190.33164703
  0.0960  192.86171405
  0.0970  195.34260994
  0.0980  197.77299796
  0.0990  200.15157075
  0.1000  202.47705102
  0.1010  204.74819223
  0.1020  206.96377923
  0.1030  209.12262888
  0.1040  211.22359069
  0.1050  213.26554742
  0.1060  215.24741558
  0.1070  217.16814605
  0.1080  219.02672460
  0.1090  220.82217233
  0.1100  222.55354624
  0.1110  224.21993962
  0.1120  225.82048253
  0.1130  227.35434219
  0.1140  228.82072339
  0.1150  230.21886884
  0.1160  231.54805952
  0.1170  232.80761501
  0.1180  233.99689378
  0.1190  235.11529345
  0.1200  236.16225108
  0.1210  237.13724335
  0.1220  238.03978677
  0.1230  238.86943789
  0.1240  239.62579343
  0.1250  240.30849038
  0.1260  240.91720616
  0.1270  241.45165867
  0.1280  241.91160635
  0.1290  242.29684821
  0.1300  242.60722384
  0.1310  242.84261339
  0.1320  243.00293756
  0.1330  243.08815749
  0.1340  243.09827470
  0.1350  243.03333098
  0.1360  242.89340825
  0.1370  242.67862841
  0.1380  242.38915313
  0.1390  242.02518371
  0.1400  241.58696079
  0.1410  241.07476413
  0.1420  240.48891235
  0.1430  239.82976262
  0.1440  239.09771035
  0.1450  238.29318886
  0.1460  237.41666904
  0.1470  236.46865892
  0.1480  235.44970335
  0.1490  234.36038350
  0.1500  233.20131651
  0.1510  231.97315496
  0.1520  230.67658642
  0.1530  229.31233298
  0.1540  227.88115068
  0.1550  226.38382907
  0.1560  224.82119055
  0.1570  223.19408991
  0.1580  221.50341366
  0.1590  219.75007951
  0.1600  217.93503568
  0.1610  216.05926034
  0.1620  214.12376092
  0.1630  212.12957346
  0.1640  210.07776196
  0.1650  207.96941764
  0.1660  205.80565832
  0.1670  203.58762762
  0.1680  201.31649430
  0.1690  198.99345150
  0.1700  196.61971598
  0.1710  194.19652740
  0.1720  191.72514749
  0.1730  189.20685934
  0.1740  186.64296656
  0.1750  184.03479252
  0.1760  181.38367951
  0.1770  178.69098797
  0.1780  175.95809564
  0.1790  173.18639673
  0.1800  170.37730112
  0.1810  167.53223350
  0.1820  164.65263252
  0.1830  161.73994998
  0.1840  158.79564993
  0.1850  155.82120784
  0.1860  152.81810977
  0.1870  149.78785144
  0.1880  146.73193745
  0.1890  143.65188035
  0.1900  140.54919981
  0.1910  137.42542177
  0.1920  134.28207753
  0.1930  131.12070291
  0.1940  127.94283741
  0.1950  124.75002330
  0.1960  121.54380480
  0.1970  118.32572723
  0.1980  115.09733610
  0.1990  111.86017633
  0.2000  108.61579136
  0.2010  105.36572232
  0.2020  102.11150721
  0.2030  98.85468004
  0.2040  95.59677002
  0.2050  92.33930075
  0.2060  89.08378941
  0.2070  85.83174591
  0.2080  82.58467217
  0.2090  79.34406128
  0.2100  76.11139671
  0.2110  72.88815160
  0.2120  69.67578792
  0.2130  66.47575580
  0.2140  63.28949272
  0.2150  60.11842282
  0.2160  56.96395620
  0.2170  53.82748817
  0.2180  50.71039857
  0.2190  47.61405114
  0.2200  44.53979282
  0.2210  41.48895312
  0.2220  38.46284351
  0.2230  35.46275685
  0.2240  32.48996682
  0.2250  29.54572744
  0.2260  26.63127273
  0.2270  23.74781637
  0.2280  20.89655183
  0.2290  18.07865289
  0.2300  15.29527546
  0.2310  12.54756232
  0.2320  9.83665619
  0.2330  7.16374266
  0.2340  4.53024089
  0.2350  1.93950779
  0.2360  0.64302540
  0.2370  3.13792360
  0.2380  5.60537078
  0.2390  8.03032883
  0.2400  10.41107504
  0.2410  12.74655003
  0.2420  15.03584939
  0.2430  17.27813639
  0.2440  19.47261853
  0.2450  21.61853934
  0.2460  23.71517527
  0.2470  25.76183429
  0.2480  27.75785528
  0.2490  29.70260784
  0.2500  31.59549216
  0.2510  33.43593914
  0.2520  35.22341034
  0.2530  36.95739814
  0.2540  38.63742581
  0.2550  40.26304755
  0.2560  41.83384861
  0.2570  43.34944529
  0.2580  44.80948505
  0.2590  46.21364650
  0.2600  47.56163939
  0.2610  48.85320467
  0.2620  50.08811441
  0.2630  51.26617180
  0.2640  52.38721108
  0.2650  53.45109747
  0.2660  54.45772709
  0.2670  55.40702686
  0.2680  56.29895436
  0.2690  57.13349769
  0.2700  57.91067534
  0.2710  58.63053602
  0.2720  59.29315843
  0.2730  59.89865111
  0.2740  60.44715219
  0.2750  60.93882914
  0.2760  61.37387858
  0.2770  61.75252594
  0.2780  62.07502523
  0.2790  62.34165872
  0.2800  62.55273663
  0.2810  62.70859683
  0.2820  62.80960445
  0.2830  62.85615159
  0.2840  62.84865690
  0.2850  62.78756523
  0.2860  62.67334721
  0.2870  62.50649887
  0.2880  62.28754121
  0.2890  62.01701978
  0.2900  61.69550420
  0.2910  61.32358776
  0.2920  60.90188691
  0.2930  60.43104079
  0.2940  59.91171077
  0.2950  59.34457992
  0.2960  58.73035254
  0.2970  58.06975358
  0.2980  57.36352818
  0.2990  56.61244111
  0.3000  55.81727620
  0.3010  54.97883584
  0.3020  54.09794038
  0.3030  53.17542757
  0.3040  52.21215200
  0.3050  51.20898451
  0.3060  50.16681161
  0.3070  49.08653487
  0.3080  47.96907035
  0.3090  46.81534798
  0.3100  45.62631095
  0.3110  44.40291510
  0.3120  43.14612832
  0.3130  41.85692991
  0.3140  40.53630998
  0.3150  39.18526880
  0.3160  37.80481620
  0.3170  36.39597092
  0.3180  34.95976000
  0.3190  33.49721815
  0.3200  32.00938708
  0.3210  30.49731496
  0.3220  28.96205569
  0.3230  27.40466836
  0.3240  25.82621659
  0.3250  24.22776791
  0.3260  22.61039318
  0.3270  20.97516603
  0.3280  19.32316221
  0.3290  17.65545915
  0.3300  15.97313547
  0.3310  14.27727062
  0.3320  12.56894482
  0.3330  10.84923940
  0.3340  9.11923838
  0.3350  7.38003305
  0.3360  5.63273640
  0.3370  3.87853830
  0.3380  2.11903987
  0.3390  0.36640114
  0.3400  1.42295479
  0.3410  3.19330978
  0.3420  4.96709940
  0.3430  6.74205184
  0.3440  8.51693461
  0.3450  10.29066614
  0.3460  12.06221119
  0.3470  13.83055713
  0.3480  15.59470666
  0.3490  17.35367537
  0.3500  19.10649081
  0.3510  20.85219239
  0.3520  22.58983145
  0.3530  24.31847154
  0.3540  26.03718877
  0.3550  27.74507211
  0.3560  29.44122384
  0.3570  31.12475990
  0.3580  32.79481028
  0.3590  34.45051939
  0.3600  36.09104644
  0.3610  37.71556582
  0.3620  39.32326740
  0.3630  40.91335693
  0.3640  42.48505635
  0.3650  44.03760409
  0.3660  45.57025542
  0.3670  47.08228271
  0.3680  48.57297573
  0.3690  50.04164193
  0.3700  51.48760669
  0.3710  52.91021356
  0.3720  54.30882451
  0.3730  55.68282017
  0.3740  57.03159998
  0.3750  58.35458245
  0.3760  59.65120532
  0.3770  60.92092573
  0.3780  62.16322038
  0.3790  63.37758566
  0.3800  64.56353784
  0.3810  65.72061311
  0.3820  66.84836777
  0.3830  67.94637824
  0.3840  69.01424123
  0.3850  70.05157375
  0.3860  71.05801317
  0.3870  72.03321731
  0.3880  72.97686443
  0.3890  73.88865325
  0.3900  74.76830299
  0.3910  75.61555334
  0.3920  76.43016445
  0.3930  77.21191690
  0.3940  77.96061166
  0.3950  78.67607004
  0.3960  79.35813365
  0.3970  80.00666427
  0.3980  80.62154381
  0.3990  81.20267420
  0.4000  81.74997728
  0.4010  82.26339467
  0.4020  82.74288766
  0.4030  83.18843706
  0.4040  83.60004305
  0.4050  83.97772502
  0.4060  84.32152138
  0.4070  84.63148943
  0.4080  84.90770509
  0.4090  85.15026278
  0.4100  85.35927516
  0.4110  85.53487294
  0.4120  85.67720463
  0.4130  85.78643631
  0.4140  85.86275140
  0.4150  85.90635039
  0.4160  85.91745059
  0.4170  85.89628587
  0.4180  85.84310634
  0.4190  85.75817813
  0.4200  85.64178306
  0.4210  85.49421834
  0.4220  85.31579630
  0.4230  85.10684403
  0.4240  84.86770312
  0.4250  84.59872928
  0.4260  84.30029206
  0.4270  83.97277449
  0.4280  83.61657275
  0.4290  83.23209581
  0.4300  82.81976513
  0.4310  82.38001423
  0.4320  81.91328841
  0.4330  81.42004434
  0.4340  80.90074970
  0.4350  80.35588284
  0.4360  79.78593237
  0.4370  79.19139682
  0.4380  78.57278423
  0.4390  77.93061180
  0.4400  77.26540549
  0.4410  76.57769963
  0.4420  75.86803656
  0.4430  75.13696622
  0.4440  74.38504574
  0.4450  73.61283912
  0.4460  72.82091676
  0.4470  72.00985511
  0.4480  71.18023628
  0.4490  70.33264763
  0.4500  69.46768139
  0.4510  68.58593426
  0.4520  67.68800704
  0.4530  66.77450418
  0.4540  65.84603349
  0.4550  64.90320566
  0.4560  63.94663390
  0.4570  62.97693360
  0.4580  61.99472187
  0.4590  61.00061723
  0.4600  59.99523919
  0.4610  58.97920788
  0.4620  57.95314368
  0.4630  56.91766685
  0.4640  55.87339719
  0.4650  54.82095361
  0.4660  53.76095383
  0.4670  52.69401401
  0.4680  51.62074837
  0.4690  50.54176888
  0.4700  49.45768488
  0.4710  48.36910279
  0.4720  47.27662570
  0.4730  46.18085312
  0.4740  45.08238059
  0.4750  43.98179942
  0.4760  42.87969631
  0.4770  41.77665310
  0.4780  40.67324642
  0.4790  39.57004743
  0.4800  38.46762152
  0.4810  37.36652799
  0.4820  36.26731982
  0.4830  35.17054336
  0.4840  34.07673809
  0.4850  32.98643635
  0.4860  31.90016308
  0.4870  30.81843559
  0.4880  29.74176328
  0.4890  28.67064749
  0.4900  27.60558118
  0.4910  26.54704879
  0.4920  25.49552599
  0.4930  24.45147946
  0.4940  23.41536677
  0.4950  22.38763612
  0.4960  21.36872617
  0.4970  20.35906594
  0.4980  19.35907456
  0.4990  18.36916116
  0.5000  17.38972473
  0.5010  16.42115400
  0.5020  15.46382727
  0.5030  14.51811234
  0.5040  13.58436643
  0.5050  12.66293603
  0.5060  11.75415694
  0.5070  10.85835415
  0.5080  9.97584191
  0.5090  9.10692373
  0.5100  8.25189262
  0.5110  7.41103126
  0.5120  6.58461265
  0.5130  5.77290106
  0.5140  4.97615397
  0.5150  4.19462612
  0.5160  3.42857866
  0.5170  2.67830292
  0.5180  1.94419586
  0.5190  1.22709196
  0.5200  0.53116612
  0.5210  0.20217370
  0.5220  0.84527882
  0.5230  1.49544869
  0.5240  2.13091621
  0.5250  2.75012703
  0.5260  3.35262983
  0.5270  3.93820449
  0.5280  4.50671046
  0.5290  5.05804528
  0.5300  5.59212992
  0.5310  6.10890267
  0.5320  6.60831621
  0.5330  7.09033607
  0.5340  7.55493976
  0.5350  8.00211619
  0.5360  8.43186526
  0.5370  8.84419761
  0.5380  9.23913435
  0.5390  9.61670685
  0.5400  9.97695656
  0.5410  10.31993483
  0.5420  10.64570273
  0.5430  10.95433089
  0.5440  11.24589932
  0.5450  11.52049725
  0.5460  11.77822295
  0.5470  12.01918353
  0.5480  12.24349481
  0.5490  12.45128112
  0.5500  12.64267509
  0.5510  12.81781750
  0.5520  12.97685708
  0.5530  13.11995030
  0.5540  13.24726121
  0.5550  13.35896122
  0.5560  13.45522889
  0.5570  13.53624975
  0.5580  13.60221612
  0.5590  13.65332683
  0.5600  13.68978710
  0.5610  13.71180825
  0.5620  13.71960758
  0.5630  13.71340806
  0.5640  13.69343820
  0.5650  13.65993178
  0.5660  13.61312769
  0.5670  13.55326965
  0.5680  13.48060605
  0.5690  13.39538972
  0.5700  13.29787769
  0.5710  13.18833101
  0.5720  13.06701450
  0.5730  12.93419658
  0.5740  12.79014902
  0.5750  12.63514671
  0.5760  12.46946750
  0.5770  12.29339195
  0.5780  12.10720314
  0.5790  11.91118644
  0.5800  11.70562931
  0.5810  11.49082110
  0.5820  11.26705283
  0.5830  11.03461701
  0.5840  10.79380743
  0.5850  10.54491892
  0.5860  10.28824723
  0.5870  10.02408876
  0.5880  9.75274043
  0.5890  9.47449944
  0.5900  9.18966310
  0.5910  8.89852868
  0.5920  8.60139316
  0.5930  8.29855312
  0.5940  7.99030451
  0.5950  7.67694252
  0.5960  7.35876142
  0.5970  7.03605434
  0.5980  6.70911318
  0.5990  6.37822842
  0.6000  6.04368900
  0.6010  5.70578218
  0.6020  5.36479342
  0.6030  5.02100630
  0.6040  4.67470240
  0.6050  4.32616134
  0.6060  3.97566072
  0.6070  3.62347633
  0.6080  3.26988240
  0.6090  2.91515225
  0.6100  2.55955957
  0.6110  2.20338103
  0.6120  1.84690206
  0.6130  1.49043112
  0.6140  1.13434092
  0.6150  0.77922212
  0.6160  0.42679935
  0.6170  0.10172819
  0.6180  0.29965461
  0.6190  0.64642664
  0.6200  0.99564703
  0.6210  1.34397010
  0.6220  1.69062966
  0.6230  2.03523866
  0.6240  2.37751519
  0.6250  2.71721830
  0.6260  3.05412736
  0.6270  3.38803416
  0.6280  3.71873929
  0.6290  4.04605053
  0.6300  4.36978188
  0.6310  4.68975312
  0.6320  5.00578954
  0.6330  5.31772177
  0.6340  5.62538571
  0.6350  5.92862247
  0.6360  6.22727835
  0.6370  6.52120483
  0.6380  6.81025859
  0.6390  7.09430147
  0.6400  7.37320053
  0.6410  7.64682799
  0.6420  7.91506132
  0.6430  8.17778317
  0.6440  8.43488141
  0.6450  8.68624914
  0.6460  8.93178467
  0.6470  9.17139152
  0.6480  9.40497843
  0.6490  9.63245933
  0.6500  9.85375338
  0.6510  10.06878488
  0.6520  10.27748334
  0.6530  10.47978341
  0.6540  10.67562486
  0.6550  10.86495260
  0.6560  11.04771662
  0.6570  11.22387196
  0.6580  11.39337873
  0.6590  11.55620202
  0.6600  11.71231189
  0.6610  11.86168336
  0.6620  12.00429632
  0.6630  12.14013553
  0.6640  12.26919059
  0.6650  12.39145582
  0.6660  12.50693032
  0.6670  12.61561783
  0.6680  12.71752673
  0.6690  12.81266996
  0.6700  12.90106499
  0.6710  12.98273374
  0.6720  13.05770253
  0.6730  13.12600202
  0.6740  13.18766715
  0.6750  13.24273707
  0.6760  13.29125506
  0.6770  13.33326848
  0.6780  13.36882871
  0.6790  13.39799103
  0.6800  13.42081460
  0.6810  13.43736235
  0.6820  13.44770090
  0.6830  13.45190053
  0.6840  13.45003502
  0.6850  13.44218163
  0.6860  13.42842099
  0.6870  13.40883702
  0.6880  13.38351683
  0.6890  13.35255067
  0.6900  13.31603178
  0.6910  13.27405634
  0.6920  13.22672339
  0.6930  13.17413469
  0.6940  13.11639465
  0.6950  13.05361023
  0.6960  12.98589087
  0.6970  12.91334834
  0.6980  12.83609668
  0.6990  12.75425206
  0.7000  12.66793274
  0.7010  12.57725892
  0.7020  12.48235263
  0.7030  12.38333766
  0.7040  12.28033945
  0.7050  12.17348496
  0.7060  12.06290258
  0.7070  11.94872203
  0.7080  11.83107424
  0.7090  11.71009125
  0.7100  11.58590612
  0.7110  11.45865278
  0.7120  11.32846597
  0.7130  11.19548109
  0.7140  11.05983413
  0.7150  10.92166154
  0.7160  10.78110013
  0.7170  10.63828695
  0.7180  10.49335923
  0.7190  10.34645419
  0.7200  10.19770903
  0.7210  10.04726076
  0.7220  9.89524610
  0.7230  9.74180142
  0.7240  9.58706259
  0.7250  9.43116490
  0.7260  9.27424297
  0.7270  9.11643061
  0.7280  8.95786078
  0.7290  8.79866544
  0.7300  8.63897548
  0.7310  8.47892063
  0.7320  8.31862935
  0.7330  8.15822874
  0.7340  7.99784447
  0.7350  7.83760069
  0.7360  7.67761989
  0.7370  7.51802292
  0.7380  7.35892880
  0.7390  7.20045470
  0.7400  7.04271586
  0.7410  6.88582549
  0.7420  6.72989472
  0.7430  6.57503251
  0.7440  6.42134559
  0.7450  6.26893840
  0.7460  6.11791301
  0.7470  5.96836908
  0.7480  5.82040378
  0.7490  5.67411174
  0.7500  5.52958501
  0.7510  5.38691297
  0.7520  5.24618236
  0.7530  5.10747714
  0.7540  4.97087852
  0.7550  4.83646488
  0.7560  4.70431176
  0.7570  4.57449179
  0.7580  4.44707472
  0.7590  4.32212732
  0.7600  4.19971341
  0.7610  4.07989382
  0.7620  3.96272637
  0.7630  3.84826585
  0.7640  3.73656402
  0.7650  3.62766958
  0.7660  3.52162820
  0.7670  3.41848248
  0.7680  3.31827196
  0.7690  3.22103312
  0.7700  3.12679942
  0.7710  3.03560125
  0.7720  2.94746599
  0.7730  2.86241798
  0.7740  2.78047859
  0.7750  2.70166621
  0.7760  2.62599625
  0.7770  2.55348122
  0.7780  2.48413071
  0.7790  2.41795146
  0.7800  2.35494736
  0.7810  2.29511951
  0.7820  2.23846627
  0.7830  2.18498324
  0.7840  2.13466341
  0.7850  2.08749709
  0.7860  2.04347207
  0.7870  2.00257358
  0.7880  1.96478442
  0.7890  1.93008495
  0.7900  1.89845319
  0.7910  1.86986489
  0.7920  1.84429354
  0.7930  1.82171048
  0.7940  1.80208496
  0.7950  1.78538415
  0.7960  1.77157330
  0.7970  1.76061570
  0.7980  1.75247283
  0.7990  1.74710438
  0.8000  1.74446833
  0.8010  1.74452101
  0.8020  1.74721719
  0.8030  1.75251009
  0.8040  1.76035153
  0.8050  1.77069191
  0.8060  1.78348034
  0.8070  1.79866468
  0.8080  1.81619161
  0.8090  1.83600671
  0.8100  1.85805450
  0.8110  1.88227854
  0.8120  1.90862149
  0.8130  1.93702516
  0.8140  1.96743061
  0.8150  1.99977819
  0.8160  2.03400761
  0.8170  2.07005805
  0.8180  2.10786815
  0.8190  2.14737616
  0.8200  2.18851993
  0.8210  2.23123704
  0.8220  2.27546482
  0.8230  2.32114041
  0.8240  2.36820086
  0.8250  2.41658316
  0.8260  2.46622430
  0.8270  2.51706132
  0.8280  2.56903139
  0.8290  2.62207184
  0.8300  2.67612022
  0.8310  2.73111436
  0.8320  2.78699239
  0.8330  2.84369283
  0.8340  2.90115457
  0.8350  2.95931699
  0.8360  3.01811993
  0.8370  3.07750379
  0.8380  3.13740953
  0.8390  3.19777869
  0.8400  3.25855348
  0.8410  3.31967676
  0.8420  3.38109209
  0.8430  3.44274376
  0.8440  3.50457681
  0.8450  3.56653706
  0.8460  3.62857112
  0.8470  3.69062643
  0.8480  3.75265125
  0.8490  3.81459473
  0.8500  3.87640684
  0.8510  3.93803849
  0.8520  3.99944145
  0.8530  4.06056841
  0.8540  4.12137298
  0.8550  4.18180969
  0.8560  4.24183400
  0.8570  4.30140232
  0.8580  4.36047199
  0.8590  4.41900128
  0.8600  4.47694944
  0.8610  4.53427664
  0.8620  4.59094399
  0.8630  4.64691357
  0.8640  4.70214838
  0.8650  4.75661236
  0.8660  4.81027038
  0.8670  4.86308825
  0.8680  4.91503269
  0.8690  4.96607135
  0.8700  5.01617278
  0.8710  5.06530643
  0.8720  5.11344265
  0.8730  5.16055268
  0.8740  5.20660864
  0.8750  5.25158352
  0.8760  5.29545116
  0.8770  5.33818627
  0.8780  5.37976441
  0.8790  5.42016195
  0.8800  5.45935611
  0.8810  5.49732493
  0.8820  5.53404725
  0.8830  5.56950272
  0.8840  5.60367179
  0.8850  5.63653568
  0.8860  5.66807642
  0.8870  5.69827678
  0.8880  5.72712031
  0.8890  5.75459134
  0.8900  5.78067493
  0.8910  5.80535689
  0.8920  5.82862379
  0.8930  5.85046292
  0.8940  5.87086233
  0.8950  5.88981078
  0.8960  5.90729776
  0.8970  5.92331351
  0.8980  5.93784896
  0.8990  5.95089579
  0.9000  5.96244639
  0.9010  5.97249386
  0.9020  5.98103204
  0.9030  5.98805546
  0.9040  5.99355941
  0.9050  5.99753986
  0.9060  5.99999352
  0.9070  6.00091784
  0.9080  6.00031095
  0.9090  5.99817175
  0.9100  5.99449984
  0.9110  5.98929557
  0.9120  5.98256000
  0.9130  5.97429496
  0.9140  5.96450297
  0.9150  5.95318733
  0.9160  5.94035208
  0.9170  5.92600200
  0.9180  5.91014260
  0.9190  5.89278018
  0.9200  5.87392176
  0.9210  5.85357513
  0.9220  5.83174886
  0.9230  5.80845225
  0.9240  5.78369538
  0.9250  5.75748908
  0.9260  5.72984496
  0.9270  5.70077540
  0.9280  5.67029352
  0.9290  5.63841324
  0.9300  5.60514922
  0.9310  5.57051690
  0.9320  5.53453247
  0.9330  5.49721289
  0.9340  5.45857588
  0.9350  5.41863992
  0.9360  5.37742421
  0.9370  5.33494874
  0.9380  5.29123421
  0.9390  5.24630207
  0.9400  5.20017449
  0.9410  5.15287438
  0.9420  5.10442534
  0.9430  5.05485169
  0.9440  5.00417844
  0.9450  4.95243130
  0.9460  4.89963663
  0.9470  4.84582146
  0.9480  4.79101350
  0.9490  4.73524106
  0.9500  4.67853309
  0.9510  4.62091915
  0.9520  4.56242939
  0.9530  4.50309453
  0.9540  4.44294588
  0.9550  4.38201526
  0.9560  4.32033502
  0.9570  4.25793804
  0.9580  4.19485766
  0.9590  4.13112770
  0.9600  4.06678241
  0.9610  4.00185648
  0.9620  3.93638500
  0.9630  3.87040342
  0.9640  3.80394756
  0.9650  3.73705356
  0.9660  3.66975788
  0.9670  3.60209725
  0.9680  3.53410864
  0.9690  3.46582929
  0.9700  3.39729660
  0.9710  3.32854817
  0.9720  3.25962174
  0.9730  3.19055516
  0.9740  3.12138641
  0.9750  3.05215349
  0.9760  2.98289447
  0.9770  2.91364741
  0.9780  2.84445036
  0.9790  2.77534131
  0.9800  2.70635818
  0.9810  2.63753880
  0.9820  2.56892085
  0.9830  2.50054184
  0.9840  2.43243911
  0.9850  2.36464977
  0.9860  2.29721070
  0.9870  2.23015849
  0.9880  2.16352946
  0.9890  2.09735957
  0.9900  2.03168448
  0.9910  1.96653946
  0.9920  1.90195937
  0.9930  1.83797870
  0.9940  1.77463147
  0.9950  1.71195129
  0.9960  1.64997127
  0.9970  1.58872409
  0.9980  1.52824190
  0.9990  1.46855639
