  0.0000  226.44608962
  0.0010  226.44684161
  0.0020  226.44909582
  0.0030  226.45284696
  0.0040  226.45808623
  0.0050  226.46480129
  0.0060  226.47297630
  0.0070  226.48259191
  0.0080  226.49362527
  0.0090  226.50605002
  0.0100  226.51983635
  0.0110  226.53495094
  0.0120  226.55135704
  0.0130  226.56901443
  0.0140  226.58787947
  0.0150  226.60790511
  0.0160  226.62904088
  0.0170  226.65123297
  0.0180  226.67442417
  0.0190  226.69855394
  0.0200  226.72355844
  0.0210  226.74937053
  0.0220  226.77591980
  0.0230  226.80313260
  0.0240  226.83093206
  0.0250  226.85923813
  0.0260  226.88796761
  0.0270  226.91703417
  0.0280  226.94634838
  0.0290  226.97581776
  0.0300  227.00534680
  0.0310  227.03483701
  0.0320  227.06418694
  0.0330  227.09329223
  0.0340  227.12204564
  0.0350  227.15033710
  0.0360  227.17805373
  0.0370  227.20507993
  0.0380  227.23129738
  0.0390  227.25658507
  0.0400  227.28081942
  0.0410  227.30387424
  0.0420  227.32562084
  0.0430  227.34592804
  0.0440  227.36466226
  0.0450  227.38168753
  0.0460  227.39686555
  0.0470  227.41005578
  0.0480  227.42111544
  0.0490  227.42989960
  0.0500  227.43626123
  0.0510  227.44005124
  0.0520  227.44111856
  0.0530  227.43931020
  0.0540  227.43447127
  0.0550  227.42644509
  0.0560  227.41507322
  0.0570  227.40019553
  0.0580  227.38165028
  0.0590  227.35927414
  0.0600  227.33290229
  0.0610  227.30236850
  0.0620  227.26750514
  0.0630  227.22814328
  0.0640  227.18411279
  0.0650  227.13524233
  0.0660  227.08135949
  0.0670  227.02229081
  0.0680  226.95786190
  0.0690  226.88789744
  0.0700  226.81222134
  0.0710  226.73065672
  0.0720  226.64302605
  0.0730  226.54915119
  0.0740  226.44885347
  0.0750  226.34195378
  0.0760  226.22827261
  0.0770  226.10763014
  0.0780  225.97984635
  0.0790  225.84474103
  0.0800  225.70213391
  0.0810  225.55184470
  0.0820  225.39369321
  0.0830  225.22749936
  0.0840  225.05308333
  0.0850  224.87026558
  0.0860  224.67886698
  0.0870  224.47870882
  0.0880  224.26961297
  0.0890  224.05140188
  0.0900  223.82389871
  0.0910  223.58692739
  0.0920  223.34031270
  0.0930  223.08388036
  0.0940  222.81745708
  0.0950  222.54087066
  0.0960  222.25395008
  0.0970  221.95652556
  0.0980  221.64842863
  0.0990  221.32949224
  0.1000  220.99955080
  0.1010  220.65844031
  0.1020  220.30599837
  0.1030  219.94206433
  0.1040  219.56647930
  0.1050  219.17908629
  0.1060  218.77973024
  0.1070  218.36825813
  0.1080  217.94451903
  0.1090  217.50836419
  0.1100  217.05964713
  0.1110  216.59822367
  0.1120  216.12395207
  0.1130  215.63669305
  0.1140  215.13630990
  0.1150  214.62266852
  0.1160  214.09563754
  0.1170  213.55508833
  0.1180  213.00089514
  0.1190  212.43293513
  0.1200  211.85108845
  0.1210  211.25523830
  0.1220  210.64527102
  0.1230  210.02107616
  0.1240  209.38254652
  0.1250  208.72957825
  0.1260  208.06207090
  0.1270  207.37992747
  0.1280  206.68305452
  0.1290  205.97136219
  0.1300  205.24476428
  0.1310  204.50317833
  0.1320  203.74652564
  0.1330  202.97473138
  0.1340  202.18772460
  0.1350  201.38543831
  0.1360  200.56780958
  0.1370  199.73477950
  0.1380  198.88629333
  0.1390  198.02230050
  0.1400  197.14275468
  0.1410  196.24761382
  0.1420  195.33684022
  0.1430  194.41040056
  0.1440  193.46826596
  0.1450  192.51041202
  0.1460  191.53681888
  0.1470  190.54747122
  0.1480  189.54235836
  0.1490  188.52147427
  0.1500  187.48481762
  0.1510  186.43239179
  0.1520  185.36420495
  0.1530  184.28027008
  0.1540  183.18060497
  0.1550  182.06523231
  0.1560  180.93417969
  0.1570  179.78747960
  0.1580  178.62516952
  0.1590  177.44729191
  0.1600  176.25389423
  0.1610  175.04502898
  0.1620  173.82075371
  0.1630  172.58113104
  0.1640  171.32622869
  0.1650  170.05611946
  0.1660  168.77088132
  0.1670  167.47059732
  0.1680  166.15535570
  0.1690  164.82524981
  0.1700  163.48037821
  0.1710  162.12084458
  0.1720  160.74675780
  0.1730  159.35823192
  0.1740  157.95538615
  0.1750  156.53834489
  0.1760  155.10723768
  0.1770  153.66219924
  0.1780  152.20336946
  0.1790  150.73089335
  0.1800  149.24492107
  0.1810  147.74560789
  0.1820  146.23311420
  0.1830  144.70760547
  0.1840  143.16925226
  0.1850  141.61823016
  0.1860  140.05471981
  0.1870  138.47890684
  0.1880  136.89098187
  0.1890  135.29114046
  0.1900  133.67958312
  0.1910  132.05651522
  0.1920  130.42214699
  0.1930  128.77669349
  0.1940  127.12037458
  0.1950  125.45341483
  0.1960  123.77604353
  0.1970  122.08849464
  0.1980  120.39100672
  0.1990  118.68382291
  0.2000  116.96719087
  0.2010  115.24136273
  0.2020  113.50659503
  0.2030  111.76314868
  0.2040  110.01128891
  0.2050  108.25128521
  0.2060  106.48341122
  0.2070  104.70794478
  0.2080  102.92516774
  0.2090  101.13536601
  0.2100  99.33882941
  0.2110  97.53585165
  0.2120  95.72673026
  0.2130  93.91176650
  0.2140  92.09126531
  0.2150  90.26553523
  0.2160  88.43488833
  0.2170  86.59964013
  0.2180  84.76010955
  0.2190  82.91661880
  0.2200  81.06949334
  0.2210  79.21906177
  0.2220  77.36565582
  0.2230  75.50961018
  0.2240  73.65126252
  0.2250  71.79095335
  0.2260  69.92902601
  0.2270  68.06582654
  0.2280  66.20170366
  0.2290  64.33700871
  0.2300  62.47209556
  0.2310  60.60732060
  0.2320  58.74304268
  0.2330  56.87962310
  0.2340  55.01742556
  0.2350  53.15681619
  0.2360  51.29816358
  0.2370  49.44183879
  0.2380  47.58821547
  0.2390  45.73766998
  0.2400  43.89058156
  0.2410  42.04733259
  0.2420  40.20830894
  0.2430  38.37390046
  0.2440  36.54450162
  0.2450  34.72051237
  0.2460  32.90233933
  0.2470  31.09039743
  0.2480  29.28511211
  0.2490  27.48692246
  0.2500  25.69628561
  0.2510  23.91368307
  0.2520  22.13963007
  0.2530  20.37468958
  0.2540  18.61949402
  0.2550  16.87478006
  0.2560  15.14144644
  0.2570  13.42065483
  0.2580  11.71401587
  0.2590  10.02395713
  0.2600  8.35451716
  0.2610  6.71326412
  0.2620  5.11667956
  0.2630  3.60862283
  0.2640  2.34006192
  0.2650  1.84944750
  0.2660  2.59440851
  0.2670  3.90881760
  0.2680  5.37885844
  0.2690  6.89603777
  0.2700  8.42673533
  0.2710  9.95760879
  0.2720  11.48228890
  0.2730  12.99728149
  0.2740  14.50044551
  0.2750  15.99034336
  0.2760  17.46593256
  0.2770  18.92640697
  0.2780  20.37110935
  0.2790  21.79948060
  0.2800  23.21102895
  0.2810  24.60531052
  0.2820  25.98191664
  0.2830  27.34046543
  0.2840  28.68059601
  0.2850  30.00196441
  0.2860  31.30424076
  0.2870  32.58710719
  0.2880  33.85025635
  0.2890  35.09339027
  0.2900  36.31621956
  0.2910  37.51846280
  0.2920  38.69984611
  0.2930  39.86010277
  0.2940  40.99897301
  0.2950  42.11620380
  0.2960  43.21154877
  0.2970  44.28476808
  0.2980  45.33562838
  0.2990  46.36390279
  0.3000  47.36937088
  0.3010  48.35181866
  0.3020  49.31103864
  0.3030  50.24682981
  0.3040  51.15899770
  0.3050  52.04735440
  0.3060  52.91171864
  0.3070  53.75191579
  0.3080  54.56777796
  0.3090  55.35914399
  0.3100  56.12585956
  0.3110  56.86777723
  0.3120  57.58475645
  0.3130  58.27666368
  0.3140  58.94337238
  0.3150  59.58476312
  0.3160  60.20072357
  0.3170  60.79114860
  0.3180  61.35594029
  0.3190  61.89500801
  0.3200  62.40826845
  0.3210  62.89564562
  0.3220  63.35707099
  0.3230  63.79248343
  0.3240  64.20182929
  0.3250  64.58506244
  0.3260  64.94214428
  0.3270  65.27304380
  0.3280  65.57773757
  0.3290  65.85620981
  0.3300  66.10845234
  0.3310  66.33446470
  0.3320  66.53425408
  0.3330  66.70783539
  0.3340  66.85523124
  0.3350  66.97647195
  0.3360  67.07159560
  0.3370  67.14064799
  0.3380  67.18368264
  0.3390  67.20076082
  0.3400  67.19195153
  0.3410  67.15733149
  0.3420  67.09698515
  0.3430  67.01100465
  0.3440  66.89948982
  0.3450  66.76254817
  0.3460  66.60029487
  0.3470  66.41285271
  0.3480  66.20035209
  0.3490  65.96293098
  0.3500  65.70073493
  0.3510  65.41391696
  0.3520  65.10263760
  0.3530  64.76706482
  0.3540  64.40737397
  0.3550  64.02374779
  0.3560  63.61637629
  0.3570  63.18545678
  0.3580  62.73119377
  0.3590  62.25379892
  0.3600  61.75349099
  0.3610  61.23049581
  0.3620  60.68504618
  0.3630  60.11738182
  0.3640  59.52774932
  0.3650  58.91640206
  0.3660  58.28360014
  0.3670  57.62961033
  0.3680  56.95470599
  0.3690  56.25916699
  0.3700  55.54327962
  0.3710  54.80733657
  0.3720  54.05163682
  0.3730  53.27648555
  0.3740  52.48219411
  0.3750  51.66907989
  0.3760  50.83746631
  0.3770  49.98768269
  0.3780  49.12006422
  0.3790  48.23495188
  0.3800  47.33269236
  0.3810  46.41363804
  0.3820  45.47814691
  0.3830  44.52658252
  0.3840  43.55931398
  0.3850  42.57671591
  0.3860  41.57916843
  0.3870  40.56705720
  0.3880  39.54077341
  0.3890  38.50071390
  0.3900  37.44728120
  0.3910  36.38088370
  0.3920  35.30193584
  0.3930  34.21085836
  0.3940  33.10807867
  0.3950  31.99403129
  0.3960  30.86915842
  0.3970  29.73391077
  0.3980  28.58874852
  0.3990  27.43414265
  0.4000  26.27057663
  0.4010  25.09854876
  0.4020  23.91857506
  0.4030  22.73119343
  0.4040  21.53696897
  0.4050  20.33650158
  0.4060  19.13043633
  0.4070  17.91947830
  0.4080  16.70441389
  0.4090  15.48614246
  0.4100  14.26572417
  0.4110  13.04445467
  0.4120  11.82398566
  0.4130  10.60652709
  0.4140  9.39520218
  0.4150  8.19470411
  0.4160  7.01258766
  0.4170  5.86199092
  0.4180  4.76779412
  0.4190  3.78123205
  0.4200  3.01174113
  0.4210  2.65632598
  0.4220  2.87320161
  0.4230  3.55877758
  0.4240  4.50301012
  0.4250  5.57491393
  0.4260  6.71237383
  0.4270  7.88574618
  0.4280  9.07972640
  0.4290  10.28570235
  0.4300  11.49842962
  0.4310  12.71448238
  0.4320  13.93147878
  0.4330  15.14766838
  0.4340  16.36170008
  0.4350  17.57248517
  0.4360  18.77911340
  0.4370  19.98079948
  0.4380  21.17684810
  0.4390  22.36663040
  0.4400  23.54956775
  0.4410  24.72512036
  0.4420  25.89277913
  0.4430  27.05205977
  0.4440  28.20249843
  0.4450  29.34364843
  0.4460  30.47507787
  0.4470  31.59636773
  0.4480  32.70711052
  0.4490  33.80690911
  0.4500  34.89537596
  0.4510  35.97213245
  0.4520  37.03680837
  0.4530  38.08904154
  0.4540  39.12847754
  0.4550  40.15476945
  0.4560  41.16757771
  0.4570  42.16656999
  0.4580  43.15142109
  0.4590  44.12181294
  0.4600  45.07743447
  0.4610  46.01798170
  0.4620  46.94315768
  0.4630  47.85267250
  0.4640  48.74624336
  0.4650  49.62359457
  0.4660  50.48445757
  0.4670  51.32857101
  0.4680  52.15568078
  0.4690  52.96554006
  0.4700  53.75790936
  0.4710  54.53255658
  0.4720  55.28925708
  0.4730  56.02779370
  0.4740  56.74795683
  0.4750  57.44954445
  0.4760  58.13236221
  0.4770  58.79622344
  0.4780  59.44094923
  0.4790  60.06636844
  0.4800  60.67231780
  0.4810  61.25864187
  0.4820  61.82519317
  0.4830  62.37183215
  0.4840  62.89842726
  0.4850  63.40485496
  0.4860  63.89099976
  0.4870  64.35675426
  0.4880  64.80201916
  0.4890  65.22670326
  0.4900  65.63072353
  0.4910  66.01400507
  0.4920  66.37648118
  0.4930  66.71809330
  0.4940  67.03879109
  0.4950  67.33853237
  0.4960  67.61728316
  0.4970  67.87501766
  0.4980  68.11171826
  0.4990  68.32737550
  0.5000  68.52198809
  0.5010  68.69556288
  0.5020  68.84811483
  0.5030  68.97966702
  0.5040  69.09025059
  0.5050  69.17990472
  0.5060  69.24867663
  0.5070  69.29662149
  0.5080  69.32380244
  0.5090  69.33029049
  0.5100  69.31616455
  0.5110  69.28151129
  0.5120  69.22642517
  0.5130  69.15100836
  0.5140  69.05537067
  0.5150  68.93962948
  0.5160  68.80390973
  0.5170  68.64834380
  0.5180  68.47307147
  0.5190  68.27823986
  0.5200  68.06400330
  0.5210  67.83052331
  0.5220  67.57796851
  0.5230  67.30651451
  0.5240  67.01634386
  0.5250  66.70764592
  0.5260  66.38061681
  0.5270  66.03545929
  0.5280  65.67238269
  0.5290  65.29160276
  0.5300  64.89334164
  0.5310  64.47782771
  0.5320  64.04529547
  0.5330  63.59598548
  0.5340  63.13014422
  0.5350  62.64802397
  0.5360  62.14988273
  0.5370  61.63598406
  0.5380  61.10659699
  0.5390  60.56199589
  0.5400  60.00246034
  0.5410  59.42827503
  0.5420  58.83972959
  0.5430  58.23711852
  0.5440  57.62074101
  0.5450  56.99090083
  0.5460  56.34790619
  0.5470  55.69206965
  0.5480  55.02370789
  0.5490  54.34314167
  0.5500  53.65069566
  0.5510  52.94669827
  0.5520  52.23148156
  0.5530  51.50538107
  0.5540  50.76873571
  0.5550  50.02188757
  0.5560  49.26518185
  0.5570  48.49896666
  0.5580  47.72359290
  0.5590  46.93941414
  0.5600  46.14678647
  0.5610  45.34606835
  0.5620  44.53762050
  0.5630  43.72180573
  0.5640  42.89898886
  0.5650  42.06953655
  0.5660  41.23381718
  0.5670  40.39220076
  0.5680  39.54505878
  0.5690  38.69276409
  0.5700  37.83569083
  0.5710  36.97421431
  0.5720  36.10871092
  0.5730  35.23955806
  0.5740  34.36713403
  0.5750  33.49181805
  0.5760  32.61399015
  0.5770  31.73403117
  0.5780  30.85232280
  0.5790  29.96924754
  0.5800  29.08518882
  0.5810  28.20053106
  0.5820  27.31565984
  0.5830  26.43096209
  0.5840  25.54682637
  0.5850  24.66364321
  0.5860  23.78180558
  0.5870  22.90170948
  0.5880  22.02375468
  0.5890  21.14834570
  0.5900  20.27589298
  0.5910  19.40681450
  0.5920  18.54153767
  0.5930  17.68050195
  0.5940  16.82416210
  0.5950  15.97299242
  0.5960  15.12749243
  0.5970  14.28819421
  0.5980  13.45567239
  0.5990  12.63055764
  0.6000  11.81355519
  0.6010  11.00547070
  0.6020  10.20724698
  0.6030  9.42001702
  0.6040  8.64518215
  0.6050  7.88452970
  0.6060  7.14041398
  0.6070  6.41604109
  0.6080  5.71592619
  0.6090  5.04663847
  0.6100  4.41801338
  0.6110  3.84505059
  0.6120  3.35050067
  0.6130  2.96692679
  0.6140  2.73373405
  0.6150  2.68241890
  0.6160  2.81524625
  0.6170  3.10161813
  0.6180  3.49771448
  0.6190  3.96513961
  0.6200  4.47653304
  0.6210  5.01388167
  0.6220  5.56551690
  0.6230  6.12378248
  0.6240  6.68352812
  0.6250  7.24118725
  0.6260  7.79421606
  0.6270  8.34074792
  0.6280  8.87937614
  0.6290  9.40901433
  0.6300  9.92880439
  0.6310  10.43805470
  0.6320  10.93619759
  0.6330  11.42275967
  0.6340  11.89734052
  0.6350  12.35959741
  0.6360  12.80923398
  0.6370  13.24599178
  0.6380  13.66964399
  0.6390  14.07999045
  0.6400  14.47685401
  0.6410  14.86007753
  0.6420  15.22952159
  0.6430  15.58506266
  0.6440  15.92659161
  0.6450  16.25401255
  0.6460  16.56724182
  0.6470  16.86620720
  0.6480  17.15084727
  0.6490  17.42111084
  0.6500  17.67695649
  0.6510  17.91835217
  0.6520  18.14527487
  0.6530  18.35771031
  0.6540  18.55565273
  0.6550  18.73910462
  0.6560  18.90807656
  0.6570  19.06258699
  0.6580  19.20266213
  0.6590  19.32833575
  0.6600  19.43964910
  0.6610  19.53665075
  0.6620  19.61939649
  0.6630  19.68794918
  0.6640  19.74237871
  0.6650  19.78276184
  0.6660  19.80918210
  0.6670  19.82172975
  0.6680  19.82050163
  0.6690  19.80560106
  0.6700  19.77713780
  0.6710  19.73522791
  0.6720  19.67999367
  0.6730  19.61156350
  0.6740  19.53007186
  0.6750  19.43565916
  0.6760  19.32847166
  0.6770  19.20866139
  0.6780  19.07638604
  0.6790  18.93180891
  0.6800  18.77509878
  0.6810  18.60642981
  0.6820  18.42598150
  0.6830  18.23393855
  0.6840  18.03049080
  0.6850  17.81583315
  0.6860  17.59016544
  0.6870  17.35369242
  0.6880  17.10662360
  0.6890  16.84917327
  0.6900  16.58156035
  0.6910  16.30400837
  0.6920  16.01674539
  0.6930  15.72000400
  0.6940  15.41402123
  0.6950  15.09903859
  0.6960  14.77530200
  0.6970  14.44306188
  0.6980  14.10257315
  0.6990  13.75409535
  0.7000  13.39789271
  0.7010  13.03423434
  0.7020  12.66339447
  0.7030  12.28565276
  0.7040  11.90129468
  0.7050  11.51061203
  0.7060  11.11390367
  0.7070  10.71147638
  0.7080  10.30364599
  0.7090  9.89073893
  0.7100  9.47309414
  0.7110  9.05106571
  0.7120  8.62502624
  0.7130  8.19537150
  0.7140  7.76252658
  0.7150  7.32695443
  0.7160  6.88916772
  0.7170  6.44974553
  0.7180  6.00935743
  0.7190  5.56879876
  0.7200  5.12904361
  0.7210  4.69132605
  0.7220  4.25726828
  0.7230  3.82908798
  0.7240  3.40994296
  0.7250  3.00451659
  0.7260  2.62002028
  0.7270  2.26786212
  0.7280  1.96608470
  0.7290  1.74144624
  0.7300  1.62630359
  0.7310  1.64358661
  0.7320  1.78895579
  0.7330  2.03445405
  0.7340  2.34808192
  0.7350  2.70537102
  0.7360  3.09028923
  0.7370  3.49275917
  0.7380  3.90638732
  0.7390  4.32699298
  0.7400  4.75173738
  0.7410  5.17861541
  0.7420  5.60615504
  0.7430  6.03323526
  0.7440  6.45897277
  0.7450  6.88264963
  0.7460  7.30366577
  0.7470  7.72150717
  0.7480  8.13572399
  0.7490  8.54591534
  0.7500  8.95171840
  0.7510  9.35280053
  0.7520  9.74885356
  0.7530  10.13958946
  0.7540  10.52473714
  0.7550  10.90404001
  0.7560  11.27725410
  0.7570  11.64414658
  0.7580  12.00449468
  0.7590  12.35808480
  0.7600  12.70471178
  0.7610  13.04417838
  0.7620  13.37629483
  0.7630  13.70087850
  0.7640  14.01775363
  0.7650  14.32675108
  0.7660  14.62770817
  0.7670  14.92046856
  0.7680  15.20488213
  0.7690  15.48080489
  0.7700  15.74809890
  0.7710  16.00663224
  0.7720  16.25627899
  0.7730  16.49691912
  0.7740  16.72843858
  0.7750  16.95072917
  0.7760  17.16368861
  0.7770  17.36722050
  0.7780  17.56123432
  0.7790  17.74564543
  0.7800  17.92037503
  0.7810  18.08535024
  0.7820  18.24050401
  0.7830  18.38577518
  0.7840  18.52110843
  0.7850  18.64645434
  0.7860  18.76176931
  0.7870  18.86701561
  0.7880  18.96216135
  0.7890  19.04718050
  0.7900  19.12205281
  0.7910  19.18676390
  0.7920  19.24130515
  0.7930  19.28567374
  0.7940  19.31987263
  0.7950  19.34391051
  0.7960  19.35780181
  0.7970  19.36156666
  0.7980  19.35523087
  0.7990  19.33882590
  0.8000  19.31238884
  0.8010  19.27596235
  0.8020  19.22959466
  0.8030  19.17333953
  0.8040  19.10725618
  0.8050  19.03140930
  0.8060  18.94586898
  0.8070  18.85071066
  0.8080  18.74601512
  0.8090  18.63186841
  0.8100  18.50836180
  0.8110  18.37559176
  0.8120  18.23365990
  0.8130  18.08267292
  0.8140  17.92274254
  0.8150  17.75398551
  0.8160  17.57652351
  0.8170  17.39048313
  0.8180  17.19599582
  0.8190  16.99319785
  0.8200  16.78223025
  0.8210  16.56323880
  0.8220  16.33637399
  0.8230  16.10179097
  0.8240  15.85964956
  0.8250  15.61011421
  0.8260  15.35335400
  0.8270  15.08954265
  0.8280  14.81885853
  0.8290  14.54148468
  0.8300  14.25760889
  0.8310  13.96742373
  0.8320  13.67112669
  0.8330  13.36892024
  0.8340  13.06101209
  0.8350  12.74761531
  0.8360  12.42894865
  0.8370  12.10523682
  0.8380  11.77671095
  0.8390  11.44360909
  0.8400  11.10617681
  0.8410  10.76466800
  0.8420  10.41934587
  0.8430  10.07048410
  0.8440  9.71836841
  0.8450  9.36329840
  0.8460  9.00558994
  0.8470  8.64557815
  0.8480  8.28362125
  0.8490  7.92010537
  0.8500  7.55545087
  0.8510  7.19012052
  0.8520  6.82463014
  0.8530  6.45956275
  0.8540  6.09558745
  0.8550  5.73348475
  0.8560  5.37418108
  0.8570  5.01879607
  0.8580  4.66870773
  0.8590  4.32564282
  0.8600  3.99180174
  0.8610  3.67002946
  0.8620  3.36404224
  0.8630  3.07870971
  0.8640  2.82035623
  0.8650  2.59696298
  0.8660  2.41800447
  0.8670  2.29350660
  0.8680  2.23203693
  0.8690  2.23808169
  0.8700  2.31027804
  0.8710  2.44184563
  0.8720  2.62288818
  0.8730  2.84295850
  0.8740  3.09270828
  0.8750  3.36450115
  0.8760  3.65238855
  0.8770  3.95183154
  0.8780  4.25938179
  0.8790  4.57240513
  0.8800  4.88886660
  0.8810  5.20717129
  0.8820  5.52604883
  0.8830  5.84447024
  0.8840  6.16158792
  0.8850  6.47669217
  0.8860  6.78917938
  0.8870  7.09852861
  0.8880  7.40428415
  0.8890  7.70604233
  0.8900  8.00344166
  0.8910  8.29615512
  0.8920  8.58388433
  0.8930  8.86635491
  0.8940  9.14331294
  0.8950  9.41452206
  0.8960  9.67976122
  0.8970  9.93882289
  0.8980  10.19151158
  0.8990  10.43764265
  0.9000  10.67704137
  0.9010  10.90954212
  0.9020  11.13498777
  0.9030  11.35322912
  0.9040  11.56412449
  0.9050  11.76753933
  0.9060  11.96334596
  0.9070  12.15142329
  0.9080  12.33165665
  0.9090  12.50393757
  0.9100  12.66816366
  0.9110  12.82423851
  0.9120  12.97207156
  0.9130  13.11157803
  0.9140  13.24267887
  0.9150  13.36530065
  0.9160  13.47937557
  0.9170  13.58484139
  0.9180  13.68164139
  0.9190  13.76972437
  0.9200  13.84904460
  0.9210  13.91956181
  0.9220  13.98124118
  0.9230  14.03405331
  0.9240  14.07797425
  0.9250  14.11298541
  0.9260  14.13907365
  0.9270  14.15623121
  0.9280  14.16445570
  0.9290  14.16375017
  0.9300  14.15412300
  0.9310  14.13558800
  0.9320  14.10816435
  0.9330  14.07187661
  0.9340  14.02675475
  0.9350  13.97283414
  0.9360  13.91015554
  0.9370  13.83876516
  0.9380  13.75871462
  0.9390  13.67006102
  0.9400  13.57286693
  0.9410  13.46720043
  0.9420  13.35313518
  0.9430  13.23075039
  0.9440  13.10013098
  0.9450  12.96136754
  0.9460  12.81455650
  0.9470  12.65980019
  0.9480  12.49720694
  0.9490  12.32689125
  0.9500  12.14897394
  0.9510  11.96358236
  0.9520  11.77085061
  0.9530  11.57091983
  0.9540  11.36393853
  0.9550  11.15006298
  0.9560  10.92945769
  0.9570  10.70229598
  0.9580  10.46876063
  0.9590  10.22904473
  0.9600  9.98335259
  0.9610  9.73190100
  0.9620  9.47492055
  0.9630  9.21265740
  0.9640  8.94537540
  0.9650  8.67335856
  0.9660  8.39691429
  0.9670  8.11637721
  0.9680  7.83211395
  0.9690  7.54452920
  0.9700  7.25407313
  0.9710  6.96125084
  0.9720  6.66663430
  0.9730  6.37087748
  0.9740  6.07473564
  0.9750  5.77909006
  0.9760  5.48497963
  0.9770  5.19364126
  0.9780  4.90656129
  0.9790  4.62553992
  0.9800  4.35277037
  0.9810  4.09093203
  0.9820  3.84329196
  0.9830  3.61379902
  0.9840  3.40713787
  0.9850  3.22868533
  0.9860  3.08428903
  0.9870  2.97979060
  0.9880  2.92028259
  0.9890  2.90923571
  0.9900  2.94779302
  0.9910  3.03454582
  0.9920  3.16589983
  0.9930  3.33684652
  0.9940  3.54181010
  0.9950  3.77531494
  0.9960  4.03238532
  0.9970  4.30871366
  0.9980  4.60067748
  0.9990  4.90527804
