0 0.493133
0.001 0.491884
0.002 0.488139
0.003 0.481901
0.004 0.473178
0.005 0.461978
0.006 0.448313
0.007 0.432198
0.008 0.413649
0.009 0.392687
0.01 0.369333
0.011 0.343612
0.012 0.315551
0.013 0.285179
0.014 0.252529
0.015 0.217634
0.016 0.180532
0.017 0.141261
0.018 0.0998627
0.019 0.0563798
0.02 0.0108579
0.021 0.0366555
0.022 0.0861109
0.023 0.137457
0.024 0.19064
0.025 0.245605
0.026 0.302296
0.027 0.360653
0.028 0.420617
0.029 0.482126
0.03 0.545116
0.031 0.609523
0.032 0.675282
0.033 0.742325
0.034 0.810584
0.035 0.87999
0.036 0.950472
0.037 1.02196
0.038 1.09438
0.039 1.16766
0.04 1.24173
0.041 1.31652
0.042 1.39194
0.043 1.46793
0.044 1.54441
0.045 1.6213
0.046 1.69853
0.047 1.77603
0.048 1.85371
0.049 1.93151
0.05 2.00935
0.051 2.08716
0.052 2.16485
0.053 2.24236
0.054 2.31962
0.055 2.39654
0.056 2.47307
0.057 2.54913
0.058 2.62464
0.059 2.69955
0.06 2.77377
0.061 2.84726
0.062 2.91993
0.063 2.99173
0.064 3.06259
0.065 3.13245
0.066 3.20125
0.067 3.26893
0.068 3.33543
0.069 3.4007
0.07 3.46469
0.071 3.52733
0.072 3.58859
0.073 3.64841
0.074 3.70674
0.075 3.76354
0.076 3.81877
0.077 3.87238
0.078 3.92434
0.079 3.9746
0.08 4.02314
0.081 4.06992
0.082 4.1149
0.083 4.15806
0.084 4.19938
0.085 4.23882
0.086 4.27636
0.087 4.31198
0.088 4.34567
0.089 4.3774
0.09 4.40717
0.091 4.43495
0.092 4.46074
0.093 4.48453
0.094 4.50632
0.095 4.52609
0.096 4.54385
0.097 4.5596
0.098 4.57334
0.099 4.58506
0.1 4.59479
0.101 4.60251
0.102 4.60825
0.103 4.61202
0.104 4.61382
0.105 4.61367
0.106 4.61158
0.107 4.60759
0.108 4.60169
0.109 4.59392
0.11 4.58429
0.111 4.57284
0.112 4.55958
0.113 4.54453
0.114 4.52774
0.115 4.50923
0.116 4.48902
0.117 4.46715
0.118 4.44365
0.119 4.41855
0.12 4.39189
0.121 4.36371
0.122 4.33403
0.123 4.30289
0.124 4.27033
0.125 4.2364
0.126 4.20112
0.127 4.16453
0.128 4.12668
0.129 4.08761
0.13 4.04734
0.131 4.00594
0.132 3.96342
0.133 3.91984
0.134 3.87524
0.135 3.82965
0.136 3.78312
0.137 3.73569
0.138 3.6874
0.139 3.63828
0.14 3.58838
0.141 3.53774
0.142 3.48639
0.143 3.43438
0.144 3.38175
0.145 3.32852
0.146 3.27475
0.147 3.22047
0.148 3.16571
0.149 3.11051
0.15 3.05491
0.151 2.99893
0.152 2.94263
0.153 2.88601
0.154 2.82913
0.155 2.77202
0.156 2.71469
0.157 2.65719
0.158 2.59954
0.159 2.54177
0.16 2.48391
0.161 2.42598
0.162 2.36802
0.163 2.31004
0.164 2.25208
0.165 2.19414
0.166 2.13626
0.167 2.07846
0.168 2.02076
0.169 1.96318
0.17 1.90573
0.171 1.84843
0.172 1.79131
0.173 1.73437
0.174 1.67764
0.175 1.62112
0.176 1.56483
0.177 1.50878
0.178 1.45299
0.179 1.39747
0.18 1.34222
0.181 1.28726
0.182 1.2326
0.183 1.17824
0.184 1.12419
0.185 1.07046
0.186 1.01706
0.187 0.96399
0.188 0.911257
0.189 0.858867
0.19 0.806824
0.191 0.755132
0.192 0.703795
0.193 0.652816
0.194 0.602199
0.195 0.551945
0.196 0.502058
0.197 0.45254
0.198 0.403392
0.199 0.354617
0.2 0.306216
0.201 0.258191
0.202 0.210543
0.203 0.163273
0.204 0.116384
0.205 0.0698758
0.206 0.0237506
0.207 0.0219902
0.208 0.0673449
0.209 0.112312
0.21 0.156889
0.211 0.201074
0.212 0.244865
0.213 0.288259
0.214 0.331254
0.215 0.373846
0.216 0.416032
0.217 0.457809
0.218 0.499172
0.219 0.540117
0.22 0.58064
0.221 0.620734
0.222 0.660396
0.223 0.699618
0.224 0.738395
0.225 0.77672
0.226 0.814586
0.227 0.851986
0.228 0.88891
0.229 0.925352
0.23 0.961302
0.231 0.996751
0.232 1.03169
0.233 1.06611
0.234 1.09999
0.235 1.13334
0.236 1.16613
0.237 1.19836
0.238 1.23
0.239 1.26106
0.24 1.29152
0.241 1.32136
0.242 1.35057
0.243 1.37914
0.244 1.40706
0.245 1.4343
0.246 1.46086
0.247 1.48672
0.248 1.51186
0.249 1.53627
0.25 1.55994
0.251 1.58285
0.252 1.60499
0.253 1.62633
0.254 1.64687
0.255 1.66658
0.256 1.68546
0.257 1.70349
0.258 1.72065
0.259 1.73693
0.26 1.75232
0.261 1.76679
0.262 1.78034
0.263 1.79294
0.264 1.8046
0.265 1.81529
0.266 1.82499
0.267 1.83371
0.268 1.84142
0.269 1.84812
0.27 1.85379
0.271 1.85842
0.272 1.862
0.273 1.86453
0.274 1.86599
0.275 1.86638
0.276 1.86568
0.277 1.8639
0.278 1.86102
0.279 1.85704
0.28 1.85195
0.281 1.84576
0.282 1.83846
0.283 1.83004
0.284 1.82051
0.285 1.80987
0.286 1.79811
0.287 1.78525
0.288 1.77127
0.289 1.75618
0.29 1.74
0.291 1.72272
0.292 1.70434
0.293 1.68489
0.294 1.66437
0.295 1.64277
0.296 1.62013
0.297 1.59644
0.298 1.57173
0.299 1.54599
0.3 1.51926
0.301 1.49154
0.302 1.46284
0.303 1.4332
0.304 1.40262
0.305 1.37112
0.306 1.33873
0.307 1.30547
0.308 1.27135
0.309 1.23641
0.31 1.20065
0.311 1.16412
0.312 1.12683
0.313 1.08881
0.314 1.05009
0.315 1.0107
0.316 0.970656
0.317 0.929997
0.318 0.888749
0.319 0.846944
0.32 0.804611
0.321 0.761784
0.322 0.718493
0.323 0.67477
0.324 0.630649
0.325 0.586163
0.326 0.541346
0.327 0.49623
0.328 0.450851
0.329 0.405243
0.33 0.35944
0.331 0.313477
0.332 0.267389
0.333 0.22121
0.334 0.174977
0.335 0.128723
0.336 0.082483
0.337 0.0362928
0.338 0.00981351
0.339 0.0558014
0.34 0.101637
0.341 0.147285
0.342 0.192714
0.343 0.237888
0.344 0.282777
0.345 0.327346
0.346 0.371564
0.347 0.415399
0.348 0.458821
0.349 0.501798
0.35 0.544301
0.351 0.586302
0.352 0.62777
0.353 0.668678
0.354 0.709
0.355 0.748709
0.356 0.787779
0.357 0.826186
0.358 0.863906
0.359 0.900916
0.36 0.937193
0.361 0.972717
0.362 1.00747
0.363 1.04142
0.364 1.07457
0.365 1.10689
0.366 1.13836
0.367 1.16897
0.368 1.19871
0.369 1.22755
0.37 1.2555
0.371 1.28254
0.372 1.30866
0.373 1.33384
0.374 1.35809
0.375 1.38139
0.376 1.40374
0.377 1.42513
0.378 1.44557
0.379 1.46504
0.38 1.48354
0.381 1.50108
0.382 1.51766
0.383 1.53327
0.384 1.54792
0.385 1.56161
0.386 1.57435
0.387 1.58614
0.388 1.59699
0.389 1.6069
0.39 1.61588
0.391 1.62394
0.392 1.63109
0.393 1.63734
0.394 1.64271
0.395 1.64719
0.396 1.65081
0.397 1.65358
0.398 1.65552
0.399 1.65663
0.4 1.65693
0.401 1.65643
0.402 1.65517
0.403 1.65314
0.404 1.65037
0.405 1.64687
0.406 1.64267
0.407 1.63778
0.408 1.63222
0.409 1.626
0.41 1.61916
0.411 1.6117
0.412 1.60365
0.413 1.59502
0.414 1.58584
0.415 1.57613
0.416 1.56591
0.417 1.55519
0.418 1.544
0.419 1.53235
0.42 1.52028
0.421 1.50778
0.422 1.4949
0.423 1.48164
0.424 1.46803
0.425 1.45409
0.426 1.43983
0.427 1.42527
0.428 1.41043
0.429 1.39533
0.43 1.37999
0.431 1.36443
0.432 1.34866
0.433 1.33269
0.434 1.31655
0.435 1.30026
0.436 1.28382
0.437 1.26725
0.438 1.25057
0.439 1.23379
0.44 1.21692
0.441 1.19999
0.442 1.18299
0.443 1.16594
0.444 1.14886
0.445 1.13175
0.446 1.11463
0.447 1.0975
0.448 1.08038
0.449 1.06327
0.45 1.04619
0.451 1.02913
0.452 1.01212
0.453 0.995142
0.454 0.97822
0.455 0.961354
0.456 0.944551
0.457 0.927814
0.458 0.911149
0.459 0.894559
0.46 0.878048
0.461 0.861619
0.462 0.845274
0.463 0.829016
0.464 0.812847
0.465 0.796767
0.466 0.780779
0.467 0.764882
0.468 0.749077
0.469 0.733365
0.47 0.717744
0.471 0.702215
0.472 0.686777
0.473 0.671428
0.474 0.656168
0.475 0.640996
0.476 0.625909
0.477 0.610906
0.478 0.595985
0.479 0.581144
0.48 0.566382
0.481 0.551695
0.482 0.537083
0.483 0.522542
0.484 0.508071
0.485 0.493666
0.486 0.479327
0.487 0.465051
0.488 0.450836
0.489 0.43668
0.49 0.422581
0.491 0.408537
0.492 0.394547
0.493 0.380609
0.494 0.366722
0.495 0.352885
0.496 0.339096
0.497 0.325355
0.498 0.311662
0.499 0.298016
0.5 0.284417
0.501 0.270865
0.502 0.25736
0.503 0.243904
0.504 0.230498
0.505 0.217141
0.506 0.203837
0.507 0.190586
0.508 0.177391
0.509 0.164254
0.51 0.151178
0.511 0.138165
0.512 0.12522
0.513 0.112344
0.514 0.0995428
0.515 0.0868196
0.516 0.0741789
0.517 0.0616251
0.518 0.0491632
0.519 0.0367983
0.52 0.0245356
0.521 0.0123808
0.522 0.000339747
0.523 0.0115817
0.524 0.0233772
0.525 0.0350404
0.526 0.0465646
0.527 0.0579432
0.528 0.0691693
0.529 0.0802357
0.53 0.0911353
0.531 0.101861
0.532 0.112405
0.533 0.12276
0.534 0.132919
0.535 0.142874
0.536 0.152618
0.537 0.162142
0.538 0.17144
0.539 0.180504
0.54 0.189327
0.541 0.197901
0.542 0.206218
0.543 0.214272
0.544 0.222056
0.545 0.229562
0.546 0.236784
0.547 0.243716
0.548 0.25035
0.549 0.256681
0.55 0.262703
0.551 0.26841
0.552 0.273797
0.553 0.278858
0.554 0.283589
0.555 0.287986
0.556 0.292043
0.557 0.295758
0.558 0.299126
0.559 0.302145
0.56 0.304812
0.561 0.307124
0.562 0.30908
0.563 0.310677
0.564 0.311916
0.565 0.312794
0.566 0.313312
0.567 0.313471
0.568 0.31327
0.569 0.31271
0.57 0.311794
0.571 0.310523
0.572 0.3089
0.573 0.306927
0.574 0.304608
0.575 0.301946
0.576 0.298947
0.577 0.295614
0.578 0.291953
0.579 0.28797
0.58 0.28367
0.581 0.27906
0.582 0.274147
0.583 0.268938
0.584 0.263442
0.585 0.257665
0.586 0.251617
0.587 0.245307
0.588 0.238743
0.589 0.231936
0.59 0.224895
0.591 0.217631
0.592 0.210153
0.593 0.202474
0.594 0.194604
0.595 0.186554
0.596 0.178336
0.597 0.169962
0.598 0.161444
0.599 0.152794
0.6 0.144024
0.601 0.135147
0.602 0.126175
0.603 0.117122
0.604 0.107999
0.605 0.0988198
0.606 0.0895972
0.607 0.0803439
0.608 0.0710727
0.609 0.0617965
0.61 0.0525281
0.611 0.04328
0.612 0.0340648
0.613 0.0248951
0.614 0.0157831
0.615 0.00674091
0.616 0.00221941
0.617 0.0110861
0.618 0.0198477
0.619 0.0284928
0.62 0.0370104
0.621 0.0453898
0.622 0.0536204
0.623 0.0616921
0.624 0.069595
0.625 0.0773198
0.626 0.0848572
0.627 0.0921986
0.628 0.0993355
0.629 0.10626
0.63 0.112965
0.631 0.119442
0.632 0.125686
0.633 0.13169
0.634 0.137448
0.635 0.142956
0.636 0.148207
0.637 0.153199
0.638 0.157926
0.639 0.162386
0.64 0.166575
0.641 0.170492
0.642 0.174134
0.643 0.1775
0.644 0.18059
0.645 0.183402
0.646 0.185936
0.647 0.188194
0.648 0.190177
0.649 0.191885
0.65 0.193322
0.651 0.194488
0.652 0.195388
0.653 0.196025
0.654 0.196403
0.655 0.196525
0.656 0.196397
0.657 0.196023
0.658 0.19541
0.659 0.194562
0.66 0.193487
0.661 0.192191
0.662 0.19068
0.663 0.188962
0.664 0.187045
0.665 0.184936
0.666 0.182644
0.667 0.180177
0.668 0.177544
0.669 0.174752
0.67 0.171813
0.671 0.168733
0.672 0.165524
0.673 0.162195
0.674 0.158754
0.675 0.155212
0.676 0.151579
0.677 0.147865
0.678 0.144079
0.679 0.140231
0.68 0.136332
0.681 0.132391
0.682 0.128418
0.683 0.124423
0.684 0.120415
0.685 0.116405
0.686 0.112401
0.687 0.108414
0.688 0.104451
0.689 0.100523
0.69 0.0966387
0.691 0.0928059
0.692 0.0890333
0.693 0.0853293
0.694 0.0817017
0.695 0.0781581
0.696 0.0747061
0.697 0.0713527
0.698 0.0681048
0.699 0.0649687
0.7 0.0619507
0.701 0.0590566
0.702 0.0562919
0.703 0.0536616
0.704 0.0511707
0.705 0.0488233
0.706 0.0466237
0.707 0.0445754
0.708 0.0426817
0.709 0.0409454
0.71 0.0393691
0.711 0.0379549
0.712 0.0367043
0.713 0.0356188
0.714 0.0346993
0.715 0.0339463
0.716 0.0333599
0.717 0.03294
0.718 0.0326858
0.719 0.0325965
0.72 0.0326705
0.721 0.0329063
0.722 0.0333018
0.723 0.0338545
0.724 0.0345616
0.725 0.0354201
0.726 0.0364267
0.727 0.0375775
0.728 0.0388685
0.729 0.0402955
0.73 0.041854
0.731 0.043539
0.732 0.0453456
0.733 0.0472684
0.734 0.0493019
0.735 0.0514405
0.736 0.0536781
0.737 0.0560088
0.738 0.0584262
0.739 0.0609241
0.74 0.0634959
0.741 0.0661351
0.742 0.0688349
0.743 0.0715885
0.744 0.0743892
0.745 0.07723
0.746 0.0801041
0.747 0.0830046
0.748 0.0859245
0.749 0.0888571
0.75 0.0917953
0.751 0.0947326
0.752 0.0976621
0.753 0.100577
0.754 0.103471
0.755 0.106338
0.756 0.109172
0.757 0.111966
0.758 0.114714
0.759 0.11741
0.76 0.12005
0.761 0.122627
0.762 0.125136
0.763 0.127573
0.764 0.129932
0.765 0.132209
0.766 0.1344
0.767 0.1365
0.768 0.138507
0.769 0.140416
0.77 0.142224
0.771 0.143928
0.772 0.145526
0.773 0.147016
0.774 0.148394
0.775 0.149661
0.776 0.150813
0.777 0.15185
0.778 0.152771
0.779 0.153576
0.78 0.154265
0.781 0.154836
0.782 0.155291
0.783 0.155631
0.784 0.155856
0.785 0.155968
0.786 0.155968
0.787 0.155858
0.788 0.15564
0.789 0.155317
0.79 0.15489
0.791 0.154363
0.792 0.15374
0.793 0.153022
0.794 0.152215
0.795 0.151321
0.796 0.150345
0.797 0.14929
0.798 0.148162
0.799 0.146964
0.8 0.145701
0.801 0.144379
0.802 0.143002
0.803 0.141574
0.804 0.140102
0.805 0.13859
0.806 0.137044
0.807 0.13547
0.808 0.133872
0.809 0.132255
0.81 0.130627
0.811 0.128991
0.812 0.127354
0.813 0.125721
0.814 0.124098
0.815 0.122489
0.816 0.1209
0.817 0.119336
0.818 0.117804
0.819 0.116306
0.82 0.114849
0.821 0.113437
0.822 0.112076
0.823 0.110768
0.824 0.10952
0.825 0.108334
0.826 0.107215
0.827 0.106167
0.828 0.105194
0.829 0.104298
0.83 0.103483
0.831 0.102752
0.832 0.102108
0.833 0.101553
0.834 0.101088
0.835 0.100718
0.836 0.100442
0.837 0.100262
0.838 0.10018
0.839 0.100197
0.84 0.100312
0.841 0.100528
0.842 0.100842
0.843 0.101257
0.844 0.10177
0.845 0.102381
0.846 0.10309
0.847 0.103895
0.848 0.104794
0.849 0.105786
0.85 0.106869
0.851 0.10804
0.852 0.109297
0.853 0.110638
0.854 0.112058
0.855 0.113555
0.856 0.115126
0.857 0.116766
0.858 0.118472
0.859 0.12024
0.86 0.122066
0.861 0.123945
0.862 0.125872
0.863 0.127843
0.864 0.129854
0.865 0.131898
0.866 0.133971
0.867 0.136067
0.868 0.138182
0.869 0.140309
0.87 0.142445
0.871 0.144581
0.872 0.146715
0.873 0.148838
0.874 0.150947
0.875 0.153036
0.876 0.155098
0.877 0.157128
0.878 0.159121
0.879 0.161071
0.88 0.162973
0.881 0.164822
0.882 0.166611
0.883 0.168336
0.884 0.169992
0.885 0.171574
0.886 0.173077
0.887 0.174496
0.888 0.175827
0.889 0.177065
0.89 0.178207
0.891 0.179248
0.892 0.180185
0.893 0.181013
0.894 0.181731
0.895 0.182333
0.896 0.182818
0.897 0.183183
0.898 0.183425
0.899 0.183543
0.9 0.183534
0.901 0.183396
0.902 0.183128
0.903 0.18273
0.904 0.182199
0.905 0.181536
0.906 0.18074
0.907 0.179811
0.908 0.178749
0.909 0.177555
0.91 0.176229
0.911 0.174773
0.912 0.173187
0.913 0.171474
0.914 0.169635
0.915 0.167672
0.916 0.165587
0.917 0.163384
0.918 0.161064
0.919 0.158631
0.92 0.156088
0.921 0.153439
0.922 0.150687
0.923 0.147837
0.924 0.144892
0.925 0.141857
0.926 0.138736
0.927 0.135534
0.928 0.132255
0.929 0.128906
0.93 0.12549
0.931 0.122014
0.932 0.118482
0.933 0.1149
0.934 0.111274
0.935 0.107609
0.936 0.103911
0.937 0.100186
0.938 0.0964392
0.939 0.0926771
0.94 0.0889053
0.941 0.0851299
0.942 0.0813566
0.943 0.0775915
0.944 0.0738402
0.945 0.0701087
0.946 0.0664027
0.947 0.0627278
0.948 0.0590898
0.949 0.0554941
0.95 0.0519462
0.951 0.0484514
0.952 0.0450149
0.953 0.0416417
0.954 0.0383368
0.955 0.035105
0.956 0.0319508
0.957 0.0288787
0.958 0.0258929
0.959 0.0229975
0.96 0.0201965
0.961 0.0174933
0.962 0.0148915
0.963 0.0123944
0.964 0.0100048
0.965 0.00772575
0.966 0.00555961
0.967 0.00350874
0.968 0.00157522
0.969 0.000239151
0.97 0.00193279
0.971 0.00350437
0.972 0.00495284
0.973 0.00627737
0.974 0.0074774
0.975 0.00855264
0.976 0.00950301
0.977 0.0103287
0.978 0.0110303
0.979 0.0116083
0.98 0.0120637
0.981 0.0123978
0.982 0.0126119
0.983 0.0127077
0.984 0.0126871
0.985 0.0125522
0.986 0.0123054
0.987 0.0119491
0.988 0.0114861
0.989 0.0109194
0.99 0.0102521
0.991 0.00948752
0.992 0.0086291
0.993 0.00768053
0.994 0.00664561
0.995 0.0055283
0.996 0.00433269
0.997 0.003063
0.998 0.00172356
0.999 0.000318815
