  0.0000  39.37293553
  0.0010  39.33232690
  0.0020  39.21052431
  0.0030  39.00759767
  0.0040  38.72366346
  0.0050  38.35888460
  0.0060  37.91347044
  0.0070  37.38767654
  0.0080  36.78180456
  0.0090  36.09620205
  0.0100  35.33126226
  0.0110  34.48742382
  0.0120  33.56517056
  0.0130  32.56503114
  0.0140  31.48757874
  0.0150  30.33343070
  0.0160  29.10324818
  0.0170  27.79773570
  0.0180  26.41764073
  0.0190  24.96375329
  0.0200  23.43690549
  0.0210  21.83797105
  0.0220  20.16786492
  0.0230  18.42754294
  0.0240  16.61800157
  0.0250  14.74027805
  0.0260  12.79545121
  0.0270  10.78464404
  0.0280  8.70903130
  0.0290  6.56986412
  0.0300  4.36857441
  0.0310  2.10757299
  0.0320  0.25718392
  0.0330  2.60496294
  0.0340  5.04231477
  0.0350  7.53661763
  0.0360  10.08567257
  0.0370  12.68786689
  0.0380  15.34166961
  0.0390  18.04555438
  0.0400  20.79798026
  0.0410  23.59738569
  0.0420  26.44218672
  0.0430  29.33077669
  0.0440  32.26152653
  0.0450  35.23278539
  0.0460  38.24288149
  0.0470  41.29012295
  0.0480  44.37279877
  0.0490  47.48917978
  0.0500  50.63751964
  0.0510  53.81605591
  0.0520  57.02301100
  0.0530  60.25659329
  0.0540  63.51499815
  0.0550  66.79640897
  0.0560  70.09899829
  0.0570  73.42092879
  0.0580  76.76035444
  0.0590  80.11542151
  0.0600  83.48426969
  0.0610  86.86503313
  0.0620  90.25584154
  0.0630  93.65482127
  0.0640  97.06009634
  0.0650  100.46978957
  0.0660  103.88202361
  0.0670  107.29492201
  0.0680  110.70661028
  0.0690  114.11521695
  0.0700  117.51887464
  0.0710  120.91572103
  0.0720  124.30389999
  0.0730  127.68156255
  0.0740  131.04686791
  0.0750  134.39798451
  0.0760  137.73309097
  0.0770  141.05037711
  0.0780  144.34804494
  0.0790  147.62430961
  0.0800  150.87740039
  0.0810  154.10556158
  0.0820  157.30705351
  0.0830  160.48015338
  0.0840  163.62315623
  0.0850  166.73437581
  0.0860  169.81214547
  0.0870  172.85481899
  0.0880  175.86077150
  0.0890  178.82840023
  0.0900  181.75612539
  0.0910  184.64239096
  0.0920  187.48566543
  0.0930  190.28444265
  0.0940  193.03724250
  0.0950  195.74261167
  0.0960  198.39912436
  0.0970  201.00538297
  0.0980  203.56001880
  0.0990  206.06169269
  0.1000  208.50909567
  0.1010  210.90094956
  0.1020  213.23600760
  0.1030  215.51305503
  0.1040  217.73090961
  0.1050  219.88842222
  0.1060  221.98447735
  0.1070  224.01799360
  0.1080  225.98792417
  0.1090  227.89325731
  0.1100  229.73301676
  0.1110  231.50626220
  0.1120  233.21208960
  0.1130  234.84963163
  0.1140  236.41805799
  0.1150  237.91657577
  0.1160  239.34442976
  0.1170  240.70090271
  0.1180  241.98531566
  0.1190  243.19702812
  0.1200  244.33543837
  0.1210  245.39998360
  0.1220  246.39014016
  0.1230  247.30542368
  0.1240  248.14538923
  0.1250  248.90963144
  0.1260  249.59778463
  0.1270  250.20952282
  0.1280  250.74455990
  0.1290  251.20264957
  0.1300  251.58358540
  0.1310  251.88720085
  0.1320  252.11336922
  0.1330  252.26200361
  0.1340  252.33305687
  0.1350  252.32652153
  0.1360  252.24242966
  0.1370  252.08085278
  0.1380  251.84190173
  0.1390  251.52572647
  0.1400  251.13251595
  0.1410  250.66249786
  0.1420  250.11593846
  0.1430  249.49314231
  0.1440  248.79445206
  0.1450  248.02024811
  0.1460  247.17094838
  0.1470  246.24700798
  0.1480  245.24891890
  0.1490  244.17720962
  0.1500  243.03244480
  0.1510  241.81522490
  0.1520  240.52618574
  0.1530  239.16599814
  0.1540  237.73536746
  0.1550  236.23503320
  0.1560  234.66576848
  0.1570  233.02837960
  0.1580  231.32370558
  0.1590  229.55261758
  0.1600  227.71601846
  0.1610  225.81484219
  0.1620  223.85005333
  0.1630  221.82264647
  0.1640  219.73364563
  0.1650  217.58410371
  0.1660  215.37510184
  0.1670  213.10774881
  0.1680  210.78318041
  0.1690  208.40255883
  0.1700  205.96707195
  0.1710  203.47793275
  0.1720  200.93637857
  0.1730  198.34367048
  0.1740  195.70109253
  0.1750  193.00995110
  0.1760  190.27157415
  0.1770  187.48731052
  0.1780  184.65852915
  0.1790  181.78661841
  0.1800  178.87298528
  0.1810  175.91905464
  0.1820  172.92626846
  0.1830  169.89608508
  0.1840  166.82997838
  0.1850  163.72943702
  0.1860  160.59596362
  0.1870  157.43107401
  0.1880  154.23629635
  0.1890  151.01317041
  0.1900  147.76324666
  0.1910  144.48808554
  0.1920  141.18925656
  0.1930  137.86833754
  0.1940  134.52691372
  0.1950  131.16657697
  0.1960  127.78892494
  0.1970  124.39556022
  0.1980  120.98808951
  0.1990  117.56812279
  0.2000  114.13727243
  0.2010  110.69715243
  0.2020  107.24937751
  0.2030  103.79556233
  0.2040  100.33732057
  0.2050  96.87626421
  0.2060  93.41400258
  0.2070  89.95214161
  0.2080  86.49228296
  0.2090  83.03602320
  0.2100  79.58495302
  0.2110  76.14065637
  0.2120  72.70470967
  0.2130  69.27868099
  0.2140  65.86412927
  0.2150  62.46260353
  0.2160  59.07564204
  0.2170  55.70477158
  0.2180  52.35150667
  0.2190  49.01734878
  0.2200  45.70378562
  0.2210  42.41229039
  0.2220  39.14432103
  0.2230  35.90131961
  0.2240  32.68471157
  0.2250  29.49590520
  0.2260  26.33629105
  0.2270  23.20724158
  0.2280  20.11011106
  0.2290  17.04623609
  0.2300  14.01693764
  0.2310  11.02352734
  0.2320  8.06732867
  0.2330  5.14977087
  0.2340  2.27319203
  0.2350  0.58217413
  0.2360  3.36643205
  0.2370  6.11815661
  0.2380  8.82636038
  0.2390  11.48946897
  0.2400  14.10630425
  0.2410  16.67578697
  0.2420  19.19688753
  0.2430  21.66861306
  0.2440  24.09000326
  0.2450  26.46012889
  0.2460  28.77809130
  0.2470  31.04302243
  0.2480  33.25408488
  0.2490  35.41047216
  0.2500  37.51140897
  0.2510  39.55615143
  0.2520  41.54398739
  0.2530  43.47423671
  0.2540  45.34625146
  0.2550  47.15941621
  0.2560  48.91314824
  0.2570  50.60689776
  0.2580  52.24014807
  0.2590  53.81241579
  0.2600  55.32325096
  0.2610  56.77223717
  0.2620  58.15899176
  0.2630  59.48316580
  0.2640  60.74444426
  0.2650  61.94254603
  0.2660  63.07722395
  0.2670  64.14826485
  0.2680  65.15548954
  0.2690  66.09875278
  0.2700  66.97794326
  0.2710  67.79298353
  0.2720  68.54382992
  0.2730  69.23047244
  0.2740  69.85293466
  0.2750  70.41127360
  0.2760  70.90557954
  0.2770  71.33597586
  0.2780  71.70261887
  0.2790  72.00569755
  0.2800  72.24543336
  0.2810  72.42207998
  0.2820  72.53592305
  0.2830  72.58727988
  0.2840  72.57649914
  0.2850  72.50396057
  0.2860  72.37007463
  0.2870  72.17528214
  0.2880  71.92005393
  0.2890  71.60489044
  0.2900  71.23032134
  0.2910  70.79690510
  0.2920  70.30522856
  0.2930  69.75590650
  0.2940  69.14958116
  0.2950  68.48692179
  0.2960  67.76862414
  0.2970  66.99540999
  0.2980  66.16802660
  0.2990  65.28724621
  0.3000  64.35386549
  0.3010  63.36870500
  0.3020  62.33260862
  0.3030  61.24644299
  0.3040  60.11109690
  0.3050  58.92748074
  0.3060  57.69652584
  0.3070  56.41918393
  0.3080  55.09642645
  0.3090  53.72924396
  0.3100  52.31864550
  0.3110  50.86565793
  0.3120  49.37132529
  0.3130  47.83670814
  0.3140  46.26288290
  0.3150  44.65094117
  0.3160  43.00198906
  0.3170  41.31714653
  0.3180  39.59754666
  0.3190  37.84433503
  0.3200  36.05866899
  0.3210  34.24171697
  0.3220  32.39465782
  0.3230  30.51868012
  0.3240  28.61498148
  0.3250  26.68476793
  0.3260  24.72925319
  0.3270  22.74965813
  0.3280  20.74721019
  0.3290  18.72314289
  0.3300  16.67869561
  0.3310  14.61511366
  0.3320  12.53364924
  0.3330  10.43556437
  0.3340  8.32213955
  0.3350  6.19470176
  0.3360  4.05474411
  0.3370  1.90486461
  0.3380  0.29498159
  0.3390  2.43835580
  0.3400  4.61651614
  0.3410  6.80247789
  0.3420  8.99418896
  0.3430  11.19023659
  0.3440  13.38932933
  0.3450  15.59021593
  0.3460  17.79166459
  0.3470  19.99245627
  0.3480  22.19138235
  0.3490  24.38724383
  0.3500  26.57885127
  0.3510  28.76502503
  0.3520  30.94459559
  0.3530  33.11640405
  0.3540  35.27930257
  0.3550  37.43215491
  0.3560  39.57383695
  0.3570  41.70323715
  0.3580  43.81925714
  0.3590  45.92081216
  0.3600  48.00683160
  0.3610  50.07625945
  0.3620  52.12805485
  0.3630  54.16119247
  0.3640  56.17466304
  0.3650  58.16747376
  0.3660  60.13864877
  0.3670  62.08722953
  0.3680  64.01227527
  0.3690  65.91286340
  0.3700  67.78808984
  0.3710  69.63706946
  0.3720  71.45893642
  0.3730  73.25284450
  0.3740  75.01796748
  0.3750  76.75349944
  0.3760  78.45865505
  0.3770  80.13266992
  0.3780  81.77480085
  0.3790  83.38432612
  0.3800  84.96054574
  0.3810  86.50278167
  0.3820  88.01037812
  0.3830  89.48270171
  0.3840  90.91914169
  0.3850  92.31911013
  0.3860  93.68204214
  0.3870  95.00739596
  0.3880  96.29465316
  0.3890  97.54331880
  0.3900  98.75292148
  0.3910  99.92301353
  0.3920  101.05317107
  0.3930  102.14299408
  0.3940  103.19210651
  0.3950  104.20015631
  0.3960  105.16681550
  0.3970  106.09178016
  0.3980  106.97477050
  0.3990  107.81553083
  0.4000  108.61382958
  0.4010  109.36945924
  0.4020  110.08223639
  0.4030  110.75200158
  0.4040  111.37861933
  0.4050  111.96197807
  0.4060  112.50198998
  0.4070  112.99859100
  0.4080  113.45174063
  0.4090  113.86142187
  0.4100  114.22764109
  0.4110  114.55042786
  0.4120  114.82983480
  0.4130  115.06593745
  0.4140  115.25883406
  0.4150  115.40864543
  0.4160  115.51551468
  0.4170  115.57960709
  0.4180  115.60110982
  0.4190  115.58023175
  0.4200  115.51720319
  0.4210  115.41227566
  0.4220  115.26572161
  0.4230  115.07783416
  0.4240  114.84892685
  0.4250  114.57933330
  0.4260  114.26940696
  0.4270  113.91952077
  0.4280  113.53006690
  0.4290  113.10145635
  0.4300  112.63411869
  0.4310  112.12850168
  0.4320  111.58507095
  0.4330  111.00430961
  0.4340  110.38671793
  0.4350  109.73281296
  0.4360  109.04312812
  0.4370  108.31821287
  0.4380  107.55863229
  0.4390  106.76496667
  0.4400  105.93781116
  0.4410  105.07777530
  0.4420  104.18548267
  0.4430  103.26157040
  0.4440  102.30668882
  0.4450  101.32150098
  0.4460  100.30668223
  0.4470  99.26291979
  0.4480  98.19091230
  0.4490  97.09136938
  0.4500  95.96501118
  0.4510  94.81256790
  0.4520  93.63477937
  0.4530  92.43239460
  0.4540  91.20617125
  0.4550  89.95687524
  0.4560  88.68528024
  0.4570  87.39216721
  0.4580  86.07832393
  0.4590  84.74454454
  0.4600  83.39162904
  0.4610  82.02038284
  0.4620  80.63161627
  0.4630  79.22614412
  0.4640  77.80478514
  0.4650  76.36836158
  0.4660  74.91769871
  0.4670  73.45362436
  0.4680  71.97696841
  0.4690  70.48856235
  0.4700  68.98923881
  0.4710  67.47983107
  0.4720  65.96117258
  0.4730  64.43409654
  0.4740  62.89943540
  0.4750  61.35802041
  0.4760  59.81068115
  0.4770  58.25824510
  0.4780  56.70153718
  0.4790  55.14137929
  0.4800  53.57858986
  0.4810  52.01398344
  0.4820  50.44837027
  0.4830  48.88255579
  0.4840  47.31734029
  0.4850  45.75351844
  0.4860  44.19187891
  0.4870  42.63320393
  0.4880  41.07826894
  0.4890  39.52784215
  0.4900  37.98268415
  0.4910  36.44354761
  0.4920  34.91117681
  0.4930  33.38630738
  0.4940  31.86966587
  0.4950  30.36196949
  0.4960  28.86392575
  0.4970  27.37623219
  0.4980  25.89957610
  0.4990  24.43463424
  0.5000  22.98207270
  0.5010  21.54254669
  0.5020  20.11670048
  0.5030  18.70516738
  0.5040  17.30856992
  0.5050  15.92752021
  0.5060  14.56262065
  0.5070  13.21446521
  0.5080  11.88364167
  0.5090  10.57073559
  0.5100  9.27633759
  0.5110  8.00105734
  0.5120  6.74555265
  0.5130  5.51059593
  0.5140  4.29724889
  0.5150  3.10742506
  0.5160  1.94641594
  0.5170  0.84543621
  0.5180  0.53353494
  0.5190  1.53208375
  0.5200  2.59830774
  0.5210  3.65306418
  0.5220  4.68796046
  0.5230  5.70058865
  0.5240  6.68985764
  0.5250  7.65511155
  0.5260  8.59587949
  0.5270  9.51178556
  0.5280  10.40251101
  0.5290  11.26777642
  0.5300  12.10733247
  0.5310  12.92095492
  0.5320  13.70844169
  0.5330  14.46961106
  0.5340  15.20430050
  0.5350  15.91236591
  0.5360  16.59368113
  0.5370  17.24813750
  0.5380  17.87564361
  0.5390  18.47612506
  0.5400  19.04952421
  0.5410  19.59580011
  0.5420  20.11492822
  0.5430  20.60690036
  0.5440  21.07172449
  0.5450  21.50942461
  0.5460  21.92004055
  0.5470  22.30362788
  0.5480  22.66025771
  0.5490  22.99001653
  0.5500  23.29300603
  0.5510  23.56934294
  0.5520  23.81915884
  0.5530  24.04259994
  0.5540  24.23982692
  0.5550  24.41101471
  0.5560  24.55635224
  0.5570  24.67604227
  0.5580  24.77030115
  0.5590  24.83935855
  0.5600  24.88345728
  0.5610  24.90285297
  0.5620  24.89781388
  0.5630  24.86862060
  0.5640  24.81556582
  0.5650  24.73895400
  0.5660  24.63910117
  0.5670  24.51633457
  0.5680  24.37099244
  0.5690  24.20342366
  0.5700  24.01398748
  0.5710  23.80305325
  0.5720  23.57100007
  0.5730  23.31821649
  0.5740  23.04510024
  0.5750  22.75205787
  0.5760  22.43950444
  0.5770  22.10786324
  0.5780  21.75756542
  0.5790  21.38904972
  0.5800  21.00276210
  0.5810  20.59915546
  0.5820  20.17868932
  0.5830  19.74182945
  0.5840  19.28904765
  0.5850  18.82082136
  0.5860  18.33763341
  0.5870  17.83997169
  0.5880  17.32832892
  0.5890  16.80320232
  0.5900  16.26509344
  0.5910  15.71450787
  0.5920  15.15195511
  0.5930  14.57794840
  0.5940  13.99300463
  0.5950  13.39764438
  0.5960  12.79239199
  0.5970  12.17777582
  0.5980  11.55432877
  0.5990  10.92258898
  0.6000  10.28310110
  0.6010  9.63641817
  0.6020  8.98310447
  0.6030  8.32374005
  0.6040  7.65892773
  0.6050  6.98930456
  0.6060  6.31556081
  0.6070  5.63847319
  0.6080  4.95896560
  0.6090  4.27822859
  0.6100  3.59797379
  0.6110  2.92103990
  0.6120  2.25306264
  0.6130  1.60810847
  0.6140  1.03347294
  0.6150  0.72538150
  0.6160  0.98051002
  0.6170  1.54017473
  0.6180  2.18041169
  0.6190  2.84619261
  0.6200  3.52174993
  0.6210  4.20097688
  0.6220  4.88089716
  0.6230  5.55977924
  0.6240  6.23646502
  0.6250  6.91009158
  0.6260  7.57996206
  0.6270  8.24548034
  0.6280  8.90611556
  0.6290  9.56138183
  0.6300  10.21082606
  0.6310  10.85402039
  0.6320  11.49055731
  0.6330  12.12004651
  0.6340  12.74211270
  0.6350  13.35639415
  0.6360  13.96254169
  0.6370  14.56021802
  0.6380  15.14909718
  0.6390  15.72886424
  0.6400  16.29921505
  0.6410  16.85985607
  0.6420  17.41050425
  0.6430  17.95088698
  0.6440  18.48074202
  0.6450  18.99981749
  0.6460  19.50787184
  0.6470  20.00467384
  0.6480  20.49000259
  0.6490  20.96364753
  0.6500  21.42540841
  0.6510  21.87509534
  0.6520  22.31252873
  0.6530  22.73753933
  0.6540  23.14996822
  0.6550  23.54966678
  0.6560  23.93649669
  0.6570  24.31032988
  0.6580  24.67104857
  0.6590  25.01854515
  0.6600  25.35272223
  0.6610  25.67349252
  0.6620  25.98077886
  0.6630  26.27451410
  0.6640  26.55464107
  0.6650  26.82111253
  0.6660  27.07389107
  0.6670  27.31294905
  0.6680  27.53826853
  0.6690  27.74984116
  0.6700  27.94766810
  0.6710  28.13175993
  0.6720  28.30213653
  0.6730  28.45882701
  0.6740  28.60186954
  0.6750  28.73131128
  0.6760  28.84720826
  0.6770  28.94962523
  0.6780  29.03863552
  0.6790  29.11432094
  0.6800  29.17677165
  0.6810  29.22608595
  0.6820  29.26237021
  0.6830  29.28573867
  0.6840  29.29631332
  0.6850  29.29422372
  0.6860  29.27960683
  0.6870  29.25260690
  0.6880  29.21337524
  0.6890  29.16207008
  0.6900  29.09885639
  0.6910  29.02390574
  0.6920  28.93739607
  0.6930  28.83951154
  0.6940  28.73044234
  0.6950  28.61038453
  0.6960  28.47953980
  0.6970  28.33811536
  0.6980  28.18632369
  0.6990  28.02438237
  0.7000  27.85251390
  0.7010  27.67094549
  0.7020  27.47990889
  0.7030  27.27964016
  0.7040  27.07037952
  0.7050  26.85237112
  0.7060  26.62586288
  0.7070  26.39110624
  0.7080  26.14835602
  0.7090  25.89787020
  0.7100  25.63990972
  0.7110  25.37473829
  0.7120  25.10262220
  0.7130  24.82383013
  0.7140  24.53863293
  0.7150  24.24730345
  0.7160  23.95011635
  0.7170  23.64734790
  0.7180  23.33927577
  0.7190  23.02617889
  0.7200  22.70833722
  0.7210  22.38603156
  0.7220  22.05954340
  0.7230  21.72915472
  0.7240  21.39514779
  0.7250  21.05780502
  0.7260  20.71740874
  0.7270  20.37424107
  0.7280  20.02858372
  0.7290  19.68071783
  0.7300  19.33092376
  0.7310  18.97948097
  0.7320  18.62666785
  0.7330  18.27276152
  0.7340  17.91803768
  0.7350  17.56277049
  0.7360  17.20723237
  0.7370  16.85169385
  0.7380  16.49642344
  0.7390  16.14168745
  0.7400  15.78774990
  0.7410  15.43487230
  0.7420  15.08331356
  0.7430  14.73332987
  0.7440  14.38517449
  0.7450  14.03909770
  0.7460  13.69534663
  0.7470  13.35416514
  0.7480  13.01579369
  0.7490  12.68046925
  0.7500  12.34842513
  0.7510  12.01989094
  0.7520  11.69509243
  0.7530  11.37425137
  0.7540  11.05758551
  0.7550  10.74530841
  0.7560  10.43762940
  0.7570  10.13475344
  0.7580  9.83688107
  0.7590  9.54420829
  0.7600  9.25692649
  0.7610  8.97522236
  0.7620  8.69927784
  0.7630  8.42926999
  0.7640  8.16537096
  0.7650  7.90774788
  0.7660  7.65656283
  0.7670  7.41197274
  0.7680  7.17412929
  0.7690  6.94317891
  0.7700  6.71926263
  0.7710  6.50251606
  0.7720  6.29306928
  0.7730  6.09104675
  0.7740  5.89656726
  0.7750  5.70974380
  0.7760  5.53068347
  0.7770  5.35948738
  0.7780  5.19625053
  0.7790  5.04106171
  0.7800  4.89400334
  0.7810  4.75515138
  0.7820  4.62457518
  0.7830  4.50233736
  0.7840  4.38849369
  0.7850  4.28309302
  0.7860  4.18617714
  0.7870  4.09778074
  0.7880  4.01793142
  0.7890  3.94664966
  0.7900  3.88394890
  0.7910  3.82983564
  0.7920  3.78430957
  0.7930  3.74736382
  0.7940  3.71898516
  0.7950  3.69915427
  0.7960  3.68784606
  0.7970  3.68502996
  0.7980  3.69067022
  0.7990  3.70472618
  0.8000  3.72715253
  0.8010  3.75789953
  0.8020  3.79691314
  0.8030  3.84413515
  0.8040  3.89950325
  0.8050  3.96295101
  0.8060  4.03440789
  0.8070  4.11379918
  0.8080  4.20104588
  0.8090  4.29606466
  0.8100  4.39876772
  0.8110  4.50906271
  0.8120  4.62685263
  0.8130  4.75203580
  0.8140  4.88450574
  0.8150  5.02415120
  0.8160  5.17085609
  0.8170  5.32449952
  0.8180  5.48495584
  0.8190  5.65209464
  0.8200  5.82578084
  0.8210  6.00587477
  0.8220  6.19223224
  0.8230  6.38470467
  0.8240  6.58313916
  0.8250  6.78737865
  0.8260  6.99726199
  0.8270  7.21262414
  0.8280  7.43329624
  0.8290  7.65910579
  0.8300  7.88987674
  0.8310  8.12542970
  0.8320  8.36558204
  0.8330  8.61014802
  0.8340  8.85893900
  0.8350  9.11176351
  0.8360  9.36842747
  0.8370  9.62873429
  0.8380  9.89248503
  0.8390  10.15947858
  0.8400  10.42951178
  0.8410  10.70237958
  0.8420  10.97787519
  0.8430  11.25579027
  0.8440  11.53591502
  0.8450  11.81803838
  0.8460  12.10194818
  0.8470  12.38743127
  0.8480  12.67427372
  0.8490  12.96226093
  0.8500  13.25117781
  0.8510  13.54080894
  0.8520  13.83093870
  0.8530  14.12135146
  0.8540  14.41183173
  0.8550  14.70216427
  0.8560  14.99213432
  0.8570  15.28152769
  0.8580  15.57013097
  0.8590  15.85773163
  0.8600  16.14411822
  0.8610  16.42908048
  0.8620  16.71240953
  0.8630  16.99389801
  0.8640  17.27334020
  0.8650  17.55053223
  0.8660  17.82527215
  0.8670  18.09736013
  0.8680  18.36659860
  0.8690  18.63279236
  0.8700  18.89574876
  0.8710  19.15527780
  0.8720  19.41119228
  0.8730  19.66330796
  0.8740  19.91144364
  0.8750  20.15542135
  0.8760  20.39506640
  0.8770  20.63020759
  0.8780  20.86067725
  0.8790  21.08631140
  0.8800  21.30694988
  0.8810  21.52243642
  0.8820  21.73261875
  0.8830  21.93734876
  0.8840  22.13648252
  0.8850  22.32988045
  0.8860  22.51740735
  0.8870  22.69893256
  0.8880  22.87432997
  0.8890  23.04347816
  0.8900  23.20626045
  0.8910  23.36256497
  0.8920  23.51228474
  0.8930  23.65531776
  0.8940  23.79156702
  0.8950  23.92094057
  0.8960  24.04335161
  0.8970  24.15871849
  0.8980  24.26696478
  0.8990  24.36801929
  0.9000  24.46181614
  0.9010  24.54829474
  0.9020  24.62739983
  0.9030  24.69908154
  0.9040  24.76329532
  0.9050  24.82000206
  0.9060  24.86916799
  0.9070  24.91076475
  0.9080  24.94476935
  0.9090  24.97116420
  0.9100  24.98993705
  0.9110  25.00108098
  0.9120  25.00459443
  0.9130  25.00048110
  0.9140  24.98874997
  0.9150  24.96941524
  0.9160  24.94249629
  0.9170  24.90801766
  0.9180  24.86600896
  0.9190  24.81650485
  0.9200  24.75954497
  0.9210  24.69517388
  0.9220  24.62344100
  0.9230  24.54440053
  0.9240  24.45811137
  0.9250  24.36463708
  0.9260  24.26404577
  0.9270  24.15641001
  0.9280  24.04180677
  0.9290  23.92031731
  0.9300  23.79202709
  0.9310  23.65702568
  0.9320  23.51540666
  0.9330  23.36726751
  0.9340  23.21270953
  0.9350  23.05183769
  0.9360  22.88476056
  0.9370  22.71159020
  0.9380  22.53244202
  0.9390  22.34743467
  0.9400  22.15668995
  0.9410  21.96033266
  0.9420  21.75849053
  0.9430  21.55129401
  0.9440  21.33887626
  0.9450  21.12137294
  0.9460  20.89892213
  0.9470  20.67166419
  0.9480  20.43974164
  0.9490  20.20329905
  0.9500  19.96248290
  0.9510  19.71744144
  0.9520  19.46832460
  0.9530  19.21528385
  0.9540  18.95847208
  0.9550  18.69804346
  0.9560  18.43415334
  0.9570  18.16695812
  0.9580  17.89661513
  0.9590  17.62328250
  0.9600  17.34711907
  0.9610  17.06828425
  0.9620  16.78693789
  0.9630  16.50324023
  0.9640  16.21735172
  0.9650  15.92943292
  0.9660  15.63964444
  0.9670  15.34814679
  0.9680  15.05510028
  0.9690  14.76066495
  0.9700  14.46500042
  0.9710  14.16826583
  0.9720  13.87061976
  0.9730  13.57222008
  0.9740  13.27322392
  0.9750  12.97378754
  0.9760  12.67406629
  0.9770  12.37421448
  0.9780  12.07438534
  0.9790  11.77473092
  0.9800  11.47540202
  0.9810  11.17654815
  0.9820  10.87831741
  0.9830  10.58085649
  0.9840  10.28431053
  0.9850  9.98882313
  0.9860  9.69453626
  0.9870  9.40159024
  0.9880  9.11012362
  0.9890  8.82027321
  0.9900  8.53217399
  0.9910  8.24595910
  0.9920  7.96175977
  0.9930  7.67970529
  0.9940  7.39992300
  0.9950  7.12253825
  0.9960  6.84767435
  0.9970  6.57545258
  0.9980  6.30599215
  0.9990  6.03941019
