  0.0000  84.73730112
  0.0010  84.69956442
  0.0020  84.58637339
  0.0030  84.39778513
  0.0040  84.13389480
  0.0050  83.79483558
  0.0060  83.38077852
  0.0070  82.89193254
  0.0080  82.32854427
  0.0090  81.69089791
  0.0100  80.97931511
  0.0110  80.19415475
  0.0120  79.33581280
  0.0130  78.40472208
  0.0140  77.40135201
  0.0150  76.32620841
  0.0160  75.17983317
  0.0170  73.96280398
  0.0180  72.67573407
  0.0190  71.31927179
  0.0200  69.89410034
  0.0210  68.40093739
  0.0220  66.84053466
  0.0230  65.21367759
  0.0240  63.52118486
  0.0250  61.76390801
  0.0260  59.94273096
  0.0270  58.05856959
  0.0280  56.11237124
  0.0290  54.10511424
  0.0300  52.03780746
  0.0310  49.91148974
  0.0320  47.72722950
  0.0330  45.48612418
  0.0340  43.18929986
  0.0350  40.83791075
  0.0360  38.43313892
  0.0370  35.97619402
  0.0380  33.46831319
  0.0390  30.91076132
  0.0400  28.30483177
  0.0410  25.65184812
  0.0420  22.95316758
  0.0430  20.21018806
  0.0440  17.42436304
  0.0450  14.59723513
  0.0460  11.73052175
  0.0470  8.82637532
  0.0480  5.88843869
  0.0490  2.92939547
  0.0500  0.52026458
  0.0510  3.21807264
  0.0520  6.27866596
  0.0530  9.38192741
  0.0540  12.51690367
  0.0550  15.68007168
  0.0560  18.86919737
  0.0570  22.08241419
  0.0580  25.31798870
  0.0590  28.57424202
  0.0600  31.84951876
  0.0610  35.14217324
  0.0620  38.45056299
  0.0630  41.77304562
  0.0640  45.10797743
  0.0650  48.45371288
  0.0660  51.80860458
  0.0670  55.17100359
  0.0680  58.53925991
  0.0690  61.91172306
  0.0700  65.28674278
  0.0710  68.66266971
  0.0720  72.03785619
  0.0730  75.41065700
  0.0740  78.77943017
  0.0750  82.14253778
  0.0760  85.49834675
  0.0770  88.84522966
  0.0780  92.18156558
  0.0790  95.50574081
  0.0800  98.81614978
  0.0810  102.11119575
  0.0820  105.38929170
  0.0830  108.64886105
  0.0840  111.88833849
  0.0850  115.10617073
  0.0860  118.30081731
  0.0870  121.47075132
  0.0880  124.61446019
  0.0890  127.73044639
  0.0900  130.81722826
  0.0910  133.87334062
  0.0920  136.89733559
  0.0930  139.88778324
  0.0940  142.84327231
  0.0950  145.76241089
  0.0960  148.64382707
  0.0970  151.48616967
  0.0980  154.28810882
  0.0990  157.04833663
  0.1000  159.76556781
  0.1010  162.43854029
  0.1020  165.06601579
  0.1030  167.64678044
  0.1040  170.17964534
  0.1050  172.66344708
  0.1060  175.09704834
  0.1070  177.47933838
  0.1080  179.80923355
  0.1090  182.08567778
  0.1100  184.30764311
  0.1110  186.47413009
  0.1120  188.58416825
  0.1130  190.63681655
  0.1140  192.63116379
  0.1150  194.56632896
  0.1160  196.44146171
  0.1170  198.25574264
  0.1180  200.00838369
  0.1190  201.69862842
  0.1200  203.32575241
  0.1210  204.88906346
  0.1220  206.38790193
  0.1230  207.82164098
  0.1240  209.18968682
  0.1250  210.49147893
  0.1260  211.72649025
  0.1270  212.89422739
  0.1280  213.99423081
  0.1290  215.02607495
  0.1300  215.98936836
  0.1310  216.88375385
  0.1320  217.70890856
  0.1330  218.46454403
  0.1340  219.15040631
  0.1350  219.76627594
  0.1360  220.31196805
  0.1370  220.78733228
  0.1380  221.19225286
  0.1390  221.52664850
  0.1400  221.79047242
  0.1410  221.98371222
  0.1420  222.10638985
  0.1430  222.15856146
  0.1440  222.14031734
  0.1450  222.05178175
  0.1460  221.89311278
  0.1470  221.66450215
  0.1480  221.36617511
  0.1490  220.99839013
  0.1500  220.56143876
  0.1510  220.05564536
  0.1520  219.48136685
  0.1530  218.83899247
  0.1540  218.12894345
  0.1550  217.35167276
  0.1560  216.50766475
  0.1570  215.59743486
  0.1580  214.62152923
  0.1590  213.58052439
  0.1600  212.47502685
  0.1610  211.30567271
  0.1620  210.07312730
  0.1630  208.77808470
  0.1640  207.42126734
  0.1650  206.00342558
  0.1660  204.52533719
  0.1670  202.98780696
  0.1680  201.39166614
  0.1690  199.73777199
  0.1700  198.02700726
  0.1710  196.26027969
  0.1720  194.43852144
  0.1730  192.56268859
  0.1740  190.63376055
  0.1750  188.65273954
  0.1760  186.62064998
  0.1770  184.53853794
  0.1780  182.40747052
  0.1790  180.22853528
  0.1800  178.00283958
  0.1810  175.73151002
  0.1820  173.41569180
  0.1830  171.05654806
  0.1840  168.65525926
  0.1850  166.21302254
  0.1860  163.73105103
  0.1870  161.21057325
  0.1880  158.65283238
  0.1890  156.05908564
  0.1900  153.43060357
  0.1910  150.76866939
  0.1920  148.07457829
  0.1930  145.34963672
  0.1940  142.59516175
  0.1950  139.81248034
  0.1960  137.00292861
  0.1970  134.16785123
  0.1980  131.30860060
  0.1990  128.42653623
  0.2000  125.52302401
  0.2010  122.59943548
  0.2020  119.65714713
  0.2030  116.69753972
  0.2040  113.72199753
  0.2050  110.73190768
  0.2060  107.72865939
  0.2070  104.71364331
  0.2080  101.68825081
  0.2090  98.65387324
  0.2100  95.61190126
  0.2110  92.56372415
  0.2120  89.51072910
  0.2130  86.45430050
  0.2140  83.39581929
  0.2150  80.33666226
  0.2160  77.27820134
  0.2170  74.22180299
  0.2180  71.16882748
  0.2190  68.12062823
  0.2200  65.07855117
  0.2210  62.04393408
  0.2220  59.01810595
  0.2230  56.00238633
  0.2240  52.99808470
  0.2250  50.00649986
  0.2260  47.02891929
  0.2270  44.06661857
  0.2280  41.12086077
  0.2290  38.19289582
  0.2300  35.28396001
  0.2310  32.39527534
  0.2320  29.52804899
  0.2330  26.68347279
  0.2340  23.86272263
  0.2350  21.06695799
  0.2360  18.29732138
  0.2370  15.55493791
  0.2380  12.84091482
  0.2390  10.15634123
  0.2400  7.50228818
  0.2410  4.87981066
  0.2420  2.28996587
  0.2430  0.26724003
  0.2440  2.78818851
  0.2450  5.27427884
  0.2460  7.72388245
  0.2470  10.13605758
  0.2480  12.50989851
  0.2490  14.84452473
  0.2500  17.13907953
  0.2510  19.39272992
  0.2520  21.60466677
  0.2530  23.77410508
  0.2540  25.90028424
  0.2550  27.98246830
  0.2560  30.01994624
  0.2570  32.01203222
  0.2580  33.95806581
  0.2590  35.85741224
  0.2600  37.70946256
  0.2610  39.51363390
  0.2620  41.26936963
  0.2630  42.97613951
  0.2640  44.63343988
  0.2650  46.24079375
  0.2660  47.79775097
  0.2670  49.30388835
  0.2680  50.75880971
  0.2690  52.16214597
  0.2700  53.51355526
  0.2710  54.81272293
  0.2720  56.05936159
  0.2730  57.25321116
  0.2740  58.39403884
  0.2750  59.48163914
  0.2760  60.51583383
  0.2770  61.49647193
  0.2780  62.42342964
  0.2790  63.29661028
  0.2800  64.11594421
  0.2810  64.88138876
  0.2820  65.59292809
  0.2830  66.25057309
  0.2840  66.85436125
  0.2850  67.40435650
  0.2860  67.90064904
  0.2870  68.34335519
  0.2880  68.73261721
  0.2890  69.06860306
  0.2900  69.35150621
  0.2910  69.58154542
  0.2920  69.75896450
  0.2930  69.88403203
  0.2940  69.95704115
  0.2950  69.97830925
  0.2960  69.94817767
  0.2970  69.86701146
  0.2980  69.73519900
  0.2990  69.55315174
  0.3000  69.32130382
  0.3010  69.04011179
  0.3020  68.71005417
  0.3030  68.33163119
  0.3040  67.90536433
  0.3050  67.43179602
  0.3060  66.91148917
  0.3070  66.34502682
  0.3080  65.73301175
  0.3090  65.07606600
  0.3100  64.37483050
  0.3110  63.62996463
  0.3120  62.84214577
  0.3130  62.01206883
  0.3140  61.14044587
  0.3150  60.22800557
  0.3160  59.27549280
  0.3170  58.28366814
  0.3180  57.25330740
  0.3190  56.18520116
  0.3200  55.08015426
  0.3210  53.93898535
  0.3220  52.76252635
  0.3230  51.55162199
  0.3240  50.30712933
  0.3250  49.02991722
  0.3260  47.72086584
  0.3270  46.38086622
  0.3280  45.01081971
  0.3290  43.61163754
  0.3300  42.18424032
  0.3310  40.72955759
  0.3320  39.24852737
  0.3330  37.74209575
  0.3340  36.21121648
  0.3350  34.65685062
  0.3360  33.07996628
  0.3370  31.48153837
  0.3380  29.86254848
  0.3390  28.22398503
  0.3400  26.56684349
  0.3410  24.89212706
  0.3420  23.20084791
  0.3430  21.49402921
  0.3440  19.77270864
  0.3450  18.03794423
  0.3460  16.29082448
  0.3470  14.53248625
  0.3480  12.76414837
  0.3490  10.98717857
  0.3500  9.20323976
  0.3510  7.41464979
  0.3520  5.62543074
  0.3530  3.84527990
  0.3540  2.11338661
  0.3550  0.85986787
  0.3560  1.90899819
  0.3570  3.63404382
  0.3580  5.42554786
  0.3590  7.23411773
  0.3600  9.04861612
  0.3610  10.86468617
  0.3620  12.67993180
  0.3630  14.49269795
  0.3640  16.30166325
  0.3650  18.10567733
  0.3660  19.90368727
  0.3670  21.69470099
  0.3680  23.47776782
  0.3690  25.25196756
  0.3700  27.01640402
  0.3710  28.77020119
  0.3720  30.51250085
  0.3730  32.24246113
  0.3740  33.95925558
  0.3750  35.66207265
  0.3760  37.35011540
  0.3770  39.02260137
  0.3780  40.67876254
  0.3790  42.31784544
  0.3800  43.93911117
  0.3810  45.54183562
  0.3820  47.12530956
  0.3830  48.68883890
  0.3840  50.23174477
  0.3850  51.75336380
  0.3860  53.25304828
  0.3870  54.73016632
  0.3880  56.18410209
  0.3890  57.61425594
  0.3900  59.02004464
  0.3910  60.40090148
  0.3920  61.75627650
  0.3930  63.08563660
  0.3940  64.38846568
  0.3950  65.66426481
  0.3960  66.91255233
  0.3970  68.13286397
  0.3980  69.32475297
  0.3990  70.48779020
  0.4000  71.62156418
  0.4010  72.72568124
  0.4020  73.79976554
  0.4030  74.84345917
  0.4040  75.85642213
  0.4050  76.83833249
  0.4060  77.78888629
  0.4070  78.70779766
  0.4080  79.59479879
  0.4090  80.44963996
  0.4100  81.27208948
  0.4110  82.06193375
  0.4120  82.81897718
  0.4130  83.54304217
  0.4140  84.23396907
  0.4150  84.89161614
  0.4160  85.51585947
  0.4170  86.10659292
  0.4180  86.66372804
  0.4190  87.18719398
  0.4200  87.67693740
  0.4210  88.13292235
  0.4220  88.55513019
  0.4230  88.94355944
  0.4240  89.29822565
  0.4250  89.61916129
  0.4260  89.90641559
  0.4270  90.16005437
  0.4280  90.38015992
  0.4290  90.56683080
  0.4300  90.72018168
  0.4310  90.84034316
  0.4320  90.92746159
  0.4330  90.98169885
  0.4340  91.00323217
  0.4350  90.99225391
  0.4360  90.94897137
  0.4370  90.87360655
  0.4380  90.76639592
  0.4390  90.62759019
  0.4400  90.45745412
  0.4410  90.25626619
  0.4420  90.02431843
  0.4430  89.76191614
  0.4440  89.46937762
  0.4450  89.14703393
  0.4460  88.79522860
  0.4470  88.41431738
  0.4480  88.00466796
  0.4490  87.56665970
  0.4500  87.10068332
  0.4510  86.60714062
  0.4520  86.08644423
  0.4530  85.53901727
  0.4540  84.96529306
  0.4550  84.36571485
  0.4560  83.74073550
  0.4570  83.09081716
  0.4580  82.41643099
  0.4590  81.71805684
  0.4600  80.99618293
  0.4610  80.25130555
  0.4620  79.48392875
  0.4630  78.69456400
  0.4640  77.88372989
  0.4650  77.05195182
  0.4660  76.19976165
  0.4670  75.32769743
  0.4680  74.43630300
  0.4690  73.52612775
  0.4700  72.59772627
  0.4710  71.65165798
  0.4720  70.68848688
  0.4730  69.70878120
  0.4740  68.71311305
  0.4750  67.70205815
  0.4760  66.67619547
  0.4770  65.63610690
  0.4780  64.58237700
  0.4790  63.51559259
  0.4800  62.43634251
  0.4810  61.34521727
  0.4820  60.24280871
  0.4830  59.12970975
  0.4840  58.00651403
  0.4850  56.87381563
  0.4860  55.73220873
  0.4870  54.58228736
  0.4880  53.42464504
  0.4890  52.25987453
  0.4900  51.08856747
  0.4910  49.91131418
  0.4920  48.72870329
  0.4930  47.54132147
  0.4940  46.34975317
  0.4950  45.15458032
  0.4960  43.95638206
  0.4970  42.75573447
  0.4980  41.55321026
  0.4990  40.34937859
  0.5000  39.14480471
  0.5010  37.94004977
  0.5020  36.73567055
  0.5030  35.53221920
  0.5040  34.33024302
  0.5050  33.13028418
  0.5060  31.93287956
  0.5070  30.73856046
  0.5080  29.54785241
  0.5090  28.36127495
  0.5100  27.17934144
  0.5110  26.00255888
  0.5120  24.83142767
  0.5130  23.66644152
  0.5140  22.50808725
  0.5150  21.35684466
  0.5160  20.21318645
  0.5170  19.07757810
  0.5180  17.95047790
  0.5190  16.83233692
  0.5200  15.72359915
  0.5210  14.62470177
  0.5220  13.53607548
  0.5230  12.45814531
  0.5240  11.39133169
  0.5250  10.33605239
  0.5260  9.29272571
  0.5270  8.26177597
  0.5280  7.24364360
  0.5290  6.23880440
  0.5300  5.24780987
  0.5310  4.27138059
  0.5320  3.31065638
  0.5330  2.36802634
  0.5340  1.45104518
  0.5350  0.61062391
  0.5360  0.57194456
  0.5370  1.37302256
  0.5380  2.22787588
  0.5390  3.07861186
  0.5400  3.91717840
  0.5410  4.74115679
  0.5420  5.54947605
  0.5430  6.34152583
  0.5440  7.11689243
  0.5450  7.87526107
  0.5460  8.61637392
  0.5470  9.34001002
  0.5480  10.04597478
  0.5490  10.73409421
  0.5500  11.40421146
  0.5510  12.05618477
  0.5520  12.68988607
  0.5530  13.30520013
  0.5540  13.90202392
  0.5550  14.48026618
  0.5560  15.03984707
  0.5570  15.58069795
  0.5580  16.10276114
  0.5590  16.60598979
  0.5600  17.09034771
  0.5610  17.55580925
  0.5620  18.00235915
  0.5630  18.42999248
  0.5640  18.83871447
  0.5650  19.22854042
  0.5660  19.59949561
  0.5670  19.95161515
  0.5680  20.28494390
  0.5690  20.59953631
  0.5700  20.89545637
  0.5710  21.17277739
  0.5720  21.43158198
  0.5730  21.67196183
  0.5740  21.89401765
  0.5750  22.09785896
  0.5760  22.28360403
  0.5770  22.45137967
  0.5780  22.60132111
  0.5790  22.73357185
  0.5800  22.84828351
  0.5810  22.94561567
  0.5820  23.02573569
  0.5830  23.08881856
  0.5840  23.13504676
  0.5850  23.16461003
  0.5860  23.17770525
  0.5870  23.17453624
  0.5880  23.15531358
  0.5890  23.12025445
  0.5900  23.06958242
  0.5910  23.00352727
  0.5920  22.92232481
  0.5930  22.82621669
  0.5940  22.71545020
  0.5950  22.59027807
  0.5960  22.45095829
  0.5970  22.29775392
  0.5980  22.13093283
  0.5990  21.95076760
  0.6000  21.75753522
  0.6010  21.55151695
  0.6020  21.33299809
  0.6030  21.10226778
  0.6040  20.85961880
  0.6050  20.60534735
  0.6060  20.33975287
  0.6070  20.06313781
  0.6080  19.77580742
  0.6090  19.47806956
  0.6100  19.17023449
  0.6110  18.85261466
  0.6120  18.52552451
  0.6130  18.18928025
  0.6140  17.84419968
  0.6150  17.49060195
  0.6160  17.12880741
  0.6170  16.75913736
  0.6180  16.38191388
  0.6190  15.99745962
  0.6200  15.60609761
  0.6210  15.20815107
  0.6220  14.80394318
  0.6230  14.39379698
  0.6240  13.97803508
  0.6250  13.55697954
  0.6260  13.13095168
  0.6270  12.70027192
  0.6280  12.26525955
  0.6290  11.82623265
  0.6300  11.38350788
  0.6310  10.93740034
  0.6320  10.48822343
  0.6330  10.03628875
  0.6340  9.58190594
  0.6350  9.12538264
  0.6360  8.66702440
  0.6370  8.20713466
  0.6380  7.74601475
  0.6390  7.28396401
  0.6400  6.82127998
  0.6410  6.35825872
  0.6420  5.89519540
  0.6430  5.43238522
  0.6440  4.97012492
  0.6450  4.50871532
  0.6460  4.04846557
  0.6470  3.58970073
  0.6480  3.13277596
  0.6490  2.67810493
  0.6500  2.22622225
  0.6510  1.77793876
  0.6520  1.33480045
  0.6530  0.90085617
  0.6540  0.49335747
  0.6550  0.26321327
  0.6560  0.52957530
  0.6570  0.93138274
  0.6580  1.34916764
  0.6590  1.76863301
  0.6600  2.18622715
  0.6610  2.60057160
  0.6620  3.01095442
  0.6630  3.41692525
  0.6640  3.81815524
  0.6650  4.21437992
  0.6660  4.60537278
  0.6670  4.99093195
  0.6680  5.37087307
  0.6690  5.74502507
  0.6700  6.11322774
  0.6710  6.47533016
  0.6720  6.83118970
  0.6730  7.18067135
  0.6740  7.52364726
  0.6750  7.85999643
  0.6760  8.18960444
  0.6770  8.51236330
  0.6780  8.82817134
  0.6790  9.13693306
  0.6800  9.43855906
  0.6810  9.73296598
  0.6820  10.02007640
  0.6830  10.29981885
  0.6840  10.57212764
  0.6850  10.83694294
  0.6860  11.09421059
  0.6870  11.34388217
  0.6880  11.58591486
  0.6890  11.82027142
  0.6900  12.04692011
  0.6910  12.26583467
  0.6920  12.47699421
  0.6930  12.68038319
  0.6940  12.87599133
  0.6950  13.06381352
  0.6960  13.24384983
  0.6970  13.41610533
  0.6980  13.58059010
  0.6990  13.73731911
  0.7000  13.88631217
  0.7010  14.02759382
  0.7020  14.16119325
  0.7030  14.28714426
  0.7040  14.40548509
  0.7050  14.51625843
  0.7060  14.61951124
  0.7070  14.71529472
  0.7080  14.80366419
  0.7090  14.88467898
  0.7100  14.95840238
  0.7110  15.02490150
  0.7120  15.08424718
  0.7130  15.13651390
  0.7140  15.18177969
  0.7150  15.22012597
  0.7160  15.25163754
  0.7170  15.27640238
  0.7180  15.29451161
  0.7190  15.30605937
  0.7200  15.31114269
  0.7210  15.30986140
  0.7220  15.30231805
  0.7230  15.28861776
  0.7240  15.26886813
  0.7250  15.24317913
  0.7260  15.21166300
  0.7270  15.17443415
  0.7280  15.13160902
  0.7290  15.08330599
  0.7300  15.02964531
  0.7310  14.97074892
  0.7320  14.90674041
  0.7330  14.83774488
  0.7340  14.76388884
  0.7350  14.68530011
  0.7360  14.60210772
  0.7370  14.51444178
  0.7380  14.42243343
  0.7390  14.32621468
  0.7400  14.22591836
  0.7410  14.12167799
  0.7420  14.01362766
  0.7430  13.90190202
  0.7440  13.78663606
  0.7450  13.66796514
  0.7460  13.54602480
  0.7470  13.42095071
  0.7480  13.29287858
  0.7490  13.16194406
  0.7500  13.02828265
  0.7510  12.89202965
  0.7520  12.75331999
  0.7530  12.61228824
  0.7540  12.46906848
  0.7550  12.32379422
  0.7560  12.17659834
  0.7570  12.02761298
  0.7580  11.87696951
  0.7590  11.72479842
  0.7600  11.57122926
  0.7610  11.41639058
  0.7620  11.26040984
  0.7630  11.10341338
  0.7640  10.94552630
  0.7650  10.78687245
  0.7660  10.62757434
  0.7670  10.46775310
  0.7680  10.30752840
  0.7690  10.14701842
  0.7700  9.98633978
  0.7710  9.82560748
  0.7720  9.66493489
  0.7730  9.50443367
  0.7740  9.34421372
  0.7750  9.18438317
  0.7760  9.02504830
  0.7770  8.86631354
  0.7780  8.70828139
  0.7790  8.55105244
  0.7800  8.39472526
  0.7810  8.23939646
  0.7820  8.08516058
  0.7830  7.93211011
  0.7840  7.78033546
  0.7850  7.62992491
  0.7860  7.48096463
  0.7870  7.33353861
  0.7880  7.18772869
  0.7890  7.04361452
  0.7900  6.90127353
  0.7910  6.76078096
  0.7920  6.62220981
  0.7930  6.48563084
  0.7940  6.35111257
  0.7950  6.21872129
  0.7960  6.08852098
  0.7970  5.96057341
  0.7980  5.83493805
  0.7990  5.71167212
  0.8000  5.59083054
  0.8010  5.47246597
  0.8020  5.35662881
  0.8030  5.24336713
  0.8040  5.13272677
  0.8050  5.02475124
  0.8060  4.91948179
  0.8070  4.81695735
  0.8080  4.71721457
  0.8090  4.62028778
  0.8100  4.52620900
  0.8110  4.43500792
  0.8120  4.34671188
  0.8130  4.26134589
  0.8140  4.17893256
  0.8150  4.09949214
  0.8160  4.02304246
  0.8170  3.94959892
  0.8180  3.87917447
  0.8190  3.81177959
  0.8200  3.74742227
  0.8210  3.68610795
  0.8220  3.62783955
  0.8230  3.57261743
  0.8240  3.52043935
  0.8250  3.47130050
  0.8260  3.42519344
  0.8270  3.38210816
  0.8280  3.34203203
  0.8290  3.30494982
  0.8300  3.27084378
  0.8310  3.23969359
  0.8320  3.21147644
  0.8330  3.18616711
  0.8340  3.16373796
  0.8350  3.14415908
  0.8360  3.12739830
  0.8370  3.11342134
  0.8380  3.10219187
  0.8390  3.09367161
  0.8400  3.08782049
  0.8410  3.08459668
  0.8420  3.08395679
  0.8430  3.08585590
  0.8440  3.09024776
  0.8450  3.09708482
  0.8460  3.10631841
  0.8470  3.11789878
  0.8480  3.13177522
  0.8490  3.14789618
  0.8500  3.16620930
  0.8510  3.18666150
  0.8520  3.20919908
  0.8530  3.23376774
  0.8540  3.26031266
  0.8550  3.28877853
  0.8560  3.31910958
  0.8570  3.35124966
  0.8580  3.38514221
  0.8590  3.42073035
  0.8600  3.45795683
  0.8610  3.49676413
  0.8620  3.53709441
  0.8630  3.57888956
  0.8640  3.62209122
  0.8650  3.66664078
  0.8660  3.71247939
  0.8670  3.75954802
  0.8680  3.80778740
  0.8690  3.85713812
  0.8700  3.90754060
  0.8710  3.95893511
  0.8720  4.01126181
  0.8730  4.06446077
  0.8740  4.11847199
  0.8750  4.17323542
  0.8760  4.22869100
  0.8770  4.28477868
  0.8780  4.34143845
  0.8790  4.39861038
  0.8800  4.45623464
  0.8810  4.51425153
  0.8820  4.57260153
  0.8830  4.63122533
  0.8840  4.69006386
  0.8850  4.74905830
  0.8860  4.80815019
  0.8870  4.86728137
  0.8880  4.92639410
  0.8890  4.98543103
  0.8900  5.04433529
  0.8910  5.10305048
  0.8920  5.16152076
  0.8930  5.21969081
  0.8940  5.27750595
  0.8950  5.33491212
  0.8960  5.39185590
  0.8970  5.44828461
  0.8980  5.50414629
  0.8990  5.55938975
  0.9000  5.61396459
  0.9010  5.66782124
  0.9020  5.72091102
  0.9030  5.77318609
  0.9040  5.82459958
  0.9050  5.87510554
  0.9060  5.92465899
  0.9070  5.97321598
  0.9080  6.02073355
  0.9090  6.06716982
  0.9100  6.11248398
  0.9110  6.15663630
  0.9120  6.19958819
  0.9130  6.24130218
  0.9140  6.28174197
  0.9150  6.32087245
  0.9160  6.35865967
  0.9170  6.39507094
  0.9180  6.43007474
  0.9190  6.46364085
  0.9200  6.49574026
  0.9210  6.52634525
  0.9220  6.55542938
  0.9230  6.58296749
  0.9240  6.60893571
  0.9250  6.63331151
  0.9260  6.65607363
  0.9270  6.67720216
  0.9280  6.69667851
  0.9290  6.71448541
  0.9300  6.73060692
  0.9310  6.74502844
  0.9320  6.75773671
  0.9330  6.76871979
  0.9340  6.77796708
  0.9350  6.78546931
  0.9360  6.79121854
  0.9370  6.79520815
  0.9380  6.79743283
  0.9390  6.79788859
  0.9400  6.79657276
  0.9410  6.79348393
  0.9420  6.78862201
  0.9430  6.78198818
  0.9440  6.77358487
  0.9450  6.76341580
  0.9460  6.75148590
  0.9470  6.73780135
  0.9480  6.72236953
  0.9490  6.70519903
  0.9500  6.68629964
  0.9510  6.66568230
  0.9520  6.64335910
  0.9530  6.61934328
  0.9540  6.59364918
  0.9550  6.56629224
  0.9560  6.53728899
  0.9570  6.50665700
  0.9580  6.47441488
  0.9590  6.44058225
  0.9600  6.40517972
  0.9610  6.36822889
  0.9620  6.32975227
  0.9630  6.28977333
  0.9640  6.24831639
  0.9650  6.20540669
  0.9660  6.16107029
  0.9670  6.11533407
  0.9680  6.06822573
  0.9690  6.01977372
  0.9700  5.97000724
  0.9710  5.91895620
  0.9720  5.86665123
  0.9730  5.81312359
  0.9740  5.75840518
  0.9750  5.70252854
  0.9760  5.64552677
  0.9770  5.58743351
  0.9780  5.52828295
  0.9790  5.46810977
  0.9800  5.40694913
  0.9810  5.34483663
  0.9820  5.28180827
  0.9830  5.21790046
  0.9840  5.15314996
  0.9850  5.08759386
  0.9860  5.02126957
  0.9870  4.95421477
  0.9880  4.88646739
  0.9890  4.81806559
  0.9900  4.74904773
  0.9910  4.67945233
  0.9920  4.60931808
  0.9930  4.53868377
  0.9940  4.46758830
  0.9950  4.39607064
  0.9960  4.32416979
  0.9970  4.25192479
  0.9980  4.17937468
  0.9990  4.10655847
