  0.0000  60.78414753
  0.0010  60.75512433
  0.0020  60.66806717
  0.0030  60.52301336
  0.0040  60.32002508
  0.0050  60.05918933
  0.0060  59.74061791
  0.0070  59.36444737
  0.0080  58.93083897
  0.0090  58.43997860
  0.0100  57.89207668
  0.0110  57.28736814
  0.0120  56.62611225
  0.0130  55.90859259
  0.0140  55.13511685
  0.0150  54.30601679
  0.0160  53.42164807
  0.0170  52.48239009
  0.0180  51.48864587
  0.0190  50.44084189
  0.0200  49.33942790
  0.0210  48.18487676
  0.0220  46.97768427
  0.0230  45.71836898
  0.0240  44.40747199
  0.0250  43.04555674
  0.0260  41.63320889
  0.0270  40.17103603
  0.0280  38.65966758
  0.0290  37.09975458
  0.0300  35.49196955
  0.0310  33.83700639
  0.0320  32.13558035
  0.0330  30.38842799
  0.0340  28.59630746
  0.0350  26.75999883
  0.0360  24.88030485
  0.0370  22.95805233
  0.0380  20.99409452
  0.0390  18.98931537
  0.0400  16.94463743
  0.0410  14.86103708
  0.0420  12.73957627
  0.0430  10.58147531
  0.0440  8.38830467
  0.0450  6.16260450
  0.0460  3.91068942
  0.0470  1.66875846
  0.0480  0.95610610
  0.0490  3.18312109
  0.0500  5.55668284
  0.0510  7.97315360
  0.0520  10.42230205
  0.0530  12.90074775
  0.0540  15.40656363
  0.0550  17.93827942
  0.0560  20.49460148
  0.0570  23.07431282
  0.0580  25.67623145
  0.0590  28.29919097
  0.0600  30.94203089
  0.0610  33.60359145
  0.0620  36.28271093
  0.0630  38.97822410
  0.0640  41.68896150
  0.0650  44.41374913
  0.0660  47.15140839
  0.0670  49.90075621
  0.0680  52.66060533
  0.0690  55.42976459
  0.0700  58.20703933
  0.0710  60.99123183
  0.0720  63.78114172
  0.0730  66.57556645
  0.0740  69.37330184
  0.0750  72.17314247
  0.0760  74.97388229
  0.0770  77.77431505
  0.0780  80.57323488
  0.0790  83.36943674
  0.0800  86.16171702
  0.0810  88.94887402
  0.0820  91.72970847
  0.0830  94.50302410
  0.0840  97.26762812
  0.0850  100.02233178
  0.0860  102.76595088
  0.0870  105.49730630
  0.0880  108.21522453
  0.0890  110.91853817
  0.0900  113.60608650
  0.0910  116.27671594
  0.0920  118.92928060
  0.0930  121.56264276
  0.0940  124.17567343
  0.0950  126.76725280
  0.0960  129.33627079
  0.0970  131.88162749
  0.0980  134.40223371
  0.0990  136.89701143
  0.1000  139.36489429
  0.1010  141.80482807
  0.1020  144.21577116
  0.1030  146.59669503
  0.1040  148.94658468
  0.1050  151.26443910
  0.1060  153.54927170
  0.1070  155.80011079
  0.1080  158.01599996
  0.1090  160.19599853
  0.1100  162.33918199
  0.1110  164.44464236
  0.1120  166.51148864
  0.1130  168.53884716
  0.1140  170.52586199
  0.1150  172.47169534
  0.1160  174.37552786
  0.1170  176.23655905
  0.1180  178.05400761
  0.1190  179.82711175
  0.1200  181.55512953
  0.1210  183.23733921
  0.1220  184.87303950
  0.1230  186.46154992
  0.1240  188.00221105
  0.1250  189.49438482
  0.1260  190.93745480
  0.1270  192.33082640
  0.1280  193.67392718
  0.1290  194.96620705
  0.1300  196.20713850
  0.1310  197.39621683
  0.1320  198.53296029
  0.1330  199.61691037
  0.1340  200.64763188
  0.1350  201.62471318
  0.1360  202.54776631
  0.1370  203.41642712
  0.1380  204.23035543
  0.1390  204.98923513
  0.1400  205.69277428
  0.1410  206.34070522
  0.1420  206.93278465
  0.1430  207.46879367
  0.1440  207.94853789
  0.1450  208.37184743
  0.1460  208.73857698
  0.1470  209.04860579
  0.1480  209.30183771
  0.1490  209.49820118
  0.1500  209.63764918
  0.1510  209.72015927
  0.1520  209.74573347
  0.1530  209.71439825
  0.1540  209.62620448
  0.1550  209.48122731
  0.1560  209.27956612
  0.1570  209.02134439
  0.1580  208.70670960
  0.1590  208.33583312
  0.1600  207.90891004
  0.1610  207.42615907
  0.1620  206.88782231
  0.1630  206.29416517
  0.1640  205.64547611
  0.1650  204.94206650
  0.1660  204.18427038
  0.1670  203.37244428
  0.1680  202.50696695
  0.1690  201.58823920
  0.1700  200.61668357
  0.1710  199.59274412
  0.1720  198.51688616
  0.1730  197.38959600
  0.1740  196.21138059
  0.1750  194.98276731
  0.1760  193.70430364
  0.1770  192.37655680
  0.1780  191.00011351
  0.1790  189.57557959
  0.1800  188.10357969
  0.1810  186.58475687
  0.1820  185.01977230
  0.1830  183.40930489
  0.1840  181.75405090
  0.1850  180.05472360
  0.1860  178.31205284
  0.1870  176.52678471
  0.1880  174.69968111
  0.1890  172.83151935
  0.1900  170.92309176
  0.1910  168.97520528
  0.1920  166.98868102
  0.1930  164.96435382
  0.1940  162.90307188
  0.1950  160.80569627
  0.1960  158.67310051
  0.1970  156.50617015
  0.1980  154.30580228
  0.1990  152.07290512
  0.2000  149.80839753
  0.2010  147.51320859
  0.2020  145.18827713
  0.2030  142.83455123
  0.2040  140.45298781
  0.2050  138.04455215
  0.2060  135.61021739
  0.2070  133.15096410
  0.2080  130.66777979
  0.2090  128.16165843
  0.2100  125.63360000
  0.2110  123.08461000
  0.2120  120.51569900
  0.2130  117.92788211
  0.2140  115.32217860
  0.2150  112.69961133
  0.2160  110.06120635
  0.2170  107.40799240
  0.2180  104.74100044
  0.2190  102.06126320
  0.2200  99.36981471
  0.2210  96.66768982
  0.2220  93.95592376
  0.2230  91.23555169
  0.2240  88.50760822
  0.2250  85.77312700
  0.2260  83.03314024
  0.2270  80.28867829
  0.2280  77.54076918
  0.2290  74.79043826
  0.2300  72.03870768
  0.2310  69.28659606
  0.2320  66.53511805
  0.2330  63.78528394
  0.2340  61.03809928
  0.2350  58.29456455
  0.2360  55.55567474
  0.2370  52.82241913
  0.2380  50.09578092
  0.2390  47.37673705
  0.2400  44.66625797
  0.2410  41.96530759
  0.2420  39.27484326
  0.2430  36.59581596
  0.2440  33.92917078
  0.2450  31.27584776
  0.2460  28.63678338
  0.2470  26.01291318
  0.2480  23.40517620
  0.2490  20.81452300
  0.2500  18.24193038
  0.2510  15.68843045
  0.2520  13.15517271
  0.2530  10.64357229
  0.2540  8.15572443
  0.2550  5.69587608
  0.2560  3.27835094
  0.2570  1.04755751
  0.2580  1.77431338
  0.2590  4.06749736
  0.2600  6.39690119
  0.2610  8.71204164
  0.2620  11.00442645
  0.2630  13.27102106
  0.2640  15.51019722
  0.2650  17.72083052
  0.2660  19.90201971
  0.2670  22.05297968
  0.2680  24.17299457
  0.2690  26.26139504
  0.2700  28.31754632
  0.2710  30.34084160
  0.2720  32.33069814
  0.2730  34.28655499
  0.2740  36.20787150
  0.2750  38.09412642
  0.2760  39.94481731
  0.2770  41.75946018
  0.2780  43.53758923
  0.2790  45.27875671
  0.2800  46.98253282
  0.2810  48.64850567
  0.2820  50.27628124
  0.2830  51.86548339
  0.2840  53.41575382
  0.2850  54.92675215
  0.2860  56.39815586
  0.2870  57.82966033
  0.2880  59.22097884
  0.2890  60.57184258
  0.2900  61.88200066
  0.2910  63.15122009
  0.2920  64.37928576
  0.2930  65.56600046
  0.2940  66.71118484
  0.2950  67.81467737
  0.2960  68.87633435
  0.2970  69.89602982
  0.2980  70.87365552
  0.2990  71.80912090
  0.3000  72.70235295
  0.3010  73.55329626
  0.3020  74.36191284
  0.3030  75.12818210
  0.3040  75.85210074
  0.3050  76.53368268
  0.3060  77.17295893
  0.3070  77.76997752
  0.3080  78.32480334
  0.3090  78.83751808
  0.3100  79.30822005
  0.3110  79.73702410
  0.3120  80.12406142
  0.3130  80.46947947
  0.3140  80.77344177
  0.3150  81.03612778
  0.3160  81.25773273
  0.3170  81.43846745
  0.3180  81.57855819
  0.3190  81.67824646
  0.3200  81.73778883
  0.3210  81.75745676
  0.3220  81.73753638
  0.3230  81.67832833
  0.3240  81.58014749
  0.3250  81.44332286
  0.3260  81.26819726
  0.3270  81.05512717
  0.3280  80.80448247
  0.3290  80.51664623
  0.3300  80.19201449
  0.3310  79.83099599
  0.3320  79.43401195
  0.3330  79.00149582
  0.3340  78.53389304
  0.3350  78.03166075
  0.3360  77.49526759
  0.3370  76.92519341
  0.3380  76.32192898
  0.3390  75.68597577
  0.3400  75.01784564
  0.3410  74.31806061
  0.3420  73.58715254
  0.3430  72.82566284
  0.3440  72.03414226
  0.3450  71.21315052
  0.3460  70.36325608
  0.3470  69.48503582
  0.3480  68.57907474
  0.3490  67.64596572
  0.3500  66.68630915
  0.3510  65.70071268
  0.3520  64.68979089
  0.3530  63.65416502
  0.3540  62.59446264
  0.3550  61.51131735
  0.3560  60.40536849
  0.3570  59.27726082
  0.3580  58.12764420
  0.3590  56.95717332
  0.3600  55.76650735
  0.3610  54.55630966
  0.3620  53.32724750
  0.3630  52.07999169
  0.3640  50.81521631
  0.3650  49.53359843
  0.3660  48.23581774
  0.3670  46.92255629
  0.3680  45.59449820
  0.3690  44.25232931
  0.3700  42.89673693
  0.3710  41.52840954
  0.3720  40.14803648
  0.3730  38.75630770
  0.3740  37.35391346
  0.3750  35.94154408
  0.3760  34.51988969
  0.3770  33.08964000
  0.3780  31.65148406
  0.3790  30.20611011
  0.3800  28.75420540
  0.3810  27.29645608
  0.3820  25.83354721
  0.3830  24.36616279
  0.3840  22.89498595
  0.3850  21.42069938
  0.3860  19.94398604
  0.3870  18.46553035
  0.3880  16.98602012
  0.3890  15.50614983
  0.3900  14.02662602
  0.3910  12.54817670
  0.3920  11.07156844
  0.3930  9.59763924
  0.3940  8.12736699
  0.3950  6.66202760
  0.3960  5.20361669
  0.3970  3.75623788
  0.3980  2.33255583
  0.3990  1.01405585
  0.4000  0.90622956
  0.4010  2.18231985
  0.4020  3.57611451
  0.4030  4.98294677
  0.4040  6.38829338
  0.4050  7.78772669
  0.4060  9.17920797
  0.4070  10.56150429
  0.4080  11.93372001
  0.4090  13.29512388
  0.4100  14.64507513
  0.4110  15.98298819
  0.4120  17.30831446
  0.4130  18.62053225
  0.4140  19.91914095
  0.4150  21.20365753
  0.4160  22.47361437
  0.4170  23.72855782
  0.4180  24.96804737
  0.4190  26.19165500
  0.4200  27.39896487
  0.4210  28.58957302
  0.4220  29.76308722
  0.4230  30.91912691
  0.4240  32.05732314
  0.4250  33.17731851
  0.4260  34.27876724
  0.4270  35.36133511
  0.4280  36.42469956
  0.4290  37.46854962
  0.4300  38.49258605
  0.4310  39.49652126
  0.4320  40.48007942
  0.4330  41.44299645
  0.4340  42.38502007
  0.4350  43.30590976
  0.4360  44.20543685
  0.4370  45.08338449
  0.4380  45.93954766
  0.4390  46.77373319
  0.4400  47.58575974
  0.4410  48.37545780
  0.4420  49.14266966
  0.4430  49.88724943
  0.4440  50.60906298
  0.4450  51.30798791
  0.4460  51.98391355
  0.4470  52.63674088
  0.4480  53.26638252
  0.4490  53.87276262
  0.4500  54.45581690
  0.4510  55.01549249
  0.4520  55.55174791
  0.4530  56.06455300
  0.4540  56.55388884
  0.4550  57.01974766
  0.4560  57.46213273
  0.4570  57.88105833
  0.4580  58.27654958
  0.4590  58.64864240
  0.4600  58.99738335
  0.4610  59.32282955
  0.4620  59.62504858
  0.4630  59.90411829
  0.4640  60.16012678
  0.4650  60.39317215
  0.4660  60.60336248
  0.4670  60.79081561
  0.4680  60.95565905
  0.4690  61.09802980
  0.4700  61.21807422
  0.4710  61.31594788
  0.4720  61.39181538
  0.4730  61.44585024
  0.4740  61.47823468
  0.4750  61.48915948
  0.4760  61.47882382
  0.4770  61.44743510
  0.4780  61.39520876
  0.4790  61.32236810
  0.4800  61.22914413
  0.4810  61.11577535
  0.4820  60.98250757
  0.4830  60.82959376
  0.4840  60.65729382
  0.4850  60.46587440
  0.4860  60.25560873
  0.4870  60.02677638
  0.4880  59.77966312
  0.4890  59.51456069
  0.4900  59.23176658
  0.4910  58.93158389
  0.4920  58.61432107
  0.4930  58.28029176
  0.4940  57.92981455
  0.4950  57.56321282
  0.4960  57.18081450
  0.4970  56.78295188
  0.4980  56.36996139
  0.4990  55.94218343
  0.5000  55.49996211
  0.5010  55.04364512
  0.5020  54.57358343
  0.5030  54.09013117
  0.5040  53.59364538
  0.5050  53.08448581
  0.5060  52.56301472
  0.5070  52.02959669
  0.5080  51.48459839
  0.5090  50.92838840
  0.5100  50.36133698
  0.5110  49.78381593
  0.5120  49.19619831
  0.5130  48.59885831
  0.5140  47.99217102
  0.5150  47.37651223
  0.5160  46.75225826
  0.5170  46.11978575
  0.5180  45.47947148
  0.5190  44.83169216
  0.5200  44.17682428
  0.5210  43.51524388
  0.5220  42.84732641
  0.5230  42.17344651
  0.5240  41.49397787
  0.5250  40.80929300
  0.5260  40.11976313
  0.5270  39.42575796
  0.5280  38.72764554
  0.5290  38.02579208
  0.5300  37.32056179
  0.5310  36.61231674
  0.5320  35.90141665
  0.5330  35.18821879
  0.5340  34.47307777
  0.5350  33.75634544
  0.5360  33.03837070
  0.5370  32.31949939
  0.5380  31.60007410
  0.5390  30.88043408
  0.5400  30.16091509
  0.5410  29.44184922
  0.5420  28.72356482
  0.5430  28.00638636
  0.5440  27.29063427
  0.5450  26.57662485
  0.5460  25.86467015
  0.5470  25.15507785
  0.5480  24.44815113
  0.5490  23.74418861
  0.5500  23.04348419
  0.5510  22.34632699
  0.5520  21.65300123
  0.5530  20.96378615
  0.5540  20.27895590
  0.5550  19.59877949
  0.5560  18.92352067
  0.5570  18.25343785
  0.5580  17.58878408
  0.5590  16.92980690
  0.5600  16.27674835
  0.5610  15.62984483
  0.5620  14.98932714
  0.5630  14.35542033
  0.5640  13.72834372
  0.5650  13.10831084
  0.5660  12.49552939
  0.5670  11.89020123
  0.5680  11.29252236
  0.5690  10.70268291
  0.5700  10.12086717
  0.5710  9.54725362
  0.5720  8.98201494
  0.5730  8.42531815
  0.5740  7.87732474
  0.5750  7.33819080
  0.5760  6.80806736
  0.5770  6.28710078
  0.5780  5.77543334
  0.5790  5.27320415
  0.5800  4.78055060
  0.5810  4.29761061
  0.5820  3.82452639
  0.5830  3.36145105
  0.5840  2.90856075
  0.5850  2.46607886
  0.5860  2.03432856
  0.5870  1.61386211
  0.5880  1.20583788
  0.5890  0.81343968
  0.5900  0.45011126
  0.5910  0.22887649
  0.5920  0.43257680
  0.5930  0.76382435
  0.5940  1.10384329
  0.5950  1.43875191
  0.5960  1.76533550
  0.5970  2.08247101
  0.5980  2.38966614
  0.5990  2.68667368
  0.6000  2.97335975
  0.6010  3.24965031
  0.6020  3.51550668
  0.6030  3.77091307
  0.6040  4.01586997
  0.6050  4.25039019
  0.6060  4.47449653
  0.6070  4.68822031
  0.6080  4.89160029
  0.6090  5.08468205
  0.6100  5.26751746
  0.6110  5.44016427
  0.6120  5.60268590
  0.6130  5.75515111
  0.6140  5.89763385
  0.6150  6.03021310
  0.6160  6.15297269
  0.6170  6.26600117
  0.6180  6.36939167
  0.6190  6.46324181
  0.6200  6.54765352
  0.6210  6.62273301
  0.6220  6.68859059
  0.6230  6.74534058
  0.6240  6.79310122
  0.6250  6.83199453
  0.6260  6.86214625
  0.6270  6.88368567
  0.6280  6.89674560
  0.6290  6.90146219
  0.6300  6.89797488
  0.6310  6.88642629
  0.6320  6.86696208
  0.6330  6.83973090
  0.6340  6.80488425
  0.6350  6.76257640
  0.6360  6.71296428
  0.6370  6.65620742
  0.6380  6.59246779
  0.6390  6.52190980
  0.6400  6.44470013
  0.6410  6.36100771
  0.6420  6.27100362
  0.6430  6.17486102
  0.6440  6.07275509
  0.6450  5.96486302
  0.6460  5.85136390
  0.6470  5.73243877
  0.6480  5.60827056
  0.6490  5.47904414
  0.6500  5.34494636
  0.6510  5.20616612
  0.6520  5.06289450
  0.6530  4.91532491
  0.6540  4.76365338
  0.6550  4.60807882
  0.6560  4.44880354
  0.6570  4.28603374
  0.6580  4.11998035
  0.6590  3.95086004
  0.6600  3.77889654
  0.6610  3.60432252
  0.6620  3.42738199
  0.6630  3.24833369
  0.6640  3.06745565
  0.6650  2.88505163
  0.6660  2.70146023
  0.6670  2.51706799
  0.6680  2.33232864
  0.6690  2.14779201
  0.6700  1.96414831
  0.6710  1.78229752
  0.6720  1.60346077
  0.6730  1.42936229
  0.6740  1.26252921
  0.6750  1.10677712
  0.6760  0.96793432
  0.6770  0.85465428
  0.6780  0.77841916
  0.6790  0.75067729
  0.6800  0.77655195
  0.6810  0.85093858
  0.6820  0.96232757
  0.6830  1.09913453
  0.6840  1.25262249
  0.6850  1.41691546
  0.6860  1.58817996
  0.6870  1.76389158
  0.6880  1.94234283
  0.6890  2.12233925
  0.6900  2.30301513
  0.6910  2.48372074
  0.6920  2.66395209
  0.6930  2.84330615
  0.6940  3.02145159
  0.6950  3.19810931
  0.6960  3.37303912
  0.6970  3.54603053
  0.6980  3.71689619
  0.6990  3.88546717
  0.7000  4.05158954
  0.7010  4.21512180
  0.7020  4.37593300
  0.7030  4.53390121
  0.7040  4.68891249
  0.7050  4.84085994
  0.7060  4.98964307
  0.7070  5.13516725
  0.7080  5.27734324
  0.7090  5.41608689
  0.7100  5.55131884
  0.7110  5.68296424
  0.7120  5.81095264
  0.7130  5.93521776
  0.7140  6.05569736
  0.7150  6.17233314
  0.7160  6.28507065
  0.7170  6.39385915
  0.7180  6.49865155
  0.7190  6.59940438
  0.7200  6.69607764
  0.7210  6.78863482
  0.7220  6.87704279
  0.7230  6.96127176
  0.7240  7.04129523
  0.7250  7.11708993
  0.7260  7.18863580
  0.7270  7.25591589
  0.7280  7.31891637
  0.7290  7.37762643
  0.7300  7.43203827
  0.7310  7.48214703
  0.7320  7.52795076
  0.7330  7.56945037
  0.7340  7.60664955
  0.7350  7.63955478
  0.7360  7.66817522
  0.7370  7.69252271
  0.7380  7.71261170
  0.7390  7.72845918
  0.7400  7.74008467
  0.7410  7.74751014
  0.7420  7.75075997
  0.7430  7.74986089
  0.7440  7.74484194
  0.7450  7.73573441
  0.7460  7.72257178
  0.7470  7.70538968
  0.7480  7.68422584
  0.7490  7.65912002
  0.7500  7.63011395
  0.7510  7.59725132
  0.7520  7.56057768
  0.7530  7.52014039
  0.7540  7.47598861
  0.7550  7.42817319
  0.7560  7.37674664
  0.7570  7.32176310
  0.7580  7.26327824
  0.7590  7.20134924
  0.7600  7.13603473
  0.7610  7.06739474
  0.7620  6.99549061
  0.7630  6.92038502
  0.7640  6.84214185
  0.7650  6.76082618
  0.7660  6.67650423
  0.7670  6.58924330
  0.7680  6.49911173
  0.7690  6.40617886
  0.7700  6.31051494
  0.7710  6.21219113
  0.7720  6.11127944
  0.7730  6.00785267
  0.7740  5.90198437
  0.7750  5.79374880
  0.7760  5.68322088
  0.7770  5.57047615
  0.7780  5.45559073
  0.7790  5.33864128
  0.7800  5.21970494
  0.7810  5.09885933
  0.7820  4.97618247
  0.7830  4.85175276
  0.7840  4.72564897
  0.7850  4.59795016
  0.7860  4.46873566
  0.7870  4.33808509
  0.7880  4.20607825
  0.7890  4.07279515
  0.7900  3.93831600
  0.7910  3.80272112
  0.7920  3.66609101
  0.7930  3.52850628
  0.7940  3.39004768
  0.7950  3.25079609
  0.7960  3.11083257
  0.7970  2.97023834
  0.7980  2.82909488
  0.7990  2.68748401
  0.8000  2.54548796
  0.8010  2.40318962
  0.8020  2.26067272
  0.8030  2.11802221
  0.8040  1.97532480
  0.8050  1.83266972
  0.8060  1.69014989
  0.8070  1.54786374
  0.8080  1.40591813
  0.8090  1.26443319
  0.8100  1.12355066
  0.8110  0.98344933
  0.8120  0.84437516
  0.8130  0.70670562
  0.8140  0.57110282
  0.8150  0.43893372
  0.8160  0.31366446
  0.8170  0.20661683
  0.8180  0.15770053
  0.8190  0.21010169
  0.8200  0.31569345
  0.8210  0.43647958
  0.8220  0.56189104
  0.8230  0.68865490
  0.8240  0.81546939
  0.8250  0.94170294
  0.8260  1.06699777
  0.8270  1.19112419
  0.8280  1.31391898
  0.8290  1.43525636
  0.8300  1.55503309
  0.8310  1.67316038
  0.8320  1.78955918
  0.8330  1.90415730
  0.8340  2.01688768
  0.8350  2.12768720
  0.8360  2.23649594
  0.8370  2.34325665
  0.8380  2.44791437
  0.8390  2.55041624
  0.8400  2.65071123
  0.8410  2.74875010
  0.8420  2.84448527
  0.8430  2.93787074
  0.8440  3.02886209
  0.8450  3.11741641
  0.8460  3.20349227
  0.8470  3.28704978
  0.8480  3.36805048
  0.8490  3.44645742
  0.8500  3.52223512
  0.8510  3.59534959
  0.8520  3.66576832
  0.8530  3.73346030
  0.8540  3.79839603
  0.8550  3.86054752
  0.8560  3.91988830
  0.8570  3.97639343
  0.8580  4.03003952
  0.8590  4.08080473
  0.8600  4.12866877
  0.8610  4.17361295
  0.8620  4.21562013
  0.8630  4.25467476
  0.8640  4.29076292
  0.8650  4.32387226
  0.8660  4.35399207
  0.8670  4.38111323
  0.8680  4.40522826
  0.8690  4.42633133
  0.8700  4.44441821
  0.8710  4.45948634
  0.8720  4.47153479
  0.8730  4.48056426
  0.8740  4.48657713
  0.8750  4.48957739
  0.8760  4.48957071
  0.8770  4.48656438
  0.8780  4.48056734
  0.8790  4.47159019
  0.8800  4.45964514
  0.8810  4.44474604
  0.8820  4.42690838
  0.8830  4.40614925
  0.8840  4.38248736
  0.8850  4.35594302
  0.8860  4.32653815
  0.8870  4.29429623
  0.8880  4.25924232
  0.8890  4.22140304
  0.8900  4.18080656
  0.8910  4.13748259
  0.8920  4.09146233
  0.8930  4.04277851
  0.8940  3.99146533
  0.8950  3.93755846
  0.8960  3.88109503
  0.8970  3.82211359
  0.8980  3.76065412
  0.8990  3.69675799
  0.9000  3.63046794
  0.9010  3.56182808
  0.9020  3.49088385
  0.9030  3.41768202
  0.9040  3.34227067
  0.9050  3.26469917
  0.9060  3.18501818
  0.9070  3.10327960
  0.9080  3.01953663
  0.9090  2.93384370
  0.9100  2.84625655
  0.9110  2.75683216
  0.9120  2.66562884
  0.9130  2.57270624
  0.9140  2.47812543
  0.9150  2.38194896
  0.9160  2.28424100
  0.9170  2.18506750
  0.9180  2.08449643
  0.9190  1.98259808
  0.9200  1.87944555
  0.9210  1.77511538
  0.9220  1.66968843
  0.9230  1.56325121
  0.9240  1.45589784
  0.9250  1.34773296
  0.9260  1.23887622
  0.9270  1.12946952
  0.9280  1.01968894
  0.9290  0.90976529
  0.9300  0.80002151
  0.9310  0.69094482
  0.9320  0.58333608
  0.9330  0.47864586
  0.9340  0.37979858
  0.9350  0.29331911
  0.9360  0.23394202
  0.9370  0.22477611
  0.9380  0.27122079
  0.9390  0.35201666
  0.9400  0.44900593
  0.9410  0.55370499
  0.9420  0.66239052
  0.9430  0.77327861
  0.9440  0.88541738
  0.9450  0.99824583
  0.9460  1.11140301
  0.9470  1.22463808
  0.9480  1.33776473
  0.9490  1.45063647
  0.9500  1.56313254
  0.9510  1.67514951
  0.9520  1.78659607
  0.9530  1.89738968
  0.9540  2.00745433
  0.9550  2.11671910
  0.9560  2.22511711
  0.9570  2.33258480
  0.9580  2.43906142
  0.9590  2.54448865
  0.9600  2.64881038
  0.9610  2.75197244
  0.9620  2.85392251
  0.9630  2.95461000
  0.9640  3.05398596
  0.9650  3.15200306
  0.9660  3.24861550
  0.9670  3.34377900
  0.9680  3.43745082
  0.9690  3.52958967
  0.9700  3.62015578
  0.9710  3.70911081
  0.9720  3.79641795
  0.9730  3.88204184
  0.9740  3.96594859
  0.9750  4.04810580
  0.9760  4.12848257
  0.9770  4.20704947
  0.9780  4.28377855
  0.9790  4.35864337
  0.9800  4.43161899
  0.9810  4.50268194
  0.9820  4.57181026
  0.9830  4.63898351
  0.9840  4.70418270
  0.9850  4.76739038
  0.9860  4.82859056
  0.9870  4.88776874
  0.9880  4.94491193
  0.9890  5.00000858
  0.9900  5.05304862
  0.9910  5.10402346
  0.9920  5.15292594
  0.9930  5.19975033
  0.9940  5.24449236
  0.9950  5.28714915
  0.9960  5.32771922
  0.9970  5.36620248
  0.9980  5.40260022
  0.9990  5.43691506
