  0.0000  39.80265663
  0.0010  39.76308233
  0.0020  39.64438262
  0.0030  39.44662702
  0.0040  39.16993137
  0.0050  38.81445773
  0.0060  38.38041427
  0.0070  37.86805518
  0.0080  37.27768044
  0.0090  36.60963569
  0.0100  35.86431198
  0.0110  35.04214550
  0.0120  34.14361734
  0.0130  33.16925316
  0.0140  32.11962286
  0.0150  30.99534019
  0.0160  29.79706242
  0.0170  28.52548986
  0.0180  27.18136546
  0.0190  25.76547433
  0.0200  24.27864327
  0.0210  22.72174026
  0.0220  21.09567394
  0.0230  19.40139313
  0.0240  17.63988635
  0.0250  15.81218140
  0.0260  13.91934520
  0.0270  11.96248400
  0.0280  9.94274489
  0.0290  7.86132088
  0.0300  5.71946983
  0.0310  3.51860928
  0.0320  1.26145959
  0.0330  1.06195523
  0.0340  3.43052559
  0.0350  5.85532978
  0.0360  8.33299760
  0.0370  10.86189485
  0.0380  13.44050612
  0.0390  16.06732166
  0.0400  18.74081592
  0.0410  21.45944211
  0.0420  24.22163076
  0.0430  27.02578969
  0.0440  29.87030454
  0.0450  32.75353950
  0.0460  35.67383819
  0.0470  38.62952461
  0.0480  41.61890410
  0.0490  44.64026437
  0.0500  47.69187653
  0.0510  50.77199612
  0.0520  53.87886417
  0.0530  57.01070829
  0.0540  60.16574369
  0.0550  63.34217430
  0.0560  66.53819385
  0.0570  69.75198693
  0.0580  72.98173013
  0.0590  76.22559308
  0.0600  79.48173957
  0.0610  82.74832865
  0.0620  86.02351572
  0.0630  89.30545361
  0.0640  92.59229371
  0.0650  95.88218702
  0.0660  99.17328526
  0.0670  102.46374195
  0.0680  105.75171349
  0.0690  109.03536023
  0.0700  112.31284756
  0.0710  115.58234693
  0.0720  118.84203696
  0.0730  122.09010444
  0.0740  125.32474540
  0.0750  128.54416614
  0.0760  131.74658421
  0.0770  134.93022949
  0.0780  138.09334514
  0.0790  141.23418860
  0.0800  144.35103257
  0.0810  147.44216599
  0.0820  150.50589495
  0.0830  153.54054369
  0.0840  156.54445545
  0.0850  159.51599346
  0.0860  162.45354177
  0.0870  165.35550615
  0.0880  168.22031499
  0.0890  171.04642007
  0.0900  173.83229746
  0.0910  176.57644831
  0.0920  179.27739963
  0.0930  181.93370509
  0.0940  184.54394576
  0.0950  187.10673087
  0.0960  189.62069850
  0.0970  192.08451632
  0.0980  194.49688224
  0.0990  196.85652510
  0.1000  199.16220528
  0.1010  201.41271532
  0.1020  203.60688058
  0.1030  205.74355973
  0.1040  207.82164537
  0.1050  209.84006455
  0.1060  211.79777925
  0.1070  213.69378694
  0.1080  215.52712097
  0.1090  217.29685109
  0.1100  219.00208382
  0.1110  220.64196287
  0.1120  222.21566954
  0.1130  223.72242303
  0.1140  225.16148081
  0.1150  226.53213894
  0.1160  227.83373231
  0.1170  229.06563494
  0.1180  230.22726020
  0.1190  231.31806106
  0.1200  232.33753025
  0.1210  233.28520043
  0.1220  234.16064437
  0.1230  234.96347504
  0.1240  235.69334572
  0.1250  236.34995012
  0.1260  236.93302234
  0.1270  237.44233701
  0.1280  237.87770921
  0.1290  238.23899452
  0.1300  238.52608896
  0.1310  238.73892889
  0.1320  238.87749100
  0.1330  238.94179217
  0.1340  238.93188933
  0.1350  238.84787934
  0.1360  238.68989879
  0.1370  238.45812384
  0.1380  238.15276997
  0.1390  237.77409178
  0.1400  237.32238273
  0.1410  236.79797481
  0.1420  236.20123832
  0.1430  235.53258151
  0.1440  234.79245024
  0.1450  233.98132761
  0.1460  233.09973364
  0.1470  232.14822481
  0.1480  231.12739365
  0.1490  230.03786836
  0.1500  228.88031227
  0.1510  227.65542346
  0.1520  226.36393420
  0.1530  225.00661046
  0.1540  223.58425142
  0.1550  222.09768886
  0.1560  220.54778667
  0.1570  218.93544024
  0.1580  217.26157587
  0.1590  215.52715019
  0.1600  213.73314948
  0.1610  211.88058910
  0.1620  209.97051281
  0.1630  208.00399209
  0.1640  205.98212551
  0.1650  203.90603799
  0.1660  201.77688009
  0.1670  199.59582736
  0.1680  197.36407955
  0.1690  195.08285989
  0.1700  192.75341434
  0.1710  190.37701083
  0.1720  187.95493847
  0.1730  185.48850682
  0.1740  182.97904503
  0.1750  180.42790109
  0.1760  177.83644101
  0.1770  175.20604799
  0.1780  172.53812162
  0.1790  169.83407702
  0.1800  167.09534406
  0.1810  164.32336644
  0.1820  161.51960089
  0.1830  158.68551632
  0.1840  155.82259295
  0.1850  152.93232144
  0.1860  150.01620205
  0.1870  147.07574373
  0.1880  144.11246329
  0.1890  141.12788453
  0.1900  138.12353731
  0.1910  135.10095676
  0.1920  132.06168231
  0.1930  129.00725690
  0.1940  125.93922605
  0.1950  122.85913699
  0.1960  119.76853781
  0.1970  116.66897660
  0.1980  113.56200051
  0.1990  110.44915497
  0.2000  107.33198279
  0.2010  104.21202328
  0.2020  101.09081145
  0.2030  97.96987710
  0.2040  94.85074404
  0.2050  91.73492918
  0.2060  88.62394178
  0.2070  85.51928255
  0.2080  82.42244290
  0.2090  79.33490407
  0.2100  76.25813638
  0.2110  73.19359841
  0.2120  70.14273622
  0.2130  67.10698258
  0.2140  64.08775622
  0.2150  61.08646105
  0.2160  58.10448545
  0.2170  55.14320151
  0.2180  52.20396433
  0.2190  49.28811133
  0.2200  46.39696150
  0.2210  43.53181479
  0.2220  40.69395139
  0.2230  37.88463111
  0.2240  35.10509271
  0.2250  32.35655332
  0.2260  29.64020776
  0.2270  26.95722804
  0.2280  24.30876270
  0.2290  21.69593628
  0.2300  19.11984878
  0.2310  16.58157510
  0.2320  14.08216457
  0.2330  11.62264041
  0.2340  9.20399930
  0.2350  6.82721087
  0.2360  4.49321730
  0.2370  2.20293303
  0.2380  0.04279576
  0.2390  2.24299555
  0.2400  4.39695225
  0.2410  6.50383006
  0.2420  8.56285982
  0.2430  10.57330257
  0.2440  12.53444976
  0.2450  14.44562346
  0.2460  16.30617666
  0.2470  18.11549348
  0.2480  19.87298938
  0.2490  21.57811138
  0.2500  23.23033821
  0.2510  24.82918049
  0.2520  26.37418086
  0.2530  27.86491409
  0.2540  29.30098718
  0.2550  30.68203945
  0.2560  32.00774258
  0.2570  33.27780067
  0.2580  34.49195023
  0.2590  35.64996020
  0.2600  36.75163193
  0.2610  37.79679913
  0.2620  38.78532779
  0.2630  39.71711615
  0.2640  40.59209456
  0.2650  41.41022538
  0.2660  42.17150284
  0.2670  42.87595289
  0.2680  43.52363300
  0.2690  44.11463202
  0.2700  44.64906991
  0.2710  45.12709754
  0.2720  45.54889648
  0.2730  45.91467866
  0.2740  46.22468614
  0.2750  46.47919082
  0.2760  46.67849408
  0.2770  46.82292651
  0.2780  46.91284749
  0.2790  46.94864492
  0.2800  46.93073473
  0.2810  46.85956060
  0.2820  46.73559347
  0.2830  46.55933115
  0.2840  46.33129789
  0.2850  46.05204390
  0.2860  45.72214493
  0.2870  45.34220175
  0.2880  44.91283968
  0.2890  44.43470809
  0.2900  43.90847989
  0.2910  43.33485099
  0.2920  42.71453977
  0.2930  42.04828653
  0.2940  41.33685296
  0.2950  40.58102153
  0.2960  39.78159492
  0.2970  38.93939548
  0.2980  38.05526457
  0.2990  37.13006202
  0.3000  36.16466546
  0.3010  35.15996977
  0.3020  34.11688637
  0.3030  33.03634269
  0.3040  31.91928143
  0.3050  30.76666001
  0.3060  29.57944986
  0.3070  28.35863580
  0.3080  27.10521536
  0.3090  25.82019816
  0.3100  24.50460518
  0.3110  23.15946819
  0.3120  21.78582898
  0.3130  20.38473878
  0.3140  18.95725753
  0.3150  17.50445323
  0.3160  16.02740128
  0.3170  14.52718382
  0.3180  13.00488905
  0.3190  11.46161062
  0.3200  9.89844700
  0.3210  8.31650097
  0.3220  6.71687929
  0.3230  5.10069312
  0.3240  3.46906134
  0.3250  1.82313609
  0.3260  0.16571222
  0.3270  1.50788475
  0.3280  3.19015475
  0.3290  4.88240696
  0.3300  6.58347169
  0.3310  8.29223172
  0.3320  10.00758064
  0.3330  11.72841790
  0.3340  13.45364814
  0.3350  15.18218134
  0.3360  16.91293325
  0.3370  18.64482591
  0.3380  20.37678823
  0.3390  22.10775648
  0.3400  23.83667492
  0.3410  25.56249633
  0.3420  27.28418254
  0.3430  29.00070501
  0.3440  30.71104532
  0.3450  32.41419573
  0.3460  34.10915968
  0.3470  35.79495230
  0.3480  37.47060090
  0.3490  39.13514544
  0.3500  40.78763905
  0.3510  42.42714843
  0.3520  44.05275435
  0.3530  45.66355206
  0.3540  47.25865175
  0.3550  48.83717893
  0.3560  50.39827486
  0.3570  51.94109693
  0.3580  53.46481905
  0.3590  54.96863201
  0.3600  56.45174382
  0.3610  57.91338010
  0.3620  59.35278436
  0.3630  60.76921834
  0.3640  62.16196233
  0.3650  63.53031540
  0.3660  64.87359577
  0.3670  66.19114098
  0.3680  67.48230821
  0.3690  68.74647451
  0.3700  69.98303696
  0.3710  71.19141298
  0.3720  72.37104045
  0.3730  73.52137794
  0.3740  74.64190484
  0.3750  75.73212156
  0.3760  76.79154965
  0.3770  77.81973194
  0.3780  78.81623266
  0.3790  79.78063751
  0.3800  80.71255380
  0.3810  81.61161051
  0.3820  82.47745833
  0.3830  83.30976973
  0.3840  84.10823902
  0.3850  84.87258232
  0.3860  85.60253763
  0.3870  86.29786478
  0.3880  86.95834544
  0.3890  87.58378311
  0.3900  88.17400302
  0.3910  88.72885216
  0.3920  89.24819914
  0.3930  89.73193415
  0.3940  90.17996889
  0.3950  90.59223641
  0.3960  90.96869106
  0.3970  91.30930831
  0.3980  91.61408467
  0.3990  91.88303748
  0.4000  92.11620481
  0.4010  92.31364524
  0.4020  92.47543772
  0.4030  92.60168135
  0.4040  92.69249518
  0.4050  92.74801802
  0.4060  92.76840819
  0.4070  92.75384329
  0.4080  92.70451997
  0.4090  92.62065369
  0.4100  92.50247842
  0.4110  92.35024637
  0.4120  92.16422778
  0.4130  91.94471053
  0.4140  91.69199992
  0.4150  91.40641833
  0.4160  91.08830491
  0.4170  90.73801527
  0.4180  90.35592113
  0.4190  89.94241000
  0.4200  89.49788485
  0.4210  89.02276372
  0.4220  88.51747940
  0.4230  87.98247904
  0.4240  87.41822381
  0.4250  86.82518850
  0.4260  86.20386114
  0.4270  85.55474264
  0.4280  84.87834636
  0.4290  84.17519775
  0.4300  83.44583392
  0.4310  82.69080327
  0.4320  81.91066504
  0.4330  81.10598894
  0.4340  80.27735469
  0.4350  79.42535164
  0.4360  78.55057833
  0.4370  77.65364207
  0.4380  76.73515849
  0.4390  75.79575116
  0.4400  74.83605111
  0.4410  73.85669642
  0.4420  72.85833181
  0.4430  71.84160815
  0.4440  70.80718206
  0.4450  69.75571548
  0.4460  68.68787521
  0.4470  67.60433249
  0.4480  66.50576256
  0.4490  65.39284423
  0.4500  64.26625943
  0.4510  63.12669280
  0.4520  61.97483123
  0.4530  60.81136346
  0.4540  59.63697963
  0.4550  58.45237085
  0.4560  57.25822880
  0.4570  56.05524530
  0.4580  54.84411185
  0.4590  53.62551931
  0.4600  52.40015737
  0.4610  51.16871424
  0.4620  49.93187619
  0.4630  48.69032717
  0.4640  47.44474841
  0.4650  46.19581802
  0.4660  44.94421063
  0.4670  43.69059697
  0.4680  42.43564351
  0.4690  41.18001210
  0.4700  39.92435961
  0.4710  38.66933752
  0.4720  37.41559163
  0.4730  36.16376167
  0.4740  34.91448096
  0.4750  33.66837611
  0.4760  32.42606665
  0.4770  31.18816473
  0.4780  29.95527481
  0.4790  28.72799331
  0.4800  27.50690840
  0.4810  26.29259959
  0.4820  25.08563755
  0.4830  23.88658378
  0.4840  22.69599033
  0.4850  21.51439959
  0.4860  20.34234397
  0.4870  19.18034574
  0.4880  18.02891670
  0.4890  16.88855802
  0.4900  15.75976000
  0.4910  14.64300185
  0.4920  13.53875153
  0.4930  12.44746549
  0.4940  11.36958857
  0.4950  10.30555377
  0.4960  9.25578211
  0.4970  8.22068254
  0.4980  7.20065174
  0.4990  6.19607414
  0.5000  5.20732187
  0.5010  4.23475500
  0.5020  3.27872228
  0.5030  2.33956402
  0.5040  1.41762603
  0.5050  0.51342042
  0.5060  0.37449019
  0.5070  1.24269403
  0.5080  2.09295931
  0.5090  2.92469000
  0.5100  3.73761275
  0.5110  4.53149186
  0.5120  5.30611038
  0.5130  6.06126657
  0.5140  6.79677283
  0.5150  7.51245532
  0.5160  8.20815379
  0.5170  8.88372147
  0.5180  9.53902498
  0.5190  10.17394434
  0.5200  10.78837279
  0.5210  11.38221685
  0.5220  11.95539614
  0.5230  12.50784339
  0.5240  13.03950428
  0.5250  13.55033740
  0.5260  14.04031414
  0.5270  14.50941856
  0.5280  14.95764731
  0.5290  15.38500948
  0.5300  15.79152649
  0.5310  16.17723194
  0.5320  16.54217149
  0.5330  16.88640270
  0.5340  17.20999485
  0.5350  17.51302884
  0.5360  17.79559694
  0.5370  18.05780270
  0.5380  18.29976072
  0.5390  18.52159646
  0.5400  18.72344609
  0.5410  18.90545625
  0.5420  19.06778389
  0.5430  19.21059602
  0.5440  19.33406955
  0.5450  19.43839103
  0.5460  19.52375644
  0.5470  19.59037101
  0.5480  19.63844892
  0.5490  19.66821314
  0.5500  19.67989513
  0.5510  19.67373466
  0.5520  19.64997952
  0.5530  19.60888534
  0.5540  19.55071525
  0.5550  19.47573972
  0.5560  19.38423627
  0.5570  19.27648919
  0.5580  19.15278936
  0.5590  19.01343391
  0.5600  18.85872600
  0.5610  18.68897458
  0.5620  18.50449409
  0.5630  18.30560421
  0.5640  18.09262963
  0.5650  17.86589973
  0.5660  17.62574836
  0.5670  17.37251357
  0.5680  17.10653733
  0.5690  16.82816528
  0.5700  16.53774647
  0.5710  16.23563309
  0.5720  15.92218020
  0.5730  15.59774551
  0.5740  15.26268907
  0.5750  14.91737305
  0.5760  14.56216146
  0.5770  14.19741990
  0.5780  13.82351534
  0.5790  13.44081582
  0.5800  13.04969024
  0.5810  12.65050808
  0.5820  12.24363920
  0.5830  11.82945355
  0.5840  11.40832097
  0.5850  10.98061095
  0.5860  10.54669237
  0.5870  10.10693331
  0.5880  9.66170079
  0.5890  9.21136057
  0.5900  8.75627691
  0.5910  8.29681239
  0.5920  7.83332766
  0.5930  7.36618126
  0.5940  6.89572939
  0.5950  6.42232574
  0.5960  5.94632129
  0.5970  5.46806409
  0.5980  4.98789910
  0.5990  4.50616804
  0.6000  4.02320915
  0.6010  3.53935708
  0.6020  3.05494274
  0.6030  2.57029319
  0.6040  2.08573162
  0.6050  1.60157758
  0.6060  1.11814825
  0.6070  0.63576614
  0.6080  0.15491230
  0.6090  0.32497867
  0.6100  0.80241450
  0.6110  1.27769687
  0.6120  1.75048960
  0.6130  2.22050618
  0.6140  2.68747083
  0.6150  3.15111469
  0.6160  3.61117505
  0.6170  4.06739516
  0.6180  4.51952425
  0.6190  4.96731754
  0.6200  5.41053632
  0.6210  5.84894804
  0.6220  6.28232630
  0.6230  6.71045101
  0.6240  7.13310836
  0.6250  7.55009095
  0.6260  7.96119779
  0.6270  8.36623437
  0.6280  8.76501271
  0.6290  9.15735137
  0.6300  9.54307551
  0.6310  9.92201692
  0.6320  10.29401400
  0.6330  10.65891184
  0.6340  11.01656221
  0.6350  11.36682356
  0.6360  11.70956103
  0.6370  12.04464647
  0.6380  12.37195842
  0.6390  12.69138212
  0.6400  13.00280948
  0.6410  13.30613906
  0.6420  13.60127611
  0.6430  13.88813247
  0.6440  14.16662658
  0.6450  14.43668347
  0.6460  14.69823469
  0.6470  14.95121830
  0.6480  15.19557880
  0.6490  15.43126712
  0.6500  15.65824055
  0.6510  15.87646270
  0.6520  16.08590345
  0.6530  16.28653885
  0.6540  16.47835115
  0.6550  16.66132862
  0.6560  16.83546560
  0.6570  17.00076235
  0.6580  17.15722499
  0.6590  17.30486548
  0.6600  17.44370147
  0.6610  17.57375627
  0.6620  17.69505875
  0.6630  17.80764325
  0.6640  17.91154952
  0.6650  18.00682260
  0.6660  18.09351274
  0.6670  18.17167532
  0.6680  18.24137074
  0.6690  18.30266432
  0.6700  18.35562623
  0.6710  18.40033136
  0.6720  18.43685921
  0.6730  18.46529384
  0.6740  18.48572369
  0.6750  18.49824154
  0.6760  18.50294437
  0.6770  18.49993326
  0.6780  18.48931325
  0.6790  18.47119329
  0.6800  18.44568606
  0.6810  18.41290790
  0.6820  18.37297869
  0.6830  18.32602171
  0.6840  18.27216355
  0.6850  18.21153398
  0.6860  18.14426583
  0.6870  18.07049487
  0.6880  17.99035972
  0.6890  17.90400168
  0.6900  17.81156463
  0.6910  17.71319494
  0.6920  17.60904130
  0.6930  17.49925463
  0.6940  17.38398793
  0.6950  17.26339621
  0.6960  17.13763629
  0.6970  17.00686675
  0.6980  16.87124777
  0.6990  16.73094101
  0.7000  16.58610950
  0.7010  16.43691749
  0.7020  16.28353037
  0.7030  16.12611452
  0.7040  15.96483718
  0.7050  15.79986636
  0.7060  15.63137069
  0.7070  15.45951930
  0.7080  15.28448175
  0.7090  15.10642783
  0.7100  14.92552750
  0.7110  14.74195076
  0.7120  14.55586752
  0.7130  14.36744750
  0.7140  14.17686011
  0.7150  13.98427432
  0.7160  13.78985858
  0.7170  13.59378066
  0.7180  13.39620761
  0.7190  13.19730557
  0.7200  12.99723973
  0.7210  12.79617417
  0.7220  12.59427181
  0.7230  12.39169424
  0.7240  12.18860170
  0.7250  11.98515289
  0.7260  11.78150495
  0.7270  11.57781331
  0.7280  11.37423163
  0.7290  11.17091168
  0.7300  10.96800328
  0.7310  10.76565418
  0.7320  10.56400999
  0.7330  10.36321410
  0.7340  10.16340758
  0.7350  9.96472914
  0.7360  9.76731499
  0.7370  9.57129882
  0.7380  9.37681172
  0.7390  9.18398206
  0.7400  8.99293552
  0.7410  8.80379490
  0.7420  8.61668019
  0.7430  8.43170839
  0.7440  8.24899354
  0.7450  8.06864664
  0.7460  7.89077557
  0.7470  7.71548508
  0.7480  7.54287673
  0.7490  7.37304885
  0.7500  7.20609648
  0.7510  7.04211135
  0.7520  6.88118188
  0.7530  6.72339306
  0.7540  6.56882650
  0.7550  6.41756038
  0.7560  6.26966940
  0.7570  6.12522480
  0.7580  5.98429432
  0.7590  5.84694215
  0.7600  5.71322899
  0.7610  5.58321198
  0.7620  5.45694470
  0.7630  5.33447718
  0.7640  5.21585589
  0.7650  5.10112372
  0.7660  4.99032000
  0.7670  4.88348049
  0.7680  4.78063740
  0.7690  4.68181935
  0.7700  4.58705145
  0.7710  4.49635527
  0.7720  4.40974882
  0.7730  4.32724666
  0.7740  4.24885981
  0.7750  4.17459587
  0.7760  4.10445896
  0.7770  4.03844981
  0.7780  3.97656578
  0.7790  3.91880087
  0.7800  3.86514578
  0.7810  3.81558796
  0.7820  3.77011164
  0.7830  3.72869788
  0.7840  3.69132465
  0.7850  3.65796689
  0.7860  3.62859652
  0.7870  3.60318258
  0.7880  3.58169124
  0.7890  3.56408592
  0.7900  3.55032733
  0.7910  3.54037355
  0.7920  3.53418015
  0.7930  3.53170019
  0.7940  3.53288438
  0.7950  3.53768111
  0.7960  3.54603653
  0.7970  3.55789466
  0.7980  3.57319742
  0.7990  3.59188475
  0.8000  3.61389465
  0.8010  3.63916325
  0.8020  3.66762491
  0.8030  3.69921228
  0.8040  3.73385633
  0.8050  3.77148647
  0.8060  3.81203058
  0.8070  3.85541510
  0.8080  3.90156506
  0.8090  3.95040419
  0.8100  4.00185493
  0.8110  4.05583855
  0.8120  4.11227518
  0.8130  4.17108388
  0.8140  4.23218271
  0.8150  4.29548880
  0.8160  4.36091842
  0.8170  4.42838701
  0.8180  4.49780930
  0.8190  4.56909935
  0.8200  4.64217062
  0.8210  4.71693603
  0.8220  4.79330806
  0.8230  4.87119878
  0.8240  4.95051995
  0.8250  5.03118306
  0.8260  5.11309945
  0.8270  5.19618029
  0.8280  5.28033676
  0.8290  5.36548002
  0.8300  5.45152134
  0.8310  5.53837213
  0.8320  5.62594403
  0.8330  5.71414897
  0.8340  5.80289923
  0.8350  5.89210750
  0.8360  5.98168696
  0.8370  6.07155133
  0.8380  6.16161491
  0.8390  6.25179270
  0.8400  6.34200038
  0.8410  6.43215445
  0.8420  6.52217220
  0.8430  6.61197185
  0.8440  6.70147254
  0.8450  6.79059440
  0.8460  6.87925862
  0.8470  6.96738748
  0.8480  7.05490439
  0.8490  7.14173395
  0.8500  7.22780200
  0.8510  7.31303566
  0.8520  7.39736334
  0.8530  7.48071482
  0.8540  7.56302128
  0.8550  7.64421530
  0.8560  7.72423094
  0.8570  7.80300376
  0.8580  7.88047082
  0.8590  7.95657076
  0.8600  8.03124378
  0.8610  8.10443170
  0.8620  8.17607795
  0.8630  8.24612763
  0.8640  8.31452749
  0.8650  8.38122599
  0.8660  8.44617328
  0.8670  8.50932123
  0.8680  8.57062345
  0.8690  8.63003529
  0.8700  8.68751385
  0.8710  8.74301802
  0.8720  8.79650841
  0.8730  8.84794744
  0.8740  8.89729931
  0.8750  8.94452997
  0.8760  8.98960719
  0.8770  9.03250049
  0.8780  9.07318119
  0.8790  9.11162236
  0.8800  9.14779888
  0.8810  9.18168735
  0.8820  9.21326616
  0.8830  9.24251545
  0.8840  9.26941709
  0.8850  9.29395470
  0.8860  9.31611361
  0.8870  9.33588085
  0.8880  9.35324519
  0.8890  9.36819705
  0.8900  9.38072853
  0.8910  9.39083340
  0.8920  9.39850707
  0.8930  9.40374657
  0.8940  9.40655055
  0.8950  9.40691926
  0.8960  9.40485453
  0.8970  9.40035975
  0.8980  9.39343985
  0.8990  9.38410130
  0.9000  9.37235207
  0.9010  9.35820163
  0.9020  9.34166092
  0.9030  9.32274234
  0.9040  9.30145971
  0.9050  9.27782828
  0.9060  9.25186471
  0.9070  9.22358702
  0.9080  9.19301460
  0.9090  9.16016817
  0.9100  9.12506978
  0.9110  9.08774278
  0.9120  9.04821180
  0.9130  9.00650273
  0.9140  8.96264269
  0.9150  8.91666005
  0.9160  8.86858435
  0.9170  8.81844631
  0.9180  8.76627783
  0.9190  8.71211192
  0.9200  8.65598273
  0.9210  8.59792547
  0.9220  8.53797645
  0.9230  8.47617300
  0.9240  8.41255349
  0.9250  8.34715730
  0.9260  8.28002475
  0.9270  8.21119715
  0.9280  8.14071670
  0.9290  8.06862653
  0.9300  7.99497062
  0.9310  7.91979381
  0.9320  7.84314175
  0.9330  7.76506089
  0.9340  7.68559842
  0.9350  7.60480229
  0.9360  7.52272112
  0.9370  7.43940423
  0.9380  7.35490155
  0.9390  7.26926363
  0.9400  7.18254160
  0.9410  7.09478711
  0.9420  7.00605231
  0.9430  6.91638984
  0.9440  6.82585275
  0.9450  6.73449450
  0.9460  6.64236889
  0.9470  6.54953005
  0.9480  6.45603239
  0.9490  6.36193056
  0.9500  6.26727940
  0.9510  6.17213393
  0.9520  6.07654927
  0.9530  5.98058063
  0.9540  5.88428325
  0.9550  5.78771238
  0.9560  5.69092321
  0.9570  5.59397085
  0.9580  5.49691026
  0.9590  5.39979626
  0.9600  5.30268342
  0.9610  5.20562608
  0.9620  5.10867827
  0.9630  5.01189367
  0.9640  4.91532560
  0.9650  4.81902693
  0.9660  4.72305010
  0.9670  4.62744701
  0.9680  4.53226904
  0.9690  4.43756699
  0.9700  4.34339103
  0.9710  4.24979068
  0.9720  4.15681476
  0.9730  4.06451137
  0.9740  3.97292786
  0.9750  3.88211077
  0.9760  3.79210580
  0.9770  3.70295783
  0.9780  3.61471082
  0.9790  3.52740784
  0.9800  3.44109099
  0.9810  3.35580144
  0.9820  3.27157933
  0.9830  3.18846382
  0.9840  3.10649300
  0.9850  3.02570394
  0.9860  2.94613261
  0.9870  2.86781389
  0.9880  2.79078158
  0.9890  2.71506832
  0.9900  2.64070563
  0.9910  2.56772390
  0.9920  2.49615233
  0.9930  2.42601898
  0.9940  2.35735070
  0.9950  2.29017317
  0.9960  2.22451089
  0.9970  2.16038712
  0.9980  2.09782393
  0.9990  2.03684218
