  0.0000  11.01875894
  0.0010  11.03735437
  0.0020  11.09313247
  0.0030  11.18606869
  0.0040  11.31612210
  0.0050  11.48323547
  0.0060  11.68733526
  0.0070  11.92833166
  0.0080  12.20611871
  0.0090  12.52057426
  0.0100  12.87156012
  0.0110  13.25892207
  0.0120  13.68248996
  0.0130  14.14207781
  0.0140  14.63748384
  0.0150  15.16849060
  0.0160  15.73486506
  0.0170  16.33635870
  0.0180  16.97270763
  0.0190  17.64363268
  0.0200  18.34883954
  0.0210  19.08801886
  0.0220  19.86084642
  0.0230  20.66698323
  0.0240  21.50607569
  0.0250  22.37775576
  0.0260  23.28164105
  0.0270  24.21733508
  0.0280  25.18442738
  0.0290  26.18249367
  0.0300  27.21109608
  0.0310  28.26978331
  0.0320  29.35809083
  0.0330  30.47554108
  0.0340  31.62164368
  0.0350  32.79589564
  0.0360  33.99778156
  0.0370  35.22677388
  0.0380  36.48233309
  0.0390  37.76390796
  0.0400  39.07093581
  0.0410  40.40284269
  0.0420  41.75904369
  0.0430  43.13894317
  0.0440  44.54193498
  0.0450  45.96740279
  0.0460  47.41472030
  0.0470  48.88325153
  0.0480  50.37235110
  0.0490  51.88136450
  0.0500  53.40962836
  0.0510  54.95647076
  0.0520  56.52121150
  0.0530  58.10316239
  0.0540  59.70162756
  0.0550  61.31590375
  0.0560  62.94528063
  0.0570  64.58904105
  0.0580  66.24646143
  0.0590  67.91681198
  0.0600  69.59935709
  0.0610  71.29335561
  0.0620  72.99806116
  0.0630  74.71272245
  0.0640  76.43658363
  0.0650  78.16888459
  0.0660  79.90886127
  0.0670  81.65574601
  0.0680  83.40876789
  0.0690  85.16715301
  0.0700  86.93012487
  0.0710  88.69690466
  0.0720  90.46671164
  0.0730  92.23876341
  0.0740  94.01227629
  0.0750  95.78646564
  0.0760  97.56054618
  0.0770  99.33373234
  0.0780  101.10523859
  0.0790  102.87427977
  0.0800  104.64007140
  0.0810  106.40183005
  0.0820  108.15877366
  0.0830  109.91012183
  0.0840  111.65509623
  0.0850  113.39292084
  0.0860  115.12282232
  0.0870  116.84403037
  0.0880  118.55577796
  0.0890  120.25730174
  0.0900  121.94784233
  0.0910  123.62664462
  0.0920  125.29295810
  0.0930  126.94603718
  0.0940  128.58514151
  0.0950  130.20953624
  0.0960  131.81849239
  0.0970  133.41128712
  0.0980  134.98720401
  0.0990  136.54553340
  0.1000  138.08557267
  0.1010  139.60662652
  0.1020  141.10800724
  0.1030  142.58903505
  0.1040  144.04903832
  0.1050  145.48735389
  0.1060  146.90332731
  0.1070  148.29631314
  0.1080  149.66567517
  0.1090  151.01078672
  0.1100  152.33103090
  0.1110  153.62580080
  0.1120  154.89449981
  0.1130  156.13654182
  0.1140  157.35135147
  0.1150  158.53836438
  0.1160  159.69702735
  0.1170  160.82679864
  0.1180  161.92714815
  0.1190  162.99755760
  0.1200  164.03752081
  0.1210  165.04654385
  0.1220  166.02414523
  0.1230  166.96985612
  0.1240  167.88322052
  0.1250  168.76379543
  0.1260  169.61115104
  0.1270  170.42487087
  0.1280  171.20455197
  0.1290  171.94980501
  0.1300  172.66025452
  0.1310  173.33553893
  0.1320  173.97531081
  0.1330  174.57923689
  0.1340  175.14699830
  0.1350  175.67829057
  0.1360  176.17282383
  0.1370  176.63032289
  0.1380  177.05052731
  0.1390  177.43319152
  0.1400  177.77808490
  0.1410  178.08499186
  0.1420  178.35371189
  0.1430  178.58405967
  0.1440  178.77586509
  0.1450  178.92897331
  0.1460  179.04324481
  0.1470  179.11855544
  0.1480  179.15479643
  0.1490  179.15187445
  0.1500  179.10971158
  0.1510  179.02824536
  0.1520  178.90742880
  0.1530  178.74723035
  0.1540  178.54763392
  0.1550  178.30863883
  0.1560  178.03025985
  0.1570  177.71252711
  0.1580  177.35548612
  0.1590  176.95919767
  0.1600  176.52373786
  0.1610  176.04919797
  0.1620  175.53568445
  0.1630  174.98331887
  0.1640  174.39223777
  0.1650  173.76259268
  0.1660  173.09454996
  0.1670  172.38829074
  0.1680  171.64401085
  0.1690  170.86192065
  0.1700  170.04224499
  0.1710  169.18522308
  0.1720  168.29110831
  0.1730  167.36016823
  0.1740  166.39268432
  0.1750  165.38895191
  0.1760  164.34928003
  0.1770  163.27399124
  0.1780  162.16342149
  0.1790  161.01791996
  0.1800  159.83784892
  0.1810  158.62358350
  0.1820  157.37551158
  0.1830  156.09403358
  0.1840  154.77956227
  0.1850  153.43252260
  0.1860  152.05335149
  0.1870  150.64249764
  0.1880  149.20042133
  0.1890  147.72759420
  0.1900  146.22449905
  0.1910  144.69162962
  0.1920  143.12949038
  0.1930  141.53859627
  0.1940  139.91947253
  0.1950  138.27265442
  0.1960  136.59868699
  0.1970  134.89812489
  0.1980  133.17153204
  0.1990  131.41948149
  0.2000  129.64255508
  0.2010  127.84134322
  0.2020  126.01644467
  0.2030  124.16846623
  0.2040  122.29802250
  0.2050  120.40573564
  0.2060  118.49223507
  0.2070  116.55815721
  0.2080  114.60414524
  0.2090  112.63084877
  0.2100  110.63892363
  0.2110  108.62903157
  0.2120  106.60183995
  0.2130  104.55802152
  0.2140  102.49825410
  0.2150  100.42322031
  0.2160  98.33360729
  0.2170  96.23010641
  0.2180  94.11341301
  0.2190  91.98422609
  0.2200  89.84324803
  0.2210  87.69118432
  0.2220  85.52874327
  0.2230  83.35663573
  0.2240  81.17557478
  0.2250  78.98627550
  0.2260  76.78945466
  0.2270  74.58583043
  0.2280  72.37612214
  0.2290  70.16104997
  0.2300  67.94133471
  0.2310  65.71769748
  0.2320  63.49085950
  0.2330  61.26154180
  0.2340  59.03046500
  0.2350  56.79834906
  0.2360  54.56591311
  0.2370  52.33387519
  0.2380  50.10295212
  0.2390  47.87385932
  0.2400  45.64731072
  0.2410  43.42401869
  0.2420  41.20469406
  0.2430  38.99004623
  0.2440  36.78078339
  0.2450  34.57761296
  0.2460  32.38124228
  0.2470  30.19237973
  0.2480  28.01173645
  0.2490  25.84002901
  0.2500  23.67798367
  0.2510  21.52634323
  0.2520  19.38587843
  0.2530  17.25740773
  0.2540  15.14183333
  0.2550  13.04021142
  0.2560  10.95390083
  0.2570  8.88491509
  0.2580  6.83689503
  0.2590  4.81848585
  0.2600  2.86052104
  0.2610  1.20244847
  0.2620  1.67572656
  0.2630  3.47300168
  0.2640  5.38444039
  0.2650  7.30600574
  0.2660  9.21900129
  0.2670  11.11730404
  0.2680  12.99810500
  0.2690  14.85977853
  0.2700  16.70121069
  0.2710  18.52154124
  0.2720  20.32004993
  0.2730  22.09610107
  0.2740  23.84911432
  0.2750  25.57854833
  0.2760  27.28389107
  0.2770  28.96465398
  0.2780  30.62036820
  0.2790  32.25058218
  0.2800  33.85486004
  0.2810  35.43278050
  0.2820  36.98393614
  0.2830  38.50793289
  0.2840  40.00438973
  0.2850  41.47293838
  0.2860  42.91322319
  0.2870  44.32490104
  0.2880  45.70764127
  0.2890  47.06112562
  0.2900  48.38504827
  0.2910  49.67911579
  0.2920  50.94304716
  0.2930  52.17657381
  0.2940  53.37943963
  0.2950  54.55140096
  0.2960  55.69222665
  0.2970  56.80169805
  0.2980  57.87960908
  0.2990  58.92576618
  0.3000  59.93998837
  0.3010  60.92210725
  0.3020  61.87196700
  0.3030  62.78942440
  0.3040  63.67434880
  0.3050  64.52662215
  0.3060  65.34613899
  0.3070  66.13280638
  0.3080  66.88654397
  0.3090  67.60728390
  0.3100  68.29497081
  0.3110  68.94956182
  0.3120  69.57102646
  0.3130  70.15934665
  0.3140  70.71451664
  0.3150  71.23654298
  0.3160  71.72544443
  0.3170  72.18125195
  0.3180  72.60400858
  0.3190  72.99376942
  0.3200  73.35060151
  0.3210  73.67458379
  0.3220  73.96580699
  0.3230  74.22437356
  0.3240  74.45039757
  0.3250  74.64400460
  0.3260  74.80533166
  0.3270  74.93452709
  0.3280  75.03175043
  0.3290  75.09717230
  0.3300  75.13097430
  0.3310  75.13334891
  0.3320  75.10449932
  0.3330  75.04463930
  0.3340  74.95399312
  0.3350  74.83279536
  0.3360  74.68129079
  0.3370  74.49973423
  0.3380  74.28839037
  0.3390  74.04753368
  0.3400  73.77744819
  0.3410  73.47842737
  0.3420  73.15077395
  0.3430  72.79479979
  0.3440  72.41082564
  0.3450  71.99918107
  0.3460  71.56020420
  0.3470  71.09424158
  0.3480  70.60164800
  0.3490  70.08278630
  0.3500  69.53802719
  0.3510  68.96774908
  0.3520  68.37233785
  0.3530  67.75218669
  0.3540  67.10769592
  0.3550  66.43927276
  0.3560  65.74733114
  0.3570  65.03229152
  0.3580  64.29458068
  0.3590  63.53463151
  0.3600  62.75288281
  0.3610  61.94977907
  0.3620  61.12577031
  0.3630  60.28131181
  0.3640  59.41686394
  0.3650  58.53289194
  0.3660  57.62986569
  0.3670  56.70825953
  0.3680  55.76855203
  0.3690  54.81122575
  0.3700  53.83676709
  0.3710  52.84566600
  0.3720  51.83841581
  0.3730  50.81551302
  0.3740  49.77745703
  0.3750  48.72474998
  0.3760  47.65789651
  0.3770  46.57740356
  0.3780  45.48378011
  0.3790  44.37753702
  0.3800  43.25918676
  0.3810  42.12924324
  0.3820  40.98822158
  0.3830  39.83663788
  0.3840  38.67500902
  0.3850  37.50385245
  0.3860  36.32368598
  0.3870  35.13502755
  0.3880  33.93839504
  0.3890  32.73430605
  0.3900  31.52327771
  0.3910  30.30582644
  0.3920  29.08246778
  0.3930  27.85371618
  0.3940  26.62008479
  0.3950  25.38208524
  0.3960  24.14022751
  0.3970  22.89501964
  0.3980  21.64696763
  0.3990  20.39657519
  0.4000  19.14434356
  0.4010  17.89077137
  0.4020  16.63635441
  0.4030  15.38158545
  0.4040  14.12695416
  0.4050  12.87294684
  0.4060  11.62004638
  0.4070  10.36873211
  0.4080  9.11947980
  0.4090  7.87276171
  0.4100  6.62904703
  0.4110  5.38880301
  0.4120  4.15249847
  0.4130  2.92061657
  0.4140  1.69372322
  0.4150  0.47359522
  0.4160  0.74671072
  0.4170  1.95583573
  0.4180  3.15915314
  0.4190  4.35562115
  0.4200  5.54474171
  0.4210  6.72608152
  0.4220  7.89922769
  0.4230  9.06377838
  0.4240  10.21934010
  0.4250  11.36552675
  0.4260  12.50195923
  0.4270  13.62826536
  0.4280  14.74407989
  0.4290  15.84904449
  0.4300  16.94280782
  0.4310  18.02502565
  0.4320  19.09536089
  0.4330  20.15348369
  0.4340  21.19907152
  0.4350  22.23180925
  0.4360  23.25138923
  0.4370  24.25751134
  0.4380  25.24988309
  0.4390  26.22821969
  0.4400  27.19224406
  0.4410  28.14168696
  0.4420  29.07628702
  0.4430  29.99579077
  0.4440  30.89995271
  0.4450  31.78853536
  0.4460  32.66130931
  0.4470  33.51805323
  0.4480  34.35855391
  0.4490  35.18260632
  0.4500  35.99001361
  0.4510  36.78058714
  0.4520  37.55414650
  0.4530  38.31051952
  0.4540  39.04954230
  0.4550  39.77105921
  0.4560  40.47492289
  0.4570  41.16099425
  0.4580  41.82914248
  0.4590  42.47924503
  0.4600  43.11118761
  0.4610  43.72486418
  0.4620  44.32017693
  0.4630  44.89703625
  0.4640  45.45536074
  0.4650  45.99507713
  0.4660  46.51612031
  0.4670  47.01843324
  0.4680  47.50196697
  0.4690  47.96668055
  0.4700  48.41254103
  0.4710  48.83952337
  0.4720  49.24761044
  0.4730  49.63679292
  0.4740  50.00706928
  0.4750  50.35844572
  0.4760  50.69093606
  0.4770  51.00456176
  0.4780  51.29935179
  0.4790  51.57534257
  0.4800  51.83257791
  0.4810  52.07110895
  0.4820  52.29099403
  0.4830  52.49229867
  0.4840  52.67509546
  0.4850  52.83946396
  0.4860  52.98549065
  0.4870  53.11326879
  0.4880  53.22289838
  0.4890  53.31448603
  0.4900  53.38814488
  0.4910  53.44399451
  0.4920  53.48216079
  0.4930  53.50277585
  0.4940  53.50597792
  0.4950  53.49191123
  0.4960  53.46072595
  0.4970  53.41257801
  0.4980  53.34762903
  0.4990  53.26604620
  0.5000  53.16800217
  0.5010  53.05367490
  0.5020  52.92324761
  0.5030  52.77690858
  0.5040  52.61485110
  0.5050  52.43727327
  0.5060  52.24437798
  0.5070  52.03637269
  0.5080  51.81346936
  0.5090  51.57588430
  0.5100  51.32383805
  0.5110  51.05755526
  0.5120  50.77726454
  0.5130  50.48319835
  0.5140  50.17559288
  0.5150  49.85468788
  0.5160  49.52072655
  0.5170  49.17395543
  0.5180  48.81462423
  0.5190  48.44298571
  0.5200  48.05929558
  0.5210  47.66381230
  0.5220  47.25679702
  0.5230  46.83851338
  0.5240  46.40922743
  0.5250  45.96920747
  0.5260  45.51872391
  0.5270  45.05804916
  0.5280  44.58745749
  0.5290  44.10722486
  0.5300  43.61762887
  0.5310  43.11894852
  0.5320  42.61146419
  0.5330  42.09545741
  0.5340  41.57121080
  0.5350  41.03900789
  0.5360  40.49913305
  0.5370  39.95187129
  0.5380  39.39750817
  0.5390  38.83632969
  0.5400  38.26862213
  0.5410  37.69467193
  0.5420  37.11476558
  0.5430  36.52918950
  0.5440  35.93822988
  0.5450  35.34217261
  0.5460  34.74130311
  0.5470  34.13590626
  0.5480  33.52626625
  0.5490  32.91266645
  0.5500  32.29538933
  0.5510  31.67471634
  0.5520  31.05092777
  0.5530  30.42430267
  0.5540  29.79511871
  0.5550  29.16365211
  0.5560  28.53017750
  0.5570  27.89496782
  0.5580  27.25829424
  0.5590  26.62042601
  0.5600  25.98163044
  0.5610  25.34217269
  0.5620  24.70231580
  0.5630  24.06232047
  0.5640  23.42244508
  0.5650  22.78294550
  0.5660  22.14407508
  0.5670  21.50608451
  0.5680  20.86922176
  0.5690  20.23373200
  0.5700  19.59985748
  0.5710  18.96783752
  0.5720  18.33790835
  0.5730  17.71030311
  0.5740  17.08525173
  0.5750  16.46298088
  0.5760  15.84371388
  0.5770  15.22767066
  0.5780  14.61506771
  0.5790  14.00611798
  0.5800  13.40103083
  0.5810  12.80001200
  0.5820  12.20326356
  0.5830  11.61098385
  0.5840  11.02336744
  0.5850  10.44060510
  0.5860  9.86288379
  0.5870  9.29038661
  0.5880  8.72329284
  0.5890  8.16177792
  0.5900  7.60601351
  0.5910  7.05616755
  0.5920  6.51240443
  0.5930  5.97488515
  0.5940  5.44376772
  0.5950  4.91920773
  0.5960  4.40135933
  0.5970  3.89037701
  0.5980  3.38641878
  0.5990  2.88965262
  0.6000  2.40027034
  0.6010  1.91852164
  0.6020  1.44481264
  0.6030  0.98007758
  0.6040  0.52803339
  0.6050  0.14532765
  0.6060  0.40776576
  0.6070  0.83253533
  0.6080  1.25719465
  0.6090  1.67556651
  0.6100  2.08642552
  0.6110  2.48932513
  0.6120  2.88403697
  0.6130  3.27041553
  0.6140  3.64835408
  0.6150  4.01776726
  0.6160  4.37858333
  0.6170  4.73074024
  0.6180  5.07418360
  0.6190  5.40886546
  0.6200  5.73474359
  0.6210  6.05178105
  0.6220  6.35994586
  0.6230  6.65921077
  0.6240  6.94955317
  0.6250  7.23095489
  0.6260  7.50340218
  0.6270  7.76688557
  0.6280  8.02139984
  0.6290  8.26694394
  0.6300  8.50352096
  0.6310  8.73113802
  0.6320  8.94980630
  0.6330  9.15954089
  0.6340  9.36036083
  0.6350  9.55228901
  0.6360  9.73535212
  0.6370  9.90958062
  0.6380  10.07500868
  0.6390  10.23167409
  0.6400  10.37961829
  0.6410  10.51888622
  0.6420  10.64952634
  0.6430  10.77159053
  0.6440  10.88513404
  0.6450  10.99021545
  0.6460  11.08689659
  0.6470  11.17524250
  0.6480  11.25532134
  0.6490  11.32720437
  0.6500  11.39096585
  0.6510  11.44668299
  0.6520  11.49443589
  0.6530  11.53430749
  0.6540  11.56638346
  0.6550  11.59075218
  0.6560  11.60750465
  0.6570  11.61673444
  0.6580  11.61853758
  0.6590  11.61301257
  0.6600  11.60026023
  0.6610  11.58038369
  0.6620  11.55348827
  0.6630  11.51968146
  0.6640  11.47907284
  0.6650  11.43177397
  0.6660  11.37789837
  0.6670  11.31756142
  0.6680  11.25088032
  0.6690  11.17797398
  0.6700  11.09896298
  0.6710  11.01396950
  0.6720  10.92311723
  0.6730  10.82653133
  0.6740  10.72433834
  0.6750  10.61666612
  0.6760  10.50364378
  0.6770  10.38540163
  0.6780  10.26207110
  0.6790  10.13378467
  0.6800  10.00067582
  0.6810  9.86287897
  0.6820  9.72052942
  0.6830  9.57376328
  0.6840  9.42271742
  0.6850  9.26752943
  0.6860  9.10833755
  0.6870  8.94528066
  0.6880  8.77849817
  0.6890  8.60813005
  0.6900  8.43431676
  0.6910  8.25719923
  0.6920  8.07691883
  0.6930  7.89361738
  0.6940  7.70743712
  0.6950  7.51852073
  0.6960  7.32701135
  0.6970  7.13305262
  0.6980  6.93678872
  0.6990  6.73836446
  0.7000  6.53792538
  0.7010  6.33561790
  0.7020  6.13158948
  0.7030  5.92598890
  0.7040  5.71896648
  0.7050  5.51067455
  0.7060  5.30126789
  0.7070  5.09090432
  0.7080  4.87974559
  0.7090  4.66795829
  0.7100  4.45571525
  0.7110  4.24319723
  0.7120  4.03059518
  0.7130  3.81811323
  0.7140  3.60597271
  0.7150  3.39441760
  0.7160  3.18372197
  0.7170  2.97420046
  0.7180  2.76622296
  0.7190  2.56023591
  0.7200  2.35679335
  0.7210  2.15660325
  0.7220  1.96059770
  0.7230  1.77004082
  0.7240  1.58669558
  0.7250  1.41308004
  0.7260  1.25284417
  0.7270  1.11125863
  0.7280  0.99563136
  0.7290  0.91502444
  0.7300  0.87817822
  0.7310  0.88952355
  0.7320  0.94629889
  0.7330  1.04009441
  0.7340  1.16102512
  0.7350  1.30065068
  0.7360  1.45275008
  0.7370  1.61300730
  0.7380  1.77847229
  0.7390  1.94711243
  0.7400  2.11750051
  0.7410  2.28861056
  0.7420  2.45968638
  0.7430  2.63015660
  0.7440  2.79957909
  0.7450  2.96760393
  0.7460  3.13394835
  0.7470  3.29837945
  0.7480  3.46070205
  0.7490  3.62075004
  0.7500  3.77838008
  0.7510  3.93346703
  0.7520  4.08590046
  0.7530  4.23558208
  0.7540  4.38242374
  0.7550  4.52634593
  0.7560  4.66727654
  0.7570  4.80514995
  0.7580  4.93990627
  0.7590  5.07149074
  0.7600  5.19985323
  0.7610  5.32494785
  0.7620  5.44673263
  0.7630  5.56516925
  0.7640  5.68022276
  0.7650  5.79186148
  0.7660  5.90005675
  0.7670  6.00478282
  0.7680  6.10601676
  0.7690  6.20373828
  0.7700  6.29792972
  0.7710  6.38857589
  0.7720  6.47566404
  0.7730  6.55918379
  0.7740  6.63912704
  0.7750  6.71548795
  0.7760  6.78826283
  0.7770  6.85745015
  0.7780  6.92305047
  0.7790  6.98506638
  0.7800  7.04350247
  0.7810  7.09836529
  0.7820  7.14966329
  0.7830  7.19740681
  0.7840  7.24160803
  0.7850  7.28228091
  0.7860  7.31944119
  0.7870  7.35310633
  0.7880  7.38329547
  0.7890  7.41002940
  0.7900  7.43333053
  0.7910  7.45322286
  0.7920  7.46973192
  0.7930  7.48288475
  0.7940  7.49270987
  0.7950  7.49923721
  0.7960  7.50249814
  0.7970  7.50252537
  0.7980  7.49935295
  0.7990  7.49301621
  0.8000  7.48355175
  0.8010  7.47099741
  0.8020  7.45539217
  0.8030  7.43677622
  0.8040  7.41519081
  0.8050  7.39067831
  0.8060  7.36328212
  0.8070  7.33304665
  0.8080  7.30001729
  0.8090  7.26424035
  0.8100  7.22576306
  0.8110  7.18463351
  0.8120  7.14090063
  0.8130  7.09461414
  0.8140  7.04582451
  0.8150  6.99458296
  0.8160  6.94094139
  0.8170  6.88495235
  0.8180  6.82666902
  0.8190  6.76614518
  0.8200  6.70343514
  0.8210  6.63859375
  0.8220  6.57167633
  0.8230  6.50273868
  0.8240  6.43183698
  0.8250  6.35902782
  0.8260  6.28436816
  0.8270  6.20791526
  0.8280  6.12972666
  0.8290  6.04986018
  0.8300  5.96837387
  0.8310  5.88532595
  0.8320  5.80077482
  0.8330  5.71477903
  0.8340  5.62739720
  0.8350  5.53868805
  0.8360  5.44871034
  0.8370  5.35752286
  0.8380  5.26518436
  0.8390  5.17175359
  0.8400  5.07728920
  0.8410  4.98184977
  0.8420  4.88549375
  0.8430  4.78827947
  0.8440  4.69026506
  0.8450  4.59150849
  0.8460  4.49206748
  0.8470  4.39199956
  0.8480  4.29136195
  0.8490  4.19021162
  0.8500  4.08860524
  0.8510  3.98659916
  0.8520  3.88424937
  0.8530  3.78161154
  0.8540  3.67874096
  0.8550  3.57569252
  0.8560  3.47252073
  0.8570  3.36927972
  0.8580  3.26602317
  0.8590  3.16280437
  0.8600  3.05967618
  0.8610  2.95669105
  0.8620  2.85390103
  0.8630  2.75135777
  0.8640  2.64911253
  0.8650  2.54721625
  0.8660  2.44571954
  0.8670  2.34467275
  0.8680  2.24412604
  0.8690  2.14412948
  0.8700  2.04473312
  0.8710  1.94598718
  0.8720  1.84794226
  0.8730  1.75064954
  0.8740  1.65416118
  0.8750  1.55853075
  0.8760  1.46381387
  0.8770  1.37006906
  0.8780  1.27735891
  0.8790  1.18575183
  0.8800  1.09532442
  0.8810  1.00616510
  0.8820  0.91837957
  0.8830  0.83209920
  0.8840  0.74749465
  0.8850  0.66479827
  0.8860  0.58434286
  0.8870  0.50663116
  0.8880  0.43246570
  0.8890  0.36319889
  0.8900  0.30121087
  0.8910  0.25070662
  0.8920  0.21832814
  0.8930  0.21104152
  0.8940  0.22985616
  0.8950  0.26817181
  0.8960  0.31803557
  0.8970  0.37401380
  0.8980  0.43300943
  0.8990  0.49329847
  0.9000  0.55388871
  0.9010  0.61418045
  0.9020  0.67379265
  0.9030  0.73247178
  0.9040  0.79004202
  0.9050  0.84637689
  0.9060  0.90138250
  0.9070  0.95498715
  0.9080  1.00713482
  0.9090  1.05778085
  0.9100  1.10688902
  0.9110  1.15442963
  0.9120  1.20037807
  0.9130  1.24471379
  0.9140  1.28741962
  0.9150  1.32848123
  0.9160  1.36788667
  0.9170  1.40562612
  0.9180  1.44169161
  0.9190  1.47607687
  0.9200  1.50877714
  0.9210  1.53978908
  0.9220  1.56911067
  0.9230  1.59674112
  0.9240  1.62268081
  0.9250  1.64693125
  0.9260  1.66949500
  0.9270  1.69037567
  0.9280  1.70957785
  0.9290  1.72710711
  0.9300  1.74296994
  0.9310  1.75717378
  0.9320  1.76972691
  0.9330  1.78063855
  0.9340  1.78991873
  0.9350  1.79757834
  0.9360  1.80362910
  0.9370  1.80808353
  0.9380  1.81095497
  0.9390  1.81225752
  0.9400  1.81200609
  0.9410  1.81021634
  0.9420  1.80690468
  0.9430  1.80208831
  0.9440  1.79578512
  0.9450  1.78801378
  0.9460  1.77879366
  0.9470  1.76814489
  0.9480  1.75608831
  0.9490  1.74264548
  0.9500  1.72783868
  0.9510  1.71169096
  0.9520  1.69422605
  0.9530  1.67546847
  0.9540  1.65544346
  0.9550  1.63417705
  0.9560  1.61169606
  0.9570  1.58802813
  0.9580  1.56320173
  0.9590  1.53724622
  0.9600  1.51019191
  0.9610  1.48207008
  0.9620  1.45291309
  0.9630  1.42275444
  0.9640  1.39162887
  0.9650  1.35957251
  0.9660  1.32662300
  0.9670  1.29281971
  0.9680  1.25820394
  0.9690  1.22281919
  0.9700  1.18671150
  0.9710  1.14992987
  0.9720  1.11252677
  0.9730  1.07455872
  0.9740  1.03608712
  0.9750  0.99717918
  0.9760  0.95790918
  0.9770  0.91835992
  0.9780  0.87862471
  0.9790  0.83880978
  0.9800  0.79903741
  0.9810  0.75944980
  0.9820  0.72021414
  0.9830  0.68152882
  0.9840  0.64363129
  0.9850  0.60680750
  0.9860  0.57140295
  0.9870  0.53783468
  0.9880  0.50660226
  0.9890  0.47829433
  0.9900  0.45358437
  0.9910  0.43320685
  0.9920  0.41790490
  0.9930  0.40834662
  0.9940  0.40502225
  0.9950  0.40815243
  0.9960  0.41764459
  0.9970  0.43311769
  0.9980  0.45398296
  0.9990  0.47954603
