  0.0000  18.35194194
  0.0010  18.32491149
  0.0020  18.24383214
  0.0030  18.10873987
  0.0040  17.91969466
  0.0050  17.67678042
  0.0060  17.38010498
  0.0070  17.02980003
  0.0080  16.62602107
  0.0090  16.16894734
  0.0100  15.65878174
  0.0110  15.09575075
  0.0120  14.48010432
  0.0130  13.81211578
  0.0140  13.09208173
  0.0150  12.32032195
  0.0160  11.49717926
  0.0170  10.62301946
  0.0180  9.69823130
  0.0190  8.72322648
  0.0200  7.69843993
  0.0210  6.62433050
  0.0220  5.50138286
  0.0230  4.33011322
  0.0240  3.11108973
  0.0250  1.84504171
  0.0260  0.53462314
  0.0270  0.83134346
  0.0280  2.23470427
  0.0290  3.68423297
  0.0300  5.17826004
  0.0310  6.71598812
  0.0320  8.29669723
  0.0330  9.91967193
  0.0340  11.58418624
  0.0350  13.28949923
  0.0360  15.03485365
  0.0370  16.81947547
  0.0380  18.64257389
  0.0390  20.50334149
  0.0400  22.40095448
  0.0410  24.33457305
  0.0420  26.30334165
  0.0430  28.30638939
  0.0440  30.34283041
  0.0450  32.41176428
  0.0460  34.51227636
  0.0470  36.64343824
  0.0480  38.80430816
  0.0490  40.99393142
  0.0500  43.21134078
  0.0510  45.45555695
  0.0520  47.72558898
  0.0530  50.02043472
  0.0540  52.33908129
  0.0550  54.68050551
  0.0560  57.04367436
  0.0570  59.42754546
  0.0580  61.83106750
  0.0590  64.25318076
  0.0600  66.69281755
  0.0610  69.14890270
  0.0620  71.62035404
  0.0630  74.10608285
  0.0640  76.60499442
  0.0650  79.11598846
  0.0660  81.63795964
  0.0670  84.16979804
  0.0680  86.71038970
  0.0690  89.25861706
  0.0700  91.81335949
  0.0710  94.37349375
  0.0720  96.93789455
  0.0730  99.50543498
  0.0740  102.07498704
  0.0750  104.64542215
  0.0760  107.21561163
  0.0770  109.78442718
  0.0780  112.35074141
  0.0790  114.91342834
  0.0800  117.47136384
  0.0810  120.02342619
  0.0820  122.56849652
  0.0830  125.10545932
  0.0840  127.63320293
  0.0850  130.15062003
  0.0860  132.65660810
  0.0870  135.15006991
  0.0880  137.62991400
  0.0890  140.09505516
  0.0900  142.54441488
  0.0910  144.97692182
  0.0920  147.39151230
  0.0930  149.78713072
  0.0940  152.16273002
  0.0950  154.51727217
  0.0960  156.84972855
  0.0970  159.15908043
  0.0980  161.44431942
  0.0990  163.70444783
  0.1000  165.93847919
  0.1010  168.14543857
  0.1020  170.32436306
  0.1030  172.47430216
  0.1040  174.59431816
  0.1050  176.68348655
  0.1060  178.74089641
  0.1070  180.76565076
  0.1080  182.75686697
  0.1090  184.71367711
  0.1100  186.63522831
  0.1110  188.52068311
  0.1120  190.36921979
  0.1130  192.18003272
  0.1140  193.95233271
  0.1150  195.68534727
  0.1160  197.37832098
  0.1170  199.03051576
  0.1180  200.64121119
  0.1190  202.20970475
  0.1200  203.73531217
  0.1210  205.21736762
  0.1220  206.65522403
  0.1230  208.04825331
  0.1240  209.39584661
  0.1250  210.69741454
  0.1260  211.95238738
  0.1270  213.16021534
  0.1280  214.32036873
  0.1290  215.43233814
  0.1300  216.49563467
  0.1310  217.50979007
  0.1320  218.47435695
  0.1330  219.38890886
  0.1340  220.25304051
  0.1350  221.06636790
  0.1360  221.82852838
  0.1370  222.53918086
  0.1380  223.19800585
  0.1390  223.80470558
  0.1400  224.35900410
  0.1410  224.86064732
  0.1420  225.30940312
  0.1430  225.70506139
  0.1440  226.04743407
  0.1450  226.33635518
  0.1460  226.57168087
  0.1470  226.75328943
  0.1480  226.88108129
  0.1490  226.95497901
  0.1500  226.97492728
  0.1510  226.94089291
  0.1520  226.85286475
  0.1530  226.71085369
  0.1540  226.51489262
  0.1550  226.26503630
  0.1560  225.96136135
  0.1570  225.60396615
  0.1580  225.19297074
  0.1590  224.72851673
  0.1600  224.21076719
  0.1610  223.63990651
  0.1620  223.01614029
  0.1630  222.33969522
  0.1640  221.61081887
  0.1650  220.82977961
  0.1660  219.99686640
  0.1670  219.11238860
  0.1680  218.17667585
  0.1690  217.19007781
  0.1700  216.15296401
  0.1710  215.06572359
  0.1720  213.92876516
  0.1730  212.74251650
  0.1740  211.50742435
  0.1750  210.22395421
  0.1760  208.89259003
  0.1770  207.51383399
  0.1780  206.08820623
  0.1790  204.61624459
  0.1800  203.09850430
  0.1810  201.53555772
  0.1820  199.92799406
  0.1830  198.27641905
  0.1840  196.58145466
  0.1850  194.84373877
  0.1860  193.06392487
  0.1870  191.24268173
  0.1880  189.38069307
  0.1890  187.47865722
  0.1900  185.53728678
  0.1910  183.55730829
  0.1920  181.53946186
  0.1930  179.48450082
  0.1940  177.39319138
  0.1950  175.26631222
  0.1960  173.10465416
  0.1970  170.90901977
  0.1980  168.68022299
  0.1990  166.41908876
  0.2000  164.12645263
  0.2010  161.80316036
  0.2020  159.45006754
  0.2030  157.06803919
  0.2040  154.65794937
  0.2050  152.22068075
  0.2060  149.75712427
  0.2070  147.26817866
  0.2080  144.75475007
  0.2090  142.21775168
  0.2100  139.65810325
  0.2110  137.07673072
  0.2120  134.47456580
  0.2130  131.85254558
  0.2140  129.21161206
  0.2150  126.55271177
  0.2160  123.87679536
  0.2170  121.18481715
  0.2180  118.47773476
  0.2190  115.75650863
  0.2200  113.02210167
  0.2210  110.27547879
  0.2220  107.51760652
  0.2230  104.74945258
  0.2240  101.97198546
  0.2250  99.18617403
  0.2260  96.39298710
  0.2270  93.59339305
  0.2280  90.78835939
  0.2290  87.97885235
  0.2300  85.16583651
  0.2310  82.35027438
  0.2320  79.53312602
  0.2330  76.71534861
  0.2340  73.89789609
  0.2350  71.08171877
  0.2360  68.26776294
  0.2370  65.45697049
  0.2380  62.65027853
  0.2390  59.84861906
  0.2400  57.05291853
  0.2410  54.26409758
  0.2420  51.48307059
  0.2430  48.71074542
  0.2440  45.94802306
  0.2450  43.19579727
  0.2460  40.45495437
  0.2470  37.72637287
  0.2480  35.01092331
  0.2490  32.30946806
  0.2500  29.62286120
  0.2510  26.95194858
  0.2520  24.29756808
  0.2530  21.66055027
  0.2540  19.04171991
  0.2550  16.44189905
  0.2560  13.86191383
  0.2570  11.30261077
  0.2580  8.76490109
  0.2590  6.24991119
  0.2600  3.75972497
  0.2610  1.30648717
  0.2620  1.19386882
  0.2630  3.59583647
  0.2640  5.98752463
  0.2650  8.35504282
  0.2660  10.69628715
  0.2670  13.01021536
  0.2680  15.29603870
  0.2690  17.55306204
  0.2700  19.78063706
  0.2710  21.97814533
  0.2720  24.14499105
  0.2730  26.28059775
  0.2740  28.38440663
  0.2750  30.45587570
  0.2760  32.49447934
  0.2770  34.49970809
  0.2780  36.47106853
  0.2790  38.40808328
  0.2800  40.31029102
  0.2810  42.17724651
  0.2820  44.00852068
  0.2830  45.80370066
  0.2840  47.56238985
  0.2850  49.28420799
  0.2860  50.96879124
  0.2870  52.61579218
  0.2880  54.22487993
  0.2890  55.79574014
  0.2900  57.32807504
  0.2910  58.82160351
  0.2920  60.27606105
  0.2930  61.69119986
  0.2940  63.06678877
  0.2950  64.40261334
  0.2960  65.69847579
  0.2970  66.95419499
  0.2980  68.16960650
  0.2990  69.34456249
  0.3000  70.47893173
  0.3010  71.57259956
  0.3020  72.62546782
  0.3030  73.63745482
  0.3040  74.60849528
  0.3050  75.53854026
  0.3060  76.42755706
  0.3070  77.27552920
  0.3080  78.08245627
  0.3090  78.84835388
  0.3100  79.57325355
  0.3110  80.25720257
  0.3120  80.90026397
  0.3130  81.50251629
  0.3140  82.06405355
  0.3150  82.58498507
  0.3160  83.06543536
  0.3170  83.50554392
  0.3180  83.90546519
  0.3190  84.26536829
  0.3200  84.58543692
  0.3210  84.86586920
  0.3220  85.10687745
  0.3230  85.30868808
  0.3240  85.47154133
  0.3250  85.59569115
  0.3260  85.68140499
  0.3270  85.72896357
  0.3280  85.73866073
  0.3290  85.71080318
  0.3300  85.64571032
  0.3310  85.54371400
  0.3320  85.40515835
  0.3330  85.23039947
  0.3340  85.01980530
  0.3350  84.77375532
  0.3360  84.49264035
  0.3370  84.17686229
  0.3380  83.82683391
  0.3390  83.44297856
  0.3400  83.02572997
  0.3410  82.57553196
  0.3420  82.09283822
  0.3430  81.57811201
  0.3440  81.03182597
  0.3450  80.45446177
  0.3460  79.84650991
  0.3470  79.20846945
  0.3480  78.54084770
  0.3490  77.84416000
  0.3500  77.11892941
  0.3510  76.36568646
  0.3520  75.58496887
  0.3530  74.77732126
  0.3540  73.94329489
  0.3550  73.08344737
  0.3560  72.19834239
  0.3570  71.28854943
  0.3580  70.35464348
  0.3590  69.39720477
  0.3600  68.41681848
  0.3610  67.41407443
  0.3620  66.38956687
  0.3630  65.34389412
  0.3640  64.27765833
  0.3650  63.19146518
  0.3660  62.08592363
  0.3670  60.96164559
  0.3680  59.81924568
  0.3690  58.65934092
  0.3700  57.48255050
  0.3710  56.28949543
  0.3720  55.08079834
  0.3730  53.85708315
  0.3740  52.61897481
  0.3750  51.36709905
  0.3760  50.10208209
  0.3770  48.82455037
  0.3780  47.53513031
  0.3790  46.23444800
  0.3800  44.92312899
  0.3810  43.60179800
  0.3820  42.27107866
  0.3830  40.93159330
  0.3840  39.58396264
  0.3850  38.22880560
  0.3860  36.86673902
  0.3870  35.49837744
  0.3880  34.12433289
  0.3890  32.74521460
  0.3900  31.36162886
  0.3910  29.97417876
  0.3920  28.58346400
  0.3930  27.19008073
  0.3940  25.79462133
  0.3950  24.39767432
  0.3960  22.99982417
  0.3970  21.60165131
  0.3980  20.20373205
  0.3990  18.80663865
  0.4000  17.41093956
  0.4010  16.01719982
  0.4020  14.62598182
  0.4030  13.23784664
  0.4040  11.85335653
  0.4050  10.47307929
  0.4060  9.09759696
  0.4070  7.72752354
  0.4080  6.36354556
  0.4090  5.00652802
  0.4100  3.65785231
  0.4110  2.32091370
  0.4120  1.01430746
  0.4130  0.49477114
  0.4140  1.72287017
  0.4150  3.02133781
  0.4160  4.31860016
  0.4170  5.60843546
  0.4180  6.88898203
  0.4190  8.15929073
  0.4200  9.41870587
  0.4210  10.66669352
  0.4220  11.90278074
  0.4230  13.12653023
  0.4240  14.33752852
  0.4250  15.53537995
  0.4260  16.71970346
  0.4270  17.89013066
  0.4280  19.04630478
  0.4290  20.18787998
  0.4300  21.31452093
  0.4310  22.42590256
  0.4320  23.52170988
  0.4330  24.60163788
  0.4340  25.66539146
  0.4350  26.71268541
  0.4360  27.74324434
  0.4370  28.75680274
  0.4380  29.75310491
  0.4390  30.73190501
  0.4400  31.69296699
  0.4410  32.63606468
  0.4420  33.56098173
  0.4430  34.46751160
  0.4440  35.35545759
  0.4450  36.22463281
  0.4460  37.07486018
  0.4470  37.90597240
  0.4480  38.71781195
  0.4490  39.51023103
  0.4500  40.28309161
  0.4510  41.03626531
  0.4520  41.76963342
  0.4530  42.48308686
  0.4540  43.17652614
  0.4550  43.84986127
  0.4560  44.50301179
  0.4570  45.13590665
  0.4580  45.74848419
  0.4590  46.34069207
  0.4600  46.91248719
  0.4610  47.46383567
  0.4620  47.99471272
  0.4630  48.50510263
  0.4640  48.99499862
  0.4650  49.46440284
  0.4660  49.91332621
  0.4670  50.34178838
  0.4680  50.74981764
  0.4690  51.13745080
  0.4700  51.50473311
  0.4710  51.85171817
  0.4720  52.17846780
  0.4730  52.48505196
  0.4740  52.77154864
  0.4750  53.03804374
  0.4760  53.28463095
  0.4770  53.51141165
  0.4780  53.71849480
  0.4790  53.90599679
  0.4800  54.07404134
  0.4810  54.22275937
  0.4820  54.35228887
  0.4830  54.46277478
  0.4840  54.55436882
  0.4850  54.62722944
  0.4860  54.68152158
  0.4870  54.71741663
  0.4880  54.73509221
  0.4890  54.73473209
  0.4900  54.71652603
  0.4910  54.68066961
  0.4920  54.62736412
  0.4930  54.55681643
  0.4940  54.46923876
  0.4950  54.36484863
  0.4960  54.24386866
  0.4970  54.10652641
  0.4980  53.95305428
  0.4990  53.78368929
  0.5000  53.59867298
  0.5010  53.39825125
  0.5020  53.18267418
  0.5030  52.95219588
  0.5040  52.70707438
  0.5050  52.44757142
  0.5060  52.17395231
  0.5070  51.88648579
  0.5080  51.58544386
  0.5090  51.27110163
  0.5100  50.94373717
  0.5110  50.60363133
  0.5120  50.25106762
  0.5130  49.88633201
  0.5140  49.50971283
  0.5150  49.12150057
  0.5160  48.72198774
  0.5170  48.31146871
  0.5180  47.89023959
  0.5190  47.45859803
  0.5200  47.01684310
  0.5210  46.56527512
  0.5220  46.10419554
  0.5230  45.63390673
  0.5240  45.15471191
  0.5250  44.66691494
  0.5260  44.17082021
  0.5270  43.66673248
  0.5280  43.15495674
  0.5290  42.63579804
  0.5300  42.10956142
  0.5310  41.57655168
  0.5320  41.03707331
  0.5330  40.49143033
  0.5340  39.93992615
  0.5350  39.38286342
  0.5360  38.82054394
  0.5370  38.25326850
  0.5380  37.68133675
  0.5390  37.10504708
  0.5400  36.52469651
  0.5410  35.94058054
  0.5420  35.35299303
  0.5430  34.76222610
  0.5440  34.16857001
  0.5450  33.57231302
  0.5460  32.97374129
  0.5470  32.37313879
  0.5480  31.77078717
  0.5490  31.16696564
  0.5500  30.56195088
  0.5510  29.95601694
  0.5520  29.34943515
  0.5530  28.74247400
  0.5540  28.13539903
  0.5550  27.52847280
  0.5560  26.92195471
  0.5570  26.31610099
  0.5580  25.71116458
  0.5590  25.10739504
  0.5600  24.50503846
  0.5610  23.90433743
  0.5620  23.30553091
  0.5630  22.70885418
  0.5640  22.11453876
  0.5650  21.52281235
  0.5660  20.93389877
  0.5670  20.34801786
  0.5680  19.76538547
  0.5690  19.18621335
  0.5700  18.61070915
  0.5710  18.03907632
  0.5720  17.47151406
  0.5730  16.90821731
  0.5740  16.34937668
  0.5750  15.79517840
  0.5760  15.24580430
  0.5770  14.70143176
  0.5780  14.16223368
  0.5790  13.62837845
  0.5800  13.10002993
  0.5810  12.57734741
  0.5820  12.06048558
  0.5830  11.54959457
  0.5840  11.04481987
  0.5850  10.54630234
  0.5860  10.05417824
  0.5870  9.56857919
  0.5880  9.08963219
  0.5890  8.61745965
  0.5900  8.15217938
  0.5910  7.69390468
  0.5920  7.24274434
  0.5930  6.79880273
  0.5940  6.36217989
  0.5950  5.93297168
  0.5960  5.51126996
  0.5970  5.09716282
  0.5980  4.69073499
  0.5990  4.29206838
  0.6000  3.90124291
  0.6010  3.51833784
  0.6020  3.14343385
  0.6030  2.77661670
  0.6040  2.41798374
  0.6050  2.06765640
  0.6060  1.72580640
  0.6070  1.39271676
  0.6080  1.06894700
  0.6090  0.75588801
  0.6100  0.45841027
  0.6110  0.20889153
  0.6120  0.23850333
  0.6130  0.48506911
  0.6140  0.75143844
  0.6150  1.01547594
  0.6160  1.27338465
  0.6170  1.52402764
  0.6180  1.76695594
  0.6190  2.00196405
  0.6200  2.22895177
  0.6210  2.44787168
  0.6220  2.65870613
  0.6230  2.86145606
  0.6240  3.05613504
  0.6250  3.24276598
  0.6260  3.42137911
  0.6270  3.59201073
  0.6280  3.75470240
  0.6290  3.90950034
  0.6300  4.05645507
  0.6310  4.19562106
  0.6320  4.32705654
  0.6330  4.45082326
  0.6340  4.56698640
  0.6350  4.67561436
  0.6360  4.77677868
  0.6370  4.87055393
  0.6380  4.95701762
  0.6390  5.03625004
  0.6400  5.10833425
  0.6410  5.17335594
  0.6420  5.23140337
  0.6430  5.28256726
  0.6440  5.32694073
  0.6450  5.36461920
  0.6460  5.39570033
  0.6470  5.42028391
  0.6480  5.43847179
  0.6490  5.45036784
  0.6500  5.45607780
  0.6510  5.45570924
  0.6520  5.44937149
  0.6530  5.43717553
  0.6540  5.41923396
  0.6550  5.39566084
  0.6560  5.36657170
  0.6570  5.33208341
  0.6580  5.29231411
  0.6590  5.24738315
  0.6600  5.19741098
  0.6610  5.14251910
  0.6620  5.08283000
  0.6630  5.01846703
  0.6640  4.94955437
  0.6650  4.87621693
  0.6660  4.79858031
  0.6670  4.71677067
  0.6680  4.63091472
  0.6690  4.54113961
  0.6700  4.44757285
  0.6710  4.35034227
  0.6720  4.24957596
  0.6730  4.14540214
  0.6740  4.03794917
  0.6750  3.92734544
  0.6760  3.81371931
  0.6770  3.69719906
  0.6780  3.57791285
  0.6790  3.45598864
  0.6800  3.33155413
  0.6810  3.20473675
  0.6820  3.07566362
  0.6830  2.94446146
  0.6840  2.81125668
  0.6850  2.67617525
  0.6860  2.53934284
  0.6870  2.40088478
  0.6880  2.26092618
  0.6890  2.11959209
  0.6900  1.97700775
  0.6910  1.83329894
  0.6920  1.68859269
  0.6930  1.54301822
  0.6940  1.39670872
  0.6950  1.24980425
  0.6960  1.10245720
  0.6970  0.95484265
  0.6980  0.80718029
  0.6990  0.65978556
  0.7000  0.51320772
  0.7010  0.36869003
  0.7020  0.23029600
  0.7030  0.12098311
  0.7040  0.14336733
  0.7050  0.26549509
  0.7060  0.40499338
  0.7070  0.54828704
  0.7080  0.69256265
  0.7090  0.83686584
  0.7100  0.98075081
  0.7110  1.12395603
  0.7120  1.26630025
  0.7130  1.40764239
  0.7140  1.54786369
  0.7150  1.68685902
  0.7160  1.82453233
  0.7170  1.96079402
  0.7180  2.09555949
  0.7190  2.22874816
  0.7200  2.36028288
  0.7210  2.49008957
  0.7220  2.61809694
  0.7230  2.74423632
  0.7240  2.86844154
  0.7250  2.99064884
  0.7260  3.11079680
  0.7270  3.22882631
  0.7280  3.34468052
  0.7290  3.45830483
  0.7300  3.56964686
  0.7310  3.67865641
  0.7320  3.78528552
  0.7330  3.88948837
  0.7340  3.99122133
  0.7350  4.09044292
  0.7360  4.18711383
  0.7370  4.28119687
  0.7380  4.37265700
  0.7390  4.46146127
  0.7400  4.54757889
  0.7410  4.63098113
  0.7420  4.71164136
  0.7430  4.78953502
  0.7440  4.86463962
  0.7450  4.93693471
  0.7460  5.00640187
  0.7470  5.07302471
  0.7480  5.13678881
  0.7490  5.19768176
  0.7500  5.25569309
  0.7510  5.31081429
  0.7520  5.36303875
  0.7530  5.41236178
  0.7540  5.45878057
  0.7550  5.50229416
  0.7560  5.54290341
  0.7570  5.58061101
  0.7580  5.61542143
  0.7590  5.64734089
  0.7600  5.67637735
  0.7610  5.70254048
  0.7620  5.72584160
  0.7630  5.74629372
  0.7640  5.76391144
  0.7650  5.77871096
  0.7660  5.79071005
  0.7670  5.79992800
  0.7680  5.80638561
  0.7690  5.81010512
  0.7700  5.81111025
  0.7710  5.80942610
  0.7720  5.80507913
  0.7730  5.79809715
  0.7740  5.78850928
  0.7750  5.77634591
  0.7760  5.76163865
  0.7770  5.74442032
  0.7780  5.72472492
  0.7790  5.70258756
  0.7800  5.67804445
  0.7810  5.65113288
  0.7820  5.62189113
  0.7830  5.59035852
  0.7840  5.55657526
  0.7850  5.52058253
  0.7860  5.48242237
  0.7870  5.44213765
  0.7880  5.39977208
  0.7890  5.35537012
  0.7900  5.30897697
  0.7910  5.26063853
  0.7920  5.21040137
  0.7930  5.15831268
  0.7940  5.10442024
  0.7950  5.04877239
  0.7960  4.99141799
  0.7970  4.93240638
  0.7980  4.87178736
  0.7990  4.80961114
  0.8000  4.74592829
  0.8010  4.68078976
  0.8020  4.61424677
  0.8030  4.54635086
  0.8040  4.47715378
  0.8050  4.40670749
  0.8060  4.33506415
  0.8070  4.26227605
  0.8080  4.18839558
  0.8090  4.11347523
  0.8100  4.03756754
  0.8110  3.96072505
  0.8120  3.88300031
  0.8130  3.80444580
  0.8140  3.72511397
  0.8150  3.64505714
  0.8160  3.56432753
  0.8170  3.48297719
  0.8180  3.40105800
  0.8190  3.31862164
  0.8200  3.23571955
  0.8210  3.15240296
  0.8220  3.06872279
  0.8230  2.98472969
  0.8240  2.90047400
  0.8250  2.81600573
  0.8260  2.73137456
  0.8270  2.64662982
  0.8280  2.56182045
  0.8290  2.47699506
  0.8300  2.39220187
  0.8310  2.30748872
  0.8320  2.22290310
  0.8330  2.13849215
  0.8340  2.05430267
  0.8350  1.97038117
  0.8360  1.88677388
  0.8370  1.80352687
  0.8380  1.72068607
  0.8390  1.63829738
  0.8400  1.55640687
  0.8410  1.47506090
  0.8420  1.39430641
  0.8430  1.31419124
  0.8440  1.23476462
  0.8450  1.15607777
  0.8460  1.07818484
  0.8470  1.00114413
  0.8480  0.92501993
  0.8490  0.84988526
  0.8500  0.77582592
  0.8510  0.70294694
  0.8520  0.63138282
  0.8530  0.56131472
  0.8540  0.49300025
  0.8550  0.42682756
  0.8560  0.36341817
  0.8570  0.30383048
  0.8580  0.24996802
  0.8590  0.20532807
  0.8600  0.17580298
  0.8610  0.16818581
  0.8620  0.18399905
  0.8630  0.21718073
  0.8640  0.26033206
  0.8650  0.30857918
  0.8660  0.35925157
  0.8670  0.41090688
  0.8680  0.46273217
  0.8690  0.51424291
  0.8700  0.56513398
  0.8710  0.61520346
  0.8720  0.66431169
  0.8730  0.71235830
  0.8740  0.75926868
  0.8750  0.80498581
  0.8760  0.84946499
  0.8770  0.89267052
  0.8780  0.93457339
  0.8790  0.97514972
  0.8800  1.01437972
  0.8810  1.05224686
  0.8820  1.08873731
  0.8830  1.12383953
  0.8840  1.15754397
  0.8850  1.18984276
  0.8860  1.22072962
  0.8870  1.25019960
  0.8880  1.27824907
  0.8890  1.30487552
  0.8900  1.33007757
  0.8910  1.35385484
  0.8920  1.37620795
  0.8930  1.39713840
  0.8940  1.41664860
  0.8950  1.43474180
  0.8960  1.45142205
  0.8970  1.46669420
  0.8980  1.48056383
  0.8990  1.49303728
  0.9000  1.50412157
  0.9010  1.51382443
  0.9020  1.52215424
  0.9030  1.52912004
  0.9040  1.53473148
  0.9050  1.53899884
  0.9060  1.54193297
  0.9070  1.54354533
  0.9080  1.54384789
  0.9090  1.54285320
  0.9100  1.54057433
  0.9110  1.53702485
  0.9120  1.53221883
  0.9130  1.52617082
  0.9140  1.51889582
  0.9150  1.51040931
  0.9160  1.50072718
  0.9170  1.48986573
  0.9180  1.47784170
  0.9190  1.46467218
  0.9200  1.45037467
  0.9210  1.43496701
  0.9220  1.41846739
  0.9230  1.40089435
  0.9240  1.38226673
  0.9250  1.36260369
  0.9260  1.34192467
  0.9270  1.32024942
  0.9280  1.29759793
  0.9290  1.27399045
  0.9300  1.24944749
  0.9310  1.22398978
  0.9320  1.19763828
  0.9330  1.17041416
  0.9340  1.14233880
  0.9350  1.11343377
  0.9360  1.08372081
  0.9370  1.05322188
  0.9380  1.02195908
  0.9390  0.98995471
  0.9400  0.95723124
  0.9410  0.92381130
  0.9420  0.88971774
  0.9430  0.85497359
  0.9440  0.81960211
  0.9450  0.78362682
  0.9460  0.74707152
  0.9470  0.70996042
  0.9480  0.67231815
  0.9490  0.63416998
  0.9500  0.59554195
  0.9510  0.55646121
  0.9520  0.51695643
  0.9530  0.47705851
  0.9540  0.43680159
  0.9550  0.39622486
  0.9560  0.35537549
  0.9570  0.31431408
  0.9580  0.27312488
  0.9590  0.23193716
  0.9600  0.19097366
  0.9610  0.15067591
  0.9620  0.11208233
  0.9630  0.07818101
  0.9640  0.05838891
  0.9650  0.06710343
  0.9660  0.09713588
  0.9670  0.13506268
  0.9680  0.17592760
  0.9690  0.21813307
  0.9700  0.26105610
  0.9710  0.30440442
  0.9720  0.34801885
  0.9730  0.39180148
  0.9740  0.43568564
  0.9750  0.47962194
  0.9760  0.52357122
  0.9770  0.56750070
  0.9780  0.61138181
  0.9790  0.65518883
  0.9800  0.69889811
  0.9810  0.74248750
  0.9820  0.78593604
  0.9830  0.82922365
  0.9840  0.87233105
  0.9850  0.91523958
  0.9860  0.95793111
  0.9870  1.00038804
  0.9880  1.04259318
  0.9890  1.08452977
  0.9900  1.12618143
  0.9910  1.16753214
  0.9920  1.20856623
  0.9930  1.24926837
  0.9940  1.28962357
  0.9950  1.32961714
  0.9960  1.36923472
  0.9970  1.40846227
  0.9980  1.44728606
  0.9990  1.48569264
