  0.0000  6.46946495
  0.0010  6.48672576
  0.0020  6.53850177
  0.0030  6.62477367
  0.0040  6.74550935
  0.0050  6.90066386
  0.0060  7.09017947
  0.0070  7.31398575
  0.0080  7.57199957
  0.0090  7.86412514
  0.0100  8.19025412
  0.0110  8.55026561
  0.0120  8.94402621
  0.0130  9.37139009
  0.0140  9.83219904
  0.0150  10.32628249
  0.0160  10.85345761
  0.0170  11.41352934
  0.0180  12.00629048
  0.0190  12.63152173
  0.0200  13.28899181
  0.0210  13.97845748
  0.0220  14.69966368
  0.0230  15.45234358
  0.0240  16.23621869
  0.0250  17.05099897
  0.0260  17.89638290
  0.0270  18.77205762
  0.0280  19.67769902
  0.0290  20.61297188
  0.0300  21.57752995
  0.0310  22.57101612
  0.0320  23.59306252
  0.0330  24.64329064
  0.0340  25.72131152
  0.0350  26.82672583
  0.0360  27.95912404
  0.0370  29.11808657
  0.0380  30.30318393
  0.0390  31.51397689
  0.0400  32.75001663
  0.0410  34.01084487
  0.0420  35.29599411
  0.0430  36.60498772
  0.0440  37.93734016
  0.0450  39.29255712
  0.0460  40.67013574
  0.0470  42.06956475
  0.0480  43.49032467
  0.0490  44.93188801
  0.0500  46.39371943
  0.0510  47.87527597
  0.0520  49.37600721
  0.0530  50.89535548
  0.0540  52.43275606
  0.0550  53.98763740
  0.0560  55.55942130
  0.0570  57.14752313
  0.0580  58.75135203
  0.0590  60.37031114
  0.0600  62.00379780
  0.0610  63.65120377
  0.0620  65.31191545
  0.0630  66.98531410
  0.0640  68.67077606
  0.0650  70.36767297
  0.0660  72.07537200
  0.0670  73.79323609
  0.0680  75.52062415
  0.0690  77.25689132
  0.0700  79.00138917
  0.0710  80.75346596
  0.0720  82.51246686
  0.0730  84.27773420
  0.0740  86.04860766
  0.0750  87.82442458
  0.0760  89.60452014
  0.0770  91.38822760
  0.0780  93.17487859
  0.0790  94.96380327
  0.0800  96.75433065
  0.0810  98.54578878
  0.0820  100.33750501
  0.0830  102.12880620
  0.0840  103.91901903
  0.0850  105.70747017
  0.0860  107.49348653
  0.0870  109.27639557
  0.0880  111.05552543
  0.0890  112.83020528
  0.0900  114.59976547
  0.0910  116.36353784
  0.0920  118.12085590
  0.0930  119.87105511
  0.0940  121.61347310
  0.0950  123.34744991
  0.0960  125.07232822
  0.0970  126.78745359
  0.0980  128.49217469
  0.0990  130.18584354
  0.1000  131.86781574
  0.1010  133.53745067
  0.1020  135.19411177
  0.1030  136.83716674
  0.1040  138.46598774
  0.1050  140.07995165
  0.1060  141.67844030
  0.1070  143.26084065
  0.1080  144.82654501
  0.1090  146.37495132
  0.1100  147.90546328
  0.1110  149.41749061
  0.1120  150.91044925
  0.1130  152.38376155
  0.1140  153.83685653
  0.1150  155.26917000
  0.1160  156.68014482
  0.1170  158.06923107
  0.1180  159.43588628
  0.1190  160.77957555
  0.1200  162.09977183
  0.1210  163.39595604
  0.1220  164.66761726
  0.1230  165.91425294
  0.1240  167.13536906
  0.1250  168.33048029
  0.1260  169.49911020
  0.1270  170.64079137
  0.1280  171.75506560
  0.1290  172.84148407
  0.1300  173.89960745
  0.1310  174.92900612
  0.1320  175.92926026
  0.1330  176.89996005
  0.1340  177.84070575
  0.1350  178.75110791
  0.1360  179.63078745
  0.1370  180.47937581
  0.1380  181.29651508
  0.1390  182.08185814
  0.1400  182.83506874
  0.1410  183.55582164
  0.1420  184.24380272
  0.1430  184.89870910
  0.1440  185.52024922
  0.1450  186.10814294
  0.1460  186.66212166
  0.1470  187.18192837
  0.1480  187.66731780
  0.1490  188.11805642
  0.1500  188.53392259
  0.1510  188.91470661
  0.1520  189.26021075
  0.1530  189.57024938
  0.1540  189.84464898
  0.1550  190.08324824
  0.1560  190.28589805
  0.1570  190.45246161
  0.1580  190.58281444
  0.1590  190.67684442
  0.1600  190.73445183
  0.1610  190.75554938
  0.1620  190.74006221
  0.1630  190.68792797
  0.1640  190.59909675
  0.1650  190.47353116
  0.1660  190.31120632
  0.1670  190.11210983
  0.1680  189.87624182
  0.1690  189.60361489
  0.1700  189.29425413
  0.1710  188.94819709
  0.1720  188.56549378
  0.1730  188.14620660
  0.1740  187.69041036
  0.1750  187.19819223
  0.1760  186.66965166
  0.1770  186.10490041
  0.1780  185.50406243
  0.1790  184.86727386
  0.1800  184.19468294
  0.1810  183.48644998
  0.1820  182.74274726
  0.1830  181.96375898
  0.1840  181.14968118
  0.1850  180.30072167
  0.1860  179.41709994
  0.1870  178.49904706
  0.1880  177.54680561
  0.1890  176.56062960
  0.1900  175.54078431
  0.1910  174.48754625
  0.1920  173.40120302
  0.1930  172.28205320
  0.1940  171.13040626
  0.1950  169.94658239
  0.1960  168.73091244
  0.1970  167.48373773
  0.1980  166.20540999
  0.1990  164.89629115
  0.2000  163.55675325
  0.2010  162.18717831
  0.2020  160.78795813
  0.2030  159.35949420
  0.2040  157.90219751
  0.2050  156.41648840
  0.2060  154.90279643
  0.2070  153.36156019
  0.2080  151.79322713
  0.2090  150.19825343
  0.2100  148.57710378
  0.2110  146.93025125
  0.2120  145.25817710
  0.2130  143.56137056
  0.2140  141.84032873
  0.2150  140.09555631
  0.2160  138.32756549
  0.2170  136.53687569
  0.2180  134.72401341
  0.2190  132.88951204
  0.2200  131.03391164
  0.2210  129.15775874
  0.2220  127.26160617
  0.2230  125.34601282
  0.2240  123.41154347
  0.2250  121.45876857
  0.2260  119.48826400
  0.2270  117.50061092
  0.2280  115.49639552
  0.2290  113.47620881
  0.2300  111.44064643
  0.2310  109.39030841
  0.2320  107.32579895
  0.2330  105.24772625
  0.2340  103.15670223
  0.2350  101.05334236
  0.2360  98.93826544
  0.2370  96.81209334
  0.2380  94.67545083
  0.2390  92.52896535
  0.2400  90.37326678
  0.2410  88.20898723
  0.2420  86.03676084
  0.2430  83.85722355
  0.2440  81.67101291
  0.2450  79.47876785
  0.2460  77.28112849
  0.2470  75.07873595
  0.2480  72.87223213
  0.2490  70.66225954
  0.2500  68.44946113
  0.2510  66.23448011
  0.2520  64.01795977
  0.2530  61.80054340
  0.2540  59.58287410
  0.2550  57.36559472
  0.2560  55.14934778
  0.2570  52.93477545
  0.2580  50.72251956
  0.2590  48.51322168
  0.2600  46.30752332
  0.2610  44.10606616
  0.2620  41.90949254
  0.2630  39.71844607
  0.2640  37.53357259
  0.2650  35.35552148
  0.2660  33.18494761
  0.2670  31.02251414
  0.2680  28.86889656
  0.2690  26.72478876
  0.2700  24.59091226
  0.2710  22.46803046
  0.2720  20.35697174
  0.2730  18.25866789
  0.2740  16.17422151
  0.2750  14.10503099
  0.2760  12.05303942
  0.2770  10.02127767
  0.2780  8.01520060
  0.2790  6.04656541
  0.2800  4.14774674
  0.2810  2.44742869
  0.2820  1.65231234
  0.2830  2.68860838
  0.2840  4.39124504
  0.2850  6.21972323
  0.2860  8.07589942
  0.2870  9.93322218
  0.2880  11.78161060
  0.2890  13.61627004
  0.2900  15.43451098
  0.2910  17.23461658
  0.2920  19.01537147
  0.2930  20.77584200
  0.2940  22.51526431
  0.2950  24.23298337
  0.2960  25.92841774
  0.2970  27.60103840
  0.2980  29.25035537
  0.2990  30.87590915
  0.3000  32.47726492
  0.3010  34.05400867
  0.3020  35.60574446
  0.3030  37.13209251
  0.3040  38.63268785
  0.3050  40.10717929
  0.3060  41.55522870
  0.3070  42.97651049
  0.3080  44.37071121
  0.3090  45.73752926
  0.3100  47.07667465
  0.3110  48.38786888
  0.3120  49.67084477
  0.3130  50.92534643
  0.3140  52.15112918
  0.3150  53.34795947
  0.3160  54.51561492
  0.3170  55.65388423
  0.3180  56.76256721
  0.3190  57.84147478
  0.3200  58.89042894
  0.3210  59.90926275
  0.3220  60.89782041
  0.3230  61.85595716
  0.3240  62.78353935
  0.3250  63.68044440
  0.3260  64.54656082
  0.3270  65.38178819
  0.3280  66.18603713
  0.3290  66.95922933
  0.3300  67.70129753
  0.3310  68.41218546
  0.3320  69.09184785
  0.3330  69.74025043
  0.3340  70.35736985
  0.3350  70.94319367
  0.3360  71.49772036
  0.3370  72.02095920
  0.3380  72.51293027
  0.3390  72.97366444
  0.3400  73.40320323
  0.3410  73.80159885
  0.3420  74.16891409
  0.3430  74.50522226
  0.3440  74.81060717
  0.3450  75.08516299
  0.3460  75.32899425
  0.3470  75.54221571
  0.3480  75.72495233
  0.3490  75.87733914
  0.3500  75.99952119
  0.3510  76.09165341
  0.3520  76.15390061
  0.3530  76.18643727
  0.3540  76.18944753
  0.3550  76.16312504
  0.3560  76.10767286
  0.3570  76.02330336
  0.3580  75.91023811
  0.3590  75.76870774
  0.3600  75.59895184
  0.3610  75.40121883
  0.3620  75.17576586
  0.3630  74.92285862
  0.3640  74.64277129
  0.3650  74.33578632
  0.3660  74.00219436
  0.3670  73.64229411
  0.3680  73.25639213
  0.3690  72.84480276
  0.3700  72.40784793
  0.3710  71.94585702
  0.3720  71.45916672
  0.3730  70.94812087
  0.3740  70.41307029
  0.3750  69.85437264
  0.3760  69.27239226
  0.3770  68.66750000
  0.3780  68.04007306
  0.3790  67.39049482
  0.3800  66.71915468
  0.3810  66.02644790
  0.3820  65.31277540
  0.3830  64.57854364
  0.3840  63.82416441
  0.3850  63.05005465
  0.3860  62.25663633
  0.3870  61.44433623
  0.3880  60.61358577
  0.3890  59.76482086
  0.3900  58.89848171
  0.3910  58.01501268
  0.3920  57.11486207
  0.3930  56.19848198
  0.3940  55.26632814
  0.3950  54.31885970
  0.3960  53.35653915
  0.3970  52.37983206
  0.3980  51.38920699
  0.3990  50.38513531
  0.4000  49.36809105
  0.4010  48.33855074
  0.4020  47.29699330
  0.4030  46.24389991
  0.4040  45.17975386
  0.4050  44.10504046
  0.4060  43.02024694
  0.4070  41.92586238
  0.4080  40.82237764
  0.4090  39.71028534
  0.4100  38.59007981
  0.4110  37.46225717
  0.4120  36.32731538
  0.4130  35.18575435
  0.4140  34.03807612
  0.4150  32.88478516
  0.4160  31.72638873
  0.4170  30.56339732
  0.4180  29.39632539
  0.4190  28.22569219
  0.4200  27.05202290
  0.4210  25.87585012
  0.4220  24.69771589
  0.4230  23.51817420
  0.4240  22.33779456
  0.4250  21.15716658
  0.4260  19.97690636
  0.4270  18.79766515
  0.4280  17.62014153
  0.4290  16.44509868
  0.4300  15.27338941
  0.4310  14.10599314
  0.4320  12.94407222
  0.4330  11.78905986
  0.4340  10.64280230
  0.4350  9.50779760
  0.4360  8.38761458
  0.4370  7.28766546
  0.4380  6.21671299
  0.4390  5.18998634
  0.4400  4.23593932
  0.4410  3.41077241
  0.4420  2.82261791
  0.4430  2.62713337
  0.4440  2.89676943
  0.4450  3.51940900
  0.4460  4.33986079
  0.4470  5.26122000
  0.4480  6.23428002
  0.4490  7.23401660
  0.4500  8.24689494
  0.4510  9.26505461
  0.4520  10.28361399
  0.4530  11.29935301
  0.4540  12.31003032
  0.4550  13.31400938
  0.4560  14.31004336
  0.4570  15.29714606
  0.4580  16.27451146
  0.4590  17.24146191
  0.4600  18.19741388
  0.4610  19.14185462
  0.4620  20.07432596
  0.4630  20.99441287
  0.4640  21.90173519
  0.4650  22.79594153
  0.4660  23.67670481
  0.4670  24.54371884
  0.4680  25.39669573
  0.4690  26.23536391
  0.4700  27.05946658
  0.4710  27.86876049
  0.4720  28.66301496
  0.4730  29.44201116
  0.4740  30.20554142
  0.4750  30.95340878
  0.4760  31.68542656
  0.4770  32.40141805
  0.4780  33.10121616
  0.4790  33.78466327
  0.4800  34.45161099
  0.4810  35.10191999
  0.4820  35.73545985
  0.4830  36.35210897
  0.4840  36.95175442
  0.4850  37.53429185
  0.4860  38.09962543
  0.4870  38.64766773
  0.4880  39.17833965
  0.4890  39.69157036
  0.4900  40.18729726
  0.4910  40.66546584
  0.4920  41.12602970
  0.4930  41.56895040
  0.4940  41.99419750
  0.4950  42.40174839
  0.4960  42.79158831
  0.4970  43.16371024
  0.4980  43.51811487
  0.4990  43.85481048
  0.5000  44.17381294
  0.5010  44.47514558
  0.5020  44.75883917
  0.5030  45.02493180
  0.5040  45.27346886
  0.5050  45.50450290
  0.5060  45.71809361
  0.5070  45.91430769
  0.5080  46.09321883
  0.5090  46.25490754
  0.5100  46.39946114
  0.5110  46.52697365
  0.5120  46.63754565
  0.5130  46.73128428
  0.5140  46.80830305
  0.5150  46.86872181
  0.5160  46.91266662
  0.5170  46.94026964
  0.5180  46.95166908
  0.5190  46.94700901
  0.5200  46.92643933
  0.5210  46.89011564
  0.5220  46.83819909
  0.5230  46.77085633
  0.5240  46.68825934
  0.5250  46.59058536
  0.5260  46.47801674
  0.5270  46.35074083
  0.5280  46.20894988
  0.5290  46.05284088
  0.5300  45.88261548
  0.5310  45.69847984
  0.5320  45.50064449
  0.5330  45.28932425
  0.5340  45.06473804
  0.5350  44.82710883
  0.5360  44.57666343
  0.5370  44.31363239
  0.5380  44.03824991
  0.5390  43.75075364
  0.5400  43.45138458
  0.5410  43.14038694
  0.5420  42.81800803
  0.5430  42.48449807
  0.5440  42.14011011
  0.5450  41.78509986
  0.5460  41.41972557
  0.5470  41.04424788
  0.5480  40.65892970
  0.5490  40.26403604
  0.5500  39.85983393
  0.5510  39.44659223
  0.5520  39.02458150
  0.5530  38.59407389
  0.5540  38.15534299
  0.5550  37.70866367
  0.5560  37.25431198
  0.5570  36.79256499
  0.5580  36.32370068
  0.5590  35.84799775
  0.5600  35.36573556
  0.5610  34.87719395
  0.5620  34.38265309
  0.5630  33.88239340
  0.5640  33.37669539
  0.5650  32.86583953
  0.5660  32.35010611
  0.5670  31.82977513
  0.5680  31.30512618
  0.5690  30.77643829
  0.5700  30.24398980
  0.5710  29.70805829
  0.5720  29.16892038
  0.5730  28.62685168
  0.5740  28.08212663
  0.5750  27.53501840
  0.5760  26.98579877
  0.5770  26.43473801
  0.5780  25.88210479
  0.5790  25.32816604
  0.5800  24.77318687
  0.5810  24.21743047
  0.5820  23.66115797
  0.5830  23.10462839
  0.5840  22.54809849
  0.5850  21.99182275
  0.5860  21.43605320
  0.5870  20.88103939
  0.5880  20.32702830
  0.5890  19.77426424
  0.5900  19.22298878
  0.5910  18.67344073
  0.5920  18.12585602
  0.5930  17.58046766
  0.5940  17.03750571
  0.5950  16.49719725
  0.5960  15.95976629
  0.5970  15.42543384
  0.5980  14.89441782
  0.5990  14.36693314
  0.6000  13.84319168
  0.6010  13.32340236
  0.6020  12.80777122
  0.6030  12.29650151
  0.6040  11.78979387
  0.6050  11.28784649
  0.6060  10.79085538
  0.6070  10.29901471
  0.6080  9.81251725
  0.6090  9.33155491
  0.6100  8.85631948
  0.6110  8.38700355
  0.6120  7.92380179
  0.6130  7.46691254
  0.6140  7.01654001
  0.6150  6.57289721
  0.6160  6.13620997
  0.6170  5.70672246
  0.6180  5.28470507
  0.6190  4.87046563
  0.6200  4.46436594
  0.6210  4.06684650
  0.6220  3.67846474
  0.6230  3.29995562
  0.6240  2.93233086
  0.6250  2.57704747
  0.6260  2.23630375
  0.6270  1.91357718
  0.6280  1.61461959
  0.6290  1.34925016
  0.6300  1.13407326
  0.6310  0.99398643
  0.6320  0.95415177
  0.6330  1.01872539
  0.6340  1.16401501
  0.6350  1.35896906
  0.6360  1.58072528
  0.6370  1.81555006
  0.6380  2.05555867
  0.6390  2.29614379
  0.6400  2.53450966
  0.6410  2.76888900
  0.6420  2.99812138
  0.6430  3.22141924
  0.6440  3.43823316
  0.6450  3.64817131
  0.6460  3.85094971
  0.6470  4.04636041
  0.6480  4.23425064
  0.6490  4.41450875
  0.6500  4.58705452
  0.6510  4.75183231
  0.6520  4.90880615
  0.6530  5.05795617
  0.6540  5.19927592
  0.6550  5.33277033
  0.6560  5.45845420
  0.6570  5.57635097
  0.6580  5.68649178
  0.6590  5.78891470
  0.6600  5.88366411
  0.6610  5.97079024
  0.6620  6.05034867
  0.6630  6.12240003
  0.6640  6.18700969
  0.6650  6.24424746
  0.6660  6.29418741
  0.6670  6.33690763
  0.6680  6.37249003
  0.6690  6.40102021
  0.6700  6.42258729
  0.6710  6.43728374
  0.6720  6.44520529
  0.6730  6.44645076
  0.6740  6.44112196
  0.6750  6.42932356
  0.6760  6.41116299
  0.6770  6.38675031
  0.6780  6.35619813
  0.6790  6.31962149
  0.6800  6.27713773
  0.6810  6.22886646
  0.6820  6.17492939
  0.6830  6.11545024
  0.6840  6.05055469
  0.6850  5.98037025
  0.6860  5.90502614
  0.6870  5.82465325
  0.6880  5.73938400
  0.6890  5.64935227
  0.6900  5.55469330
  0.6910  5.45554358
  0.6920  5.35204079
  0.6930  5.24432369
  0.6940  5.13253201
  0.6950  5.01680641
  0.6960  4.89728834
  0.6970  4.77411996
  0.6980  4.64744408
  0.6990  4.51740404
  0.7000  4.38414362
  0.7010  4.24780699
  0.7020  4.10853858
  0.7030  3.96648302
  0.7040  3.82178506
  0.7050  3.67458945
  0.7060  3.52504092
  0.7070  3.37328402
  0.7080  3.21946313
  0.7090  3.06372230
  0.7100  2.90620524
  0.7110  2.74705523
  0.7120  2.58641502
  0.7130  2.42442684
  0.7140  2.26123231
  0.7150  2.09697239
  0.7160  1.93178745
  0.7170  1.76581721
  0.7180  1.59920092
  0.7190  1.43207755
  0.7200  1.26458627
  0.7210  1.09686742
  0.7220  0.92906460
  0.7230  0.76132956
  0.7240  0.59383557
  0.7250  0.42682190
  0.7260  0.26080813
  0.7270  0.09895887
  0.7280  0.08335468
  0.7290  0.24244693
  0.7300  0.40549762
  0.7310  0.56822364
  0.7320  0.73004841
  0.7330  0.89073377
  0.7340  1.05012019
  0.7350  1.20807553
  0.7360  1.36448007
  0.7370  1.51922117
  0.7380  1.67219093
  0.7390  1.82328511
  0.7400  1.97240263
  0.7410  2.11944528
  0.7420  2.26431756
  0.7430  2.40692661
  0.7440  2.54718216
  0.7450  2.68499656
  0.7460  2.82028471
  0.7470  2.95296412
  0.7480  3.08295493
  0.7490  3.21017985
  0.7500  3.33456429
  0.7510  3.45603627
  0.7520  3.57452650
  0.7530  3.68996838
  0.7540  3.80229801
  0.7550  3.91145421
  0.7560  4.01737853
  0.7570  4.12001527
  0.7580  4.21931147
  0.7590  4.31521693
  0.7600  4.40768422
  0.7610  4.49666870
  0.7620  4.58212849
  0.7630  4.66402448
  0.7640  4.74232036
  0.7650  4.81698258
  0.7660  4.88798038
  0.7670  4.95528576
  0.7680  5.01887349
  0.7690  5.07872110
  0.7700  5.13480887
  0.7710  5.18711980
  0.7720  5.23563963
  0.7730  5.28035682
  0.7740  5.32126251
  0.7750  5.35835054
  0.7760  5.39161738
  0.7770  5.42106217
  0.7780  5.44668666
  0.7790  5.46849520
  0.7800  5.48649470
  0.7810  5.50069465
  0.7820  5.51110703
  0.7830  5.51774633
  0.7840  5.52062950
  0.7850  5.51977592
  0.7860  5.51520739
  0.7870  5.50694804
  0.7880  5.49502438
  0.7890  5.47946519
  0.7900  5.46030150
  0.7910  5.43756661
  0.7920  5.41129596
  0.7930  5.38152715
  0.7940  5.34829989
  0.7950  5.31165595
  0.7960  5.27163911
  0.7970  5.22829513
  0.7980  5.18167170
  0.7990  5.13181841
  0.8000  5.07878666
  0.8010  5.02262966
  0.8020  4.96340236
  0.8030  4.90116139
  0.8040  4.83596504
  0.8050  4.76787320
  0.8060  4.69694728
  0.8070  4.62325020
  0.8080  4.54684632
  0.8090  4.46780137
  0.8100  4.38618243
  0.8110  4.30205787
  0.8120  4.21549727
  0.8130  4.12657138
  0.8140  4.03535210
  0.8150  3.94191235
  0.8160  3.84632609
  0.8170  3.74866822
  0.8180  3.64901456
  0.8190  3.54744175
  0.8200  3.44402721
  0.8210  3.33884912
  0.8220  3.23198632
  0.8230  3.12351828
  0.8240  3.01352502
  0.8250  2.90208708
  0.8260  2.78928547
  0.8270  2.67520157
  0.8280  2.55991714
  0.8290  2.44351423
  0.8300  2.32607513
  0.8310  2.20768232
  0.8320  2.08841845
  0.8330  1.96836627
  0.8340  1.84760858
  0.8350  1.72622824
  0.8360  1.60430811
  0.8370  1.48193108
  0.8380  1.35918006
  0.8390  1.23613806
  0.8400  1.11288835
  0.8410  0.98951476
  0.8420  0.86610226
  0.8430  0.74273820
  0.8440  0.61951511
  0.8450  0.49653756
  0.8460  0.37394275
  0.8470  0.25198036
  0.8480  0.13153198
  0.8490  0.03076962
  0.8500  0.11854753
  0.8510  0.23700415
  0.8520  0.35606197
  0.8530  0.47465252
  0.8540  0.59250737
  0.8550  0.70949071
  0.8560  0.82550503
  0.8570  0.94046774
  0.8580  1.05430353
  0.8590  1.16694131
  0.8600  1.27831283
  0.8610  1.38835204
  0.8620  1.49699476
  0.8630  1.60417848
  0.8640  1.70984228
  0.8650  1.81392678
  0.8660  1.91637409
  0.8670  2.01712786
  0.8680  2.11613324
  0.8690  2.21333689
  0.8700  2.30868703
  0.8710  2.40213342
  0.8720  2.49362739
  0.8730  2.58312185
  0.8740  2.67057133
  0.8750  2.75593197
  0.8760  2.83916154
  0.8770  2.92021948
  0.8780  2.99906689
  0.8790  3.07566654
  0.8800  3.14998291
  0.8810  3.22198217
  0.8820  3.29163222
  0.8830  3.35890269
  0.8840  3.42376492
  0.8850  3.48619202
  0.8860  3.54615884
  0.8870  3.60364196
  0.8880  3.65861977
  0.8890  3.71107236
  0.8900  3.76098163
  0.8910  3.80833122
  0.8920  3.85310654
  0.8930  3.89529476
  0.8940  3.93488481
  0.8950  3.97186737
  0.8960  4.00623486
  0.8970  4.03798147
  0.8980  4.06710311
  0.8990  4.09359742
  0.9000  4.11746375
  0.9010  4.13870317
  0.9020  4.15731845
  0.9030  4.17331402
  0.9040  4.18669602
  0.9050  4.19747220
  0.9060  4.20565200
  0.9070  4.21124643
  0.9080  4.21426816
  0.9090  4.21473141
  0.9100  4.21265198
  0.9110  4.20804723
  0.9120  4.20093604
  0.9130  4.19133878
  0.9140  4.17927732
  0.9150  4.16477499
  0.9160  4.14785655
  0.9170  4.12854817
  0.9180  4.10687740
  0.9190  4.08287314
  0.9200  4.05656564
  0.9210  4.02798644
  0.9220  3.99716833
  0.9230  3.96414538
  0.9240  3.92895285
  0.9250  3.89162718
  0.9260  3.85220598
  0.9270  3.81072795
  0.9280  3.76723289
  0.9290  3.72176167
  0.9300  3.67435615
  0.9310  3.62505920
  0.9320  3.57391463
  0.9330  3.52096717
  0.9340  3.46626245
  0.9350  3.40984691
  0.9360  3.35176785
  0.9370  3.29207332
  0.9380  3.23081212
  0.9390  3.16803376
  0.9400  3.10378843
  0.9410  3.03812694
  0.9420  2.97110071
  0.9430  2.90276175
  0.9440  2.83316256
  0.9450  2.76235618
  0.9460  2.69039609
  0.9470  2.61733623
  0.9480  2.54323092
  0.9490  2.46813487
  0.9500  2.39210312
  0.9510  2.31519107
  0.9520  2.23745436
  0.9530  2.15894897
  0.9540  2.07973111
  0.9550  1.99985726
  0.9560  1.91938417
  0.9570  1.83836884
  0.9580  1.75686858
  0.9590  1.67494103
  0.9600  1.59264425
  0.9610  1.51003679
  0.9620  1.42717786
  0.9630  1.34412757
  0.9640  1.26094719
  0.9650  1.17769970
  0.9660  1.09445040
  0.9670  1.01126799
  0.9680  0.92822617
  0.9690  0.84540618
  0.9700  0.76290091
  0.9710  0.68082201
  0.9720  0.59931250
  0.9730  0.51857084
  0.9740  0.43889999
  0.9750  0.36081740
  0.9760  0.28532988
  0.9770  0.21471761
  0.9780  0.15501441
  0.9790  0.12219053
  0.9800  0.13608483
  0.9810  0.18569025
  0.9820  0.24995265
  0.9830  0.31959643
  0.9840  0.39126876
  0.9850  0.46359117
  0.9860  0.53590193
  0.9870  0.60783830
  0.9880  0.67917825
  0.9890  0.74977270
  0.9900  0.81951351
  0.9910  0.88831714
  0.9920  0.95611565
  0.9930  1.02285161
  0.9940  1.08847494
  0.9950  1.15294099
  0.9960  1.21620925
  0.9970  1.27824258
  0.9980  1.33900657
  0.9990  1.39846917
