  0.0000  37.31489781
  0.0010  37.27845055
  0.0020  37.16912919
  0.0030  36.98699503
  0.0040  36.73215018
  0.0050  36.40473749
  0.0060  36.00494053
  0.0070  35.53298337
  0.0080  34.98913056
  0.0090  34.37368691
  0.0100  33.68699730
  0.0110  32.92944652
  0.0120  32.10145902
  0.0130  31.20349863
  0.0140  30.23606836
  0.0150  29.19971005
  0.0160  28.09500407
  0.0170  26.92256901
  0.0180  25.68306133
  0.0190  24.37717501
  0.0200  23.00564122
  0.0210  21.56922794
  0.0220  20.06873970
  0.0230  18.50501733
  0.0240  16.87893792
  0.0250  15.19141502
  0.0260  13.44339959
  0.0270  11.63588232
  0.0280  9.76989967
  0.0290  7.84655019
  0.0300  5.86704704
  0.0310  3.83294570
  0.0320  1.74804639
  0.0330  0.43971198
  0.0340  2.60385912
  0.0350  4.84629990
  0.0360  7.13982075
  0.0370  9.48192394
  0.0380  11.87102901
  0.0390  14.30571165
  0.0400  16.78457833
  0.0410  19.30623343
  0.0420  21.86926832
  0.0430  24.47225740
  0.0440  27.11375671
  0.0450  29.79230362
  0.0460  32.50641711
  0.0470  35.25459828
  0.0480  38.03533100
  0.0490  40.84708269
  0.0500  43.68830510
  0.0510  46.55743521
  0.0520  49.45289605
  0.0530  52.37309765
  0.0540  55.31643789
  0.0550  58.28130347
  0.0560  61.26607082
  0.0570  64.26910705
  0.0580  67.28877086
  0.0590  70.32341353
  0.0600  73.37137984
  0.0610  76.43100904
  0.0620  79.50063580
  0.0630  82.57859119
  0.0640  85.66320360
  0.0650  88.75279972
  0.0660  91.84570552
  0.0670  94.94024715
  0.0680  98.03475195
  0.0690  101.12754939
  0.0700  104.21697198
  0.0710  107.30135628
  0.0720  110.37904378
  0.0730  113.44838188
  0.0740  116.50772478
  0.0750  119.55543445
  0.0760  122.58988151
  0.0770  125.60944615
  0.0780  128.61251905
  0.0790  131.59750225
  0.0800  134.56281004
  0.0810  137.50686984
  0.0820  140.42812309
  0.0830  143.32502604
  0.0840  146.19605065
  0.0850  149.03968543
  0.0860  151.85443620
  0.0870  154.63882696
  0.0880  157.39140065
  0.0890  160.11071995
  0.0900  162.79536803
  0.0910  165.44394933
  0.0920  168.05509027
  0.0930  170.62744001
  0.0940  173.15967110
  0.0950  175.65048025
  0.0960  178.09858896
  0.0970  180.50274417
  0.0980  182.86171894
  0.0990  185.17431306
  0.1000  187.43935366
  0.1010  189.65569578
  0.1020  191.82222300
  0.1030  193.93784793
  0.1040  196.00151278
  0.1050  198.01218988
  0.1060  199.96888217
  0.1070  201.87062368
  0.1080  203.71647999
  0.1090  205.50554867
  0.1100  207.23695970
  0.1110  208.90987586
  0.1120  210.52349314
  0.1130  212.07704106
  0.1140  213.56978304
  0.1150  215.00101671
  0.1160  216.37007418
  0.1170  217.67632236
  0.1180  218.91916319
  0.1190  220.09803390
  0.1200  221.21240717
  0.1210  222.26179138
  0.1220  223.24573077
  0.1230  224.16380555
  0.1240  225.01563210
  0.1250  225.80086302
  0.1260  226.51918722
  0.1270  227.17033005
  0.1280  227.75405327
  0.1290  228.27015512
  0.1300  228.71847031
  0.1310  229.09887000
  0.1320  229.41126178
  0.1330  229.65558962
  0.1340  229.83183373
  0.1350  229.94001057
  0.1360  229.98017263
  0.1370  229.95240836
  0.1380  229.85684197
  0.1390  229.69363330
  0.1400  229.46297758
  0.1410  229.16510524
  0.1420  228.80028169
  0.1430  228.36880702
  0.1440  227.87101579
  0.1450  227.30727670
  0.1460  226.67799228
  0.1470  225.98359862
  0.1480  225.22456496
  0.1490  224.40139337
  0.1500  223.51461838
  0.1510  222.56480656
  0.1520  221.55255613
  0.1530  220.47849655
  0.1540  219.34328805
  0.1550  218.14762117
  0.1560  216.89221634
  0.1570  215.57782334
  0.1580  214.20522084
  0.1590  212.77521585
  0.1600  211.28864321
  0.1610  209.74636507
  0.1620  208.14927031
  0.1630  206.49827396
  0.1640  204.79431666
  0.1650  203.03836404
  0.1660  201.23140613
  0.1670  199.37445674
  0.1680  197.46855283
  0.1690  195.51475389
  0.1700  193.51414129
  0.1710  191.46781759
  0.1720  189.37690595
  0.1730  187.24254936
  0.1740  185.06591005
  0.1750  182.84816874
  0.1760  180.59052395
  0.1770  178.29419132
  0.1780  175.96040287
  0.1790  173.59040627
  0.1800  171.18546417
  0.1810  168.74685341
  0.1820  166.27586431
  0.1830  163.77379990
  0.1840  161.24197523
  0.1850  158.68171655
  0.1860  156.09436062
  0.1870  153.48125388
  0.1880  150.84375177
  0.1890  148.18321789
  0.1900  145.50102328
  0.1910  142.79854564
  0.1920  140.07716857
  0.1930  137.33828077
  0.1940  134.58327531
  0.1950  131.81354881
  0.1960  129.03050072
  0.1970  126.23553252
  0.1980  123.43004696
  0.1990  120.61544728
  0.2000  117.79313648
  0.2010  114.96451649
  0.2020  112.13098748
  0.2030  109.29394708
  0.2040  106.45478960
  0.2050  103.61490530
  0.2060  100.77567965
  0.2070  97.93849258
  0.2080  95.10471774
  0.2090  92.27572179
  0.2100  89.45286365
  0.2110  86.63749378
  0.2120  83.83095349
  0.2130  81.03457423
  0.2140  78.24967689
  0.2150  75.47757107
  0.2160  72.71955449
  0.2170  69.97691221
  0.2180  67.25091605
  0.2190  64.54282389
  0.2200  61.85387902
  0.2210  59.18530953
  0.2220  56.53832768
  0.2230  53.91412927
  0.2240  51.31389304
  0.2250  48.73878007
  0.2260  46.18993323
  0.2270  43.66847655
  0.2280  41.17551473
  0.2290  38.71213255
  0.2300  36.27939435
  0.2310  33.87834351
  0.2320  31.51000196
  0.2330  29.17536965
  0.2340  26.87542412
  0.2350  24.61112001
  0.2360  22.38338861
  0.2370  20.19313748
  0.2380  18.04124999
  0.2390  15.92858499
  0.2400  13.85597649
  0.2410  11.82423338
  0.2420  9.83413938
  0.2430  7.88645338
  0.2440  5.98191099
  0.2450  4.12123112
  0.2460  2.30515420
  0.2470  0.53523171
  0.2480  1.19222310
  0.2490  2.87074776
  0.2500  4.50262474
  0.2510  6.08708074
  0.2520  7.62357241
  0.2530  9.11160959
  0.2540  10.55073718
  0.2550  11.94053119
  0.2560  13.28059769
  0.2570  14.57057238
  0.2580  15.81012052
  0.2590  16.99893688
  0.2600  18.13674574
  0.2610  19.22330092
  0.2620  20.25838578
  0.2630  21.24181321
  0.2640  22.17342560
  0.2650  23.05309485
  0.2660  23.88072226
  0.2670  24.65623852
  0.2680  25.37960361
  0.2690  26.05080669
  0.2700  26.66986597
  0.2710  27.23682865
  0.2720  27.75177070
  0.2730  28.21479671
  0.2740  28.62603973
  0.2750  28.98566108
  0.2760  29.29385011
  0.2770  29.55082396
  0.2780  29.75682738
  0.2790  29.91213240
  0.2800  30.01703810
  0.2810  30.07187029
  0.2820  30.07698124
  0.2830  30.03274932
  0.2840  29.93957872
  0.2850  29.79789903
  0.2860  29.60816494
  0.2870  29.37085587
  0.2880  29.08647551
  0.2890  28.75555152
  0.2900  28.37863501
  0.2910  27.95630023
  0.2920  27.48914404
  0.2930  26.97778551
  0.2940  26.42286546
  0.2950  25.82504598
  0.2960  25.18500997
  0.2970  24.50346063
  0.2980  23.78112101
  0.2990  23.01873347
  0.3000  22.21705923
  0.3010  21.37687781
  0.3020  20.49898658
  0.3030  19.58420024
  0.3040  18.63335034
  0.3050  17.64728486
  0.3060  16.62686775
  0.3070  15.57297864
  0.3080  14.48651258
  0.3090  13.36838004
  0.3100  12.21950722
  0.3110  11.04083707
  0.3120  9.83333155
  0.3130  8.59797648
  0.3140  7.33579260
  0.3150  6.04786195
  0.3160  4.73540127
  0.3170  3.40001455
  0.3180  2.04497296
  0.3190  0.69205209
  0.3200  0.79528517
  0.3210  2.19435110
  0.3220  3.63187064
  0.3230  5.09040266
  0.3240  6.56688806
  0.3250  8.05972237
  0.3260  9.56764332
  0.3270  11.08950265
  0.3280  12.62419857
  0.3290  14.17065102
  0.3300  15.72779136
  0.3310  17.29455777
  0.3320  18.86989310
  0.3330  20.45274396
  0.3340  22.04206042
  0.3350  23.63679608
  0.3360  25.23590829
  0.3370  26.83835849
  0.3380  28.44311269
  0.3390  30.04914188
  0.3400  31.65542258
  0.3410  33.26093728
  0.3420  34.86467502
  0.3430  36.46563187
  0.3440  38.06281144
  0.3450  39.65522546
  0.3460  41.24189421
  0.3470  42.82184708
  0.3480  44.39412305
  0.3490  45.95777119
  0.3500  47.51185116
  0.3510  49.05543366
  0.3520  50.58760090
  0.3530  52.10744710
  0.3540  53.61407890
  0.3550  55.10661579
  0.3560  56.58419061
  0.3570  58.04594990
  0.3580  59.49105433
  0.3590  60.91867911
  0.3600  62.32801438
  0.3610  63.71826559
  0.3620  65.08865383
  0.3630  66.43841623
  0.3640  67.76680630
  0.3650  69.07309422
  0.3660  70.35656721
  0.3670  71.61652982
  0.3680  72.85230420
  0.3690  74.06323043
  0.3700  75.24866677
  0.3710  76.40798990
  0.3720  77.54059521
  0.3730  78.64589701
  0.3740  79.72332875
  0.3750  80.77234323
  0.3760  81.79241283
  0.3770  82.78302964
  0.3780  83.74370569
  0.3790  84.67397306
  0.3800  85.57338408
  0.3810  86.44151141
  0.3820  87.27794821
  0.3830  88.08230821
  0.3840  88.85422586
  0.3850  89.59335636
  0.3860  90.29937576
  0.3870  90.97198101
  0.3880  91.61089004
  0.3890  92.21584174
  0.3900  92.78659605
  0.3910  93.32293391
  0.3920  93.82465729
  0.3930  94.29158918
  0.3940  94.72357355
  0.3950  95.12047534
  0.3960  95.48218037
  0.3970  95.80859532
  0.3980  96.09964763
  0.3990  96.35528545
  0.4000  96.57547751
  0.4010  96.76021303
  0.4020  96.90950161
  0.4030  97.02337309
  0.4040  97.10187742
  0.4050  97.14508452
  0.4060  97.15308409
  0.4070  97.12598547
  0.4080  97.06391744
  0.4090  96.96702807
  0.4100  96.83548444
  0.4110  96.66947253
  0.4120  96.46919690
  0.4130  96.23488055
  0.4140  95.96676462
  0.4150  95.66510817
  0.4160  95.33018794
  0.4170  94.96229803
  0.4180  94.56174967
  0.4190  94.12887096
  0.4200  93.66400651
  0.4210  93.16751720
  0.4220  92.63977986
  0.4230  92.08118696
  0.4240  91.49214627
  0.4250  90.87308056
  0.4260  90.22442724
  0.4270  89.54663806
  0.4280  88.84017872
  0.4290  88.10552853
  0.4300  87.34318007
  0.4310  86.55363881
  0.4320  85.73742275
  0.4330  84.89506201
  0.4340  84.02709851
  0.4350  83.13408554
  0.4360  82.21658739
  0.4370  81.27517895
  0.4380  80.31044531
  0.4390  79.32298138
  0.4400  78.31339145
  0.4410  77.28228883
  0.4420  76.23029539
  0.4430  75.15804118
  0.4440  74.06616402
  0.4450  72.95530903
  0.4460  71.82612830
  0.4470  70.67928038
  0.4480  69.51542991
  0.4490  68.33524719
  0.4500  67.13940773
  0.4510  65.92859188
  0.4520  64.70348433
  0.4530  63.46477375
  0.4540  62.21315233
  0.4550  60.94931537
  0.4560  59.67396085
  0.4570  58.38778902
  0.4580  57.09150195
  0.4590  55.78580315
  0.4600  54.47139712
  0.4610  53.14898893
  0.4620  51.81928385
  0.4630  50.48298688
  0.4640  49.14080239
  0.4650  47.79343370
  0.4660  46.44158264
  0.4670  45.08594922
  0.4680  43.72723118
  0.4690  42.36612361
  0.4700  41.00331857
  0.4710  39.63950472
  0.4720  38.27536692
  0.4730  36.91158585
  0.4740  35.54883766
  0.4750  34.18779361
  0.4760  32.82911969
  0.4770  31.47347628
  0.4780  30.12151780
  0.4790  28.77389239
  0.4800  27.43124152
  0.4810  26.09419973
  0.4820  24.76339427
  0.4830  23.43944478
  0.4840  22.12296300
  0.4850  20.81455247
  0.4860  19.51480823
  0.4870  18.22431656
  0.4880  16.94365465
  0.4890  15.67339043
  0.4900  14.41408222
  0.4910  13.16627860
  0.4920  11.93051813
  0.4930  10.70732923
  0.4940  9.49723004
  0.4950  8.30072848
  0.4960  7.11832245
  0.4970  5.95050067
  0.4980  4.79774481
  0.4990  3.66053604
  0.5000  2.53937878
  0.5010  1.43493341
  0.5020  0.35060232
  0.5030  0.72782415
  0.5040  1.77970090
  0.5050  2.81463418
  0.5060  3.83137719
  0.5070  4.82944143
  0.5080  5.80844089
  0.5090  6.76802515
  0.5100  7.70786488
  0.5110  8.62764741
  0.5120  9.52707506
  0.5130  10.40586451
  0.5140  11.26374645
  0.5150  12.10046547
  0.5160  12.91577998
  0.5170  13.70946221
  0.5180  14.48129818
  0.5190  15.23108772
  0.5200  15.95864441
  0.5210  16.66379564
  0.5220  17.34638258
  0.5230  18.00626012
  0.5240  18.64329692
  0.5250  19.25737530
  0.5260  19.84839127
  0.5270  20.41625443
  0.5280  20.96088797
  0.5290  21.48222856
  0.5300  21.98022630
  0.5310  22.45484467
  0.5320  22.90606041
  0.5330  23.33386344
  0.5340  23.73825679
  0.5350  24.11925645
  0.5360  24.47689131
  0.5370  24.81120301
  0.5380  25.12224580
  0.5390  25.41008647
  0.5400  25.67480414
  0.5410  25.91649017
  0.5420  26.13524800
  0.5430  26.33119296
  0.5440  26.50445217
  0.5450  26.65516430
  0.5460  26.78347947
  0.5470  26.88955901
  0.5480  26.97357532
  0.5490  27.03571166
  0.5500  27.07616197
  0.5510  27.09513064
  0.5520  27.09283236
  0.5530  27.06949187
  0.5540  27.02534375
  0.5550  26.96063224
  0.5560  26.87561097
  0.5570  26.77054279
  0.5580  26.64569950
  0.5590  26.50136162
  0.5600  26.33781820
  0.5610  26.15536653
  0.5620  25.95431193
  0.5630  25.73496751
  0.5640  25.49765390
  0.5650  25.24269901
  0.5660  24.97043782
  0.5670  24.68121205
  0.5680  24.37536999
  0.5690  24.05326617
  0.5700  23.71526116
  0.5710  23.36172129
  0.5720  22.99301837
  0.5730  22.60952946
  0.5740  22.21163661
  0.5750  21.79972657
  0.5760  21.37419055
  0.5770  20.93542398
  0.5780  20.48382618
  0.5790  20.01980019
  0.5800  19.54375246
  0.5810  19.05609259
  0.5820  18.55723311
  0.5830  18.04758921
  0.5840  17.52757849
  0.5850  16.99762075
  0.5860  16.45813772
  0.5870  15.90955287
  0.5880  15.35229116
  0.5890  14.78677888
  0.5900  14.21344345
  0.5910  13.63271326
  0.5920  13.04501757
  0.5930  12.45078639
  0.5940  11.85045048
  0.5950  11.24444139
  0.5960  10.63319165
  0.5970  10.01713505
  0.5980  9.39670724
  0.5990  8.77234665
  0.6000  8.14449591
  0.6010  7.51360421
  0.6020  6.88013108
  0.6030  6.24455256
  0.6040  5.60737187
  0.6050  4.96913840
  0.6060  4.33048358
  0.6070  3.69219412
  0.6080  3.05537621
  0.6090  2.42187534
  0.6100  1.79556559
  0.6110  1.18757867
  0.6120  0.64936077
  0.6130  0.50342105
  0.6140  0.94823088
  0.6150  1.53312096
  0.6160  2.14412050
  0.6170  2.76181820
  0.6180  3.38053975
  0.6190  3.99790880
  0.6200  4.61264989
  0.6210  5.22394054
  0.6220  5.83117423
  0.6230  6.43385968
  0.6240  7.03157322
  0.6250  7.62393416
  0.6260  8.21059138
  0.6270  8.79121543
  0.6280  9.36549387
  0.6290  9.93312828
  0.6300  10.49383238
  0.6310  11.04733078
  0.6320  11.59335814
  0.6330  12.13165861
  0.6340  12.66198544
  0.6350  13.18410073
  0.6360  13.69777520
  0.6370  14.20278815
  0.6380  14.69892729
  0.6390  15.18598874
  0.6400  15.66377697
  0.6410  16.13210480
  0.6420  16.59079335
  0.6430  17.03967205
  0.6440  17.47857865
  0.6450  17.90735918
  0.6460  18.32586797
  0.6470  18.73396766
  0.6480  19.13152913
  0.6490  19.51843155
  0.6500  19.89456234
  0.6510  20.25981716
  0.6520  20.61409987
  0.6530  20.95732252
  0.6540  21.28940532
  0.6550  21.61027660
  0.6560  21.91987276
  0.6570  22.21813827
  0.6580  22.50502555
  0.6590  22.78049499
  0.6600  23.04451485
  0.6610  23.29706120
  0.6620  23.53811789
  0.6630  23.76767643
  0.6640  23.98573595
  0.6650  24.19230311
  0.6660  24.38739204
  0.6670  24.57102420
  0.6680  24.74322834
  0.6690  24.90404039
  0.6700  25.05350336
  0.6710  25.19166723
  0.6720  25.31858888
  0.6730  25.43433192
  0.6740  25.53896663
  0.6750  25.63256984
  0.6760  25.71522477
  0.6770  25.78702097
  0.6780  25.84805415
  0.6790  25.89842606
  0.6800  25.93824438
  0.6810  25.96762257
  0.6820  25.98667974
  0.6830  25.99554052
  0.6840  25.99433491
  0.6850  25.98319814
  0.6860  25.96227054
  0.6870  25.93169739
  0.6880  25.89162876
  0.6890  25.84221938
  0.6900  25.78362846
  0.6910  25.71601961
  0.6920  25.63956058
  0.6930  25.55442322
  0.6940  25.46078324
  0.6950  25.35882009
  0.6960  25.24871683
  0.6970  25.13065992
  0.6980  25.00483909
  0.6990  24.87144719
  0.7000  24.73068003
  0.7010  24.58273620
  0.7020  24.42781694
  0.7030  24.26612597
  0.7040  24.09786934
  0.7050  23.92325526
  0.7060  23.74249394
  0.7070  23.55579744
  0.7080  23.36337955
  0.7090  23.16545556
  0.7100  22.96224215
  0.7110  22.75395726
  0.7120  22.54081987
  0.7130  22.32304990
  0.7140  22.10086804
  0.7150  21.87449561
  0.7160  21.64415439
  0.7170  21.41006648
  0.7180  21.17245418
  0.7190  20.93153978
  0.7200  20.68754551
  0.7210  20.44069329
  0.7220  20.19120467
  0.7230  19.93930067
  0.7240  19.68520161
  0.7250  19.42912702
  0.7260  19.17129547
  0.7270  18.91192446
  0.7280  18.65123027
  0.7290  18.38942784
  0.7300  18.12673066
  0.7310  17.86335061
  0.7320  17.59949786
  0.7330  17.33538075
  0.7340  17.07120566
  0.7350  16.80717690
  0.7360  16.54349660
  0.7370  16.28036458
  0.7380  16.01797825
  0.7390  15.75653252
  0.7400  15.49621967
  0.7410  15.23722925
  0.7420  14.97974798
  0.7430  14.72395967
  0.7440  14.47004509
  0.7450  14.21818192
  0.7460  13.96854462
  0.7470  13.72130435
  0.7480  13.47662889
  0.7490  13.23468256
  0.7500  12.99562614
  0.7510  12.75961678
  0.7520  12.52680791
  0.7530  12.29734922
  0.7540  12.07138652
  0.7550  11.84906171
  0.7560  11.63051273
  0.7570  11.41587345
  0.7580  11.20527365
  0.7590  10.99883894
  0.7600  10.79669069
  0.7610  10.59894603
  0.7620  10.40571774
  0.7630  10.21711424
  0.7640  10.03323953
  0.7650  9.85419313
  0.7660  9.68007010
  0.7670  9.51096092
  0.7680  9.34695153
  0.7690  9.18812324
  0.7700  9.03455276
  0.7710  8.88631211
  0.7720  8.74346865
  0.7730  8.60608504
  0.7740  8.47421921
  0.7750  8.34792436
  0.7760  8.22724898
  0.7770  8.11223678
  0.7780  8.00292672
  0.7790  7.89935303
  0.7800  7.80154518
  0.7810  7.70952791
  0.7820  7.62332120
  0.7830  7.54294036
  0.7840  7.46839597
  0.7850  7.39969394
  0.7860  7.33683555
  0.7870  7.27981742
  0.7880  7.22863161
  0.7890  7.18326562
  0.7900  7.14370243
  0.7910  7.10992057
  0.7920  7.08189412
  0.7930  7.05959279
  0.7940  7.04298199
  0.7950  7.03202283
  0.7960  7.02667222
  0.7970  7.02688295
  0.7980  7.03260367
  0.7990  7.04377906
  0.8000  7.06034982
  0.8010  7.08225276
  0.8020  7.10942090
  0.8030  7.14178351
  0.8040  7.17926621
  0.8050  7.22179101
  0.8060  7.26927645
  0.8070  7.32163763
  0.8080  7.37878632
  0.8090  7.44063102
  0.8100  7.50707710
  0.8110  7.57802683
  0.8120  7.65337952
  0.8130  7.73303157
  0.8140  7.81687662
  0.8150  7.90480559
  0.8160  7.99670683
  0.8170  8.09246620
  0.8180  8.19196716
  0.8190  8.29509091
  0.8200  8.40171647
  0.8210  8.51172082
  0.8220  8.62497898
  0.8230  8.74136412
  0.8240  8.86074772
  0.8250  8.98299964
  0.8260  9.10798826
  0.8270  9.23558061
  0.8280  9.36564243
  0.8290  9.49803838
  0.8300  9.63263209
  0.8310  9.76928631
  0.8320  9.90786304
  0.8330  10.04822361
  0.8340  10.19022887
  0.8350  10.33373927
  0.8360  10.47861497
  0.8370  10.62471599
  0.8380  10.77190233
  0.8390  10.92003407
  0.8400  11.06897153
  0.8410  11.21857535
  0.8420  11.36870660
  0.8430  11.51922696
  0.8440  11.66999876
  0.8450  11.82088517
  0.8460  11.97175023
  0.8470  12.12245904
  0.8480  12.27287782
  0.8490  12.42287403
  0.8500  12.57231648
  0.8510  12.72107545
  0.8520  12.86902273
  0.8530  13.01603181
  0.8540  13.16197788
  0.8550  13.30673802
  0.8560  13.45019120
  0.8570  13.59221842
  0.8580  13.73270281
  0.8590  13.87152964
  0.8600  14.00858649
  0.8610  14.14376326
  0.8620  14.27695226
  0.8630  14.40804829
  0.8640  14.53694871
  0.8650  14.66355349
  0.8660  14.78776525
  0.8670  14.90948936
  0.8680  15.02863398
  0.8690  15.14511008
  0.8700  15.25883150
  0.8710  15.36971504
  0.8720  15.47768040
  0.8730  15.58265032
  0.8740  15.68455054
  0.8750  15.78330986
  0.8760  15.87886014
  0.8770  15.97113636
  0.8780  16.06007661
  0.8790  16.14562210
  0.8800  16.22771719
  0.8810  16.30630938
  0.8820  16.38134933
  0.8830  16.45279086
  0.8840  16.52059092
  0.8850  16.58470964
  0.8860  16.64511026
  0.8870  16.70175916
  0.8880  16.75462583
  0.8890  16.80368287
  0.8900  16.84890594
  0.8910  16.89027378
  0.8920  16.92776813
  0.8930  16.96137377
  0.8940  16.99107843
  0.8950  17.01687280
  0.8960  17.03875046
  0.8970  17.05670788
  0.8980  17.07074437
  0.8990  17.08086203
  0.9000  17.08706572
  0.9010  17.08936300
  0.9020  17.08776410
  0.9030  17.08228190
  0.9040  17.07293182
  0.9050  17.05973182
  0.9060  17.04270234
  0.9070  17.02186623
  0.9080  16.99724872
  0.9090  16.96887737
  0.9100  16.93678200
  0.9110  16.90099465
  0.9120  16.86154949
  0.9130  16.81848282
  0.9140  16.77183299
  0.9150  16.72164032
  0.9160  16.66794709
  0.9170  16.61079743
  0.9180  16.55023732
  0.9190  16.48631449
  0.9200  16.41907840
  0.9210  16.34858013
  0.9220  16.27487239
  0.9230  16.19800943
  0.9240  16.11804697
  0.9250  16.03504218
  0.9260  15.94905361
  0.9270  15.86014111
  0.9280  15.76836585
  0.9290  15.67379018
  0.9300  15.57647763
  0.9310  15.47649286
  0.9320  15.37390158
  0.9330  15.26877052
  0.9340  15.16116740
  0.9350  15.05116083
  0.9360  14.93882032
  0.9370  14.82421619
  0.9380  14.70741955
  0.9390  14.58850225
  0.9400  14.46753684
  0.9410  14.34459649
  0.9420  14.21975503
  0.9430  14.09308681
  0.9440  13.96466675
  0.9450  13.83457023
  0.9460  13.70287310
  0.9470  13.56965161
  0.9480  13.43498240
  0.9490  13.29894244
  0.9500  13.16160902
  0.9510  13.02305969
  0.9520  12.88337224
  0.9530  12.74262468
  0.9540  12.60089517
  0.9550  12.45826202
  0.9560  12.31480367
  0.9570  12.17059861
  0.9580  12.02572539
  0.9590  11.88026259
  0.9600  11.73428876
  0.9610  11.58788243
  0.9620  11.44112205
  0.9630  11.29408597
  0.9640  11.14685243
  0.9650  10.99949950
  0.9660  10.85210507
  0.9670  10.70474683
  0.9680  10.55750220
  0.9690  10.41044838
  0.9700  10.26366222
  0.9710  10.11722027
  0.9720  9.97119873
  0.9730  9.82567340
  0.9740  9.68071966
  0.9750  9.53641245
  0.9760  9.39282623
  0.9770  9.25003495
  0.9780  9.10811202
  0.9790  8.96713025
  0.9800  8.82716188
  0.9810  8.68827846
  0.9820  8.55055091
  0.9830  8.41404941
  0.9840  8.27884337
  0.9850  8.14500146
  0.9860  8.01259147
  0.9870  7.88168038
  0.9880  7.75233424
  0.9890  7.62461815
  0.9900  7.49859624
  0.9910  7.37433164
  0.9920  7.25188637
  0.9930  7.13132139
  0.9940  7.01269650
  0.9950  6.89607031
  0.9960  6.78150020
  0.9970  6.66904229
  0.9980  6.55875138
  0.9990  6.45068092
