  0.0000  85.09795915
  0.0010  85.05702880
  0.0020  84.93426075
  0.0030  84.72972400
  0.0040  84.44353349
  0.0050  84.07585002
  0.0060  83.62688014
  0.0070  83.09687600
  0.0080  82.48613518
  0.0090  81.79500050
  0.0100  81.02385974
  0.0110  80.17314539
  0.0120  79.24333436
  0.0130  78.23494763
  0.0140  77.14854988
  0.0150  75.98474914
  0.0160  74.74419632
  0.0170  73.42758477
  0.0180  72.03564983
  0.0190  70.56916829
  0.0200  69.02895784
  0.0210  67.41587658
  0.0220  65.73082235
  0.0230  63.97473214
  0.0240  62.14858148
  0.0250  60.25338375
  0.0260  58.29018948
  0.0270  56.26008565
  0.0280  54.16419499
  0.0290  52.00367515
  0.0300  49.77971799
  0.0310  47.49354876
  0.0320  45.14642527
  0.0330  42.73963710
  0.0340  40.27450471
  0.0350  37.75237863
  0.0360  35.17463855
  0.0370  32.54269248
  0.0380  29.85797589
  0.0390  27.12195090
  0.0400  24.33610548
  0.0410  21.50195290
  0.0420  18.62103137
  0.0430  15.69490466
  0.0440  12.72516474
  0.0450  9.71344153
  0.0460  6.66144287
  0.0470  3.57120951
  0.0480  0.45609775
  0.0490  2.72511666
  0.0500  5.92127983
  0.0510  9.15046002
  0.0520  12.41021815
  0.0530  15.69870027
  0.0540  19.01412904
  0.0550  22.35474080
  0.0560  25.71877148
  0.0570  29.10445278
  0.0580  32.51001126
  0.0590  35.93366858
  0.0600  39.37364207
  0.0610  42.82814556
  0.0620  46.29539029
  0.0630  49.77358583
  0.0640  53.26094108
  0.0650  56.75566523
  0.0660  60.25596877
  0.0670  63.76006443
  0.0680  67.26616821
  0.0690  70.77250031
  0.0700  74.27728611
  0.0710  77.77875711
  0.0720  81.27515192
  0.0730  84.76471712
  0.0740  88.24570826
  0.0750  91.71639072
  0.0760  95.17504059
  0.0770  98.61994564
  0.0780  102.04940609
  0.0790  105.46173553
  0.0800  108.85526176
  0.0810  112.22832757
  0.0820  115.57929160
  0.0830  118.90652915
  0.0840  122.20843289
  0.0850  125.48341369
  0.0860  128.72990137
  0.0870  131.94634537
  0.0880  135.13121554
  0.0890  138.28300280
  0.0900  141.40021984
  0.0910  144.48140175
  0.0920  147.52510673
  0.0930  150.52991666
  0.0940  153.49443774
  0.0950  156.41730110
  0.0960  159.29716335
  0.0970  162.13270715
  0.0980  164.92264176
  0.0990  167.66570357
  0.1000  170.36065657
  0.1010  173.00629289
  0.1020  175.60143324
  0.1030  178.14492738
  0.1040  180.63565452
  0.1050  183.07252381
  0.1060  185.45447465
  0.1070  187.78047717
  0.1080  190.04953252
  0.1090  192.26067325
  0.1100  194.41296364
  0.1110  196.50550002
  0.1120  198.53741105
  0.1130  200.50785803
  0.1140  202.41603515
  0.1150  204.26116970
  0.1160  206.04252237
  0.1170  207.75938743
  0.1180  209.41109290
  0.1190  210.99700080
  0.1200  212.51650726
  0.1210  213.96904267
  0.1220  215.35407187
  0.1230  216.67109421
  0.1240  217.91964367
  0.1250  219.09928899
  0.1260  220.20963367
  0.1270  221.25031608
  0.1280  222.22100950
  0.1290  223.12142214
  0.1300  223.95129713
  0.1310  224.71041256
  0.1320  225.39858145
  0.1330  226.01565171
  0.1340  226.56150610
  0.1350  227.03606219
  0.1360  227.43927226
  0.1370  227.77112324
  0.1380  228.03163659
  0.1390  228.22086820
  0.1400  228.33890825
  0.1410  228.38588109
  0.1420  228.36194506
  0.1430  228.26729236
  0.1440  228.10214883
  0.1450  227.86677375
  0.1460  227.56145969
  0.1470  227.18653224
  0.1480  226.74234978
  0.1490  226.22930324
  0.1500  225.64781586
  0.1510  224.99834290
  0.1520  224.28137132
  0.1530  223.49741956
  0.1540  222.64703716
  0.1550  221.73080446
  0.1560  220.74933227
  0.1570  219.70326151
  0.1580  218.59326285
  0.1590  217.42003635
  0.1600  216.18431103
  0.1610  214.88684454
  0.1620  213.52842267
  0.1630  212.10985899
  0.1640  210.63199438
  0.1650  209.09569658
  0.1660  207.50185975
  0.1670  205.85140397
  0.1680  204.14527478
  0.1690  202.38444267
  0.1700  200.56990258
  0.1710  198.70267334
  0.1720  196.78379722
  0.1730  194.81433930
  0.1740  192.79538697
  0.1750  190.72804934
  0.1760  188.61345667
  0.1770  186.45275977
  0.1780  184.24712944
  0.1790  181.99775581
  0.1800  179.70584775
  0.1810  177.37263223
  0.1820  174.99935369
  0.1830  172.58727336
  0.1840  170.13766866
  0.1850  167.65183247
  0.1860  165.13107247
  0.1870  162.57671047
  0.1880  159.99008173
  0.1890  157.37253418
  0.1900  154.72542779
  0.1910  152.05013382
  0.1920  149.34803409
  0.1930  146.62052024
  0.1940  143.86899301
  0.1950  141.09486149
  0.1960  138.29954234
  0.1970  135.48445906
  0.1980  132.65104124
  0.1990  129.80072374
  0.2000  126.93494598
  0.2010  124.05515110
  0.2020  121.16278525
  0.2030  118.25929675
  0.2040  115.34613533
  0.2050  112.42475136
  0.2060  109.49659503
  0.2070  106.56311556
  0.2080  103.62576046
  0.2090  100.68597469
  0.2100  97.74519988
  0.2110  94.80487358
  0.2120  91.86642842
  0.2130  88.93129139
  0.2140  86.00088301
  0.2150  83.07661658
  0.2160  80.15989741
  0.2170  77.25212207
  0.2180  74.35467761
  0.2190  71.46894083
  0.2200  68.59627755
  0.2210  65.73804184
  0.2220  62.89557540
  0.2230  60.07020675
  0.2240  57.26325065
  0.2250  54.47600738
  0.2260  51.70976215
  0.2270  48.96578448
  0.2280  46.24532768
  0.2290  43.54962834
  0.2300  40.87990593
  0.2310  38.23736250
  0.2320  35.62318248
  0.2330  33.03853284
  0.2340  30.48456338
  0.2350  27.96240772
  0.2360  25.47318498
  0.2370  23.01800291
  0.2380  20.59796335
  0.2390  18.21417212
  0.2400  15.86775756
  0.2410  13.55990721
  0.2420  11.29194681
  0.2430  9.06553048
  0.2440  6.88317815
  0.2450  4.75021226
  0.2460  2.68545380
  0.2470  0.88582989
  0.2480  1.65723519
  0.2490  3.54381689
  0.2500  5.44823855
  0.2510  7.32009804
  0.2520  9.15020663
  0.2530  10.93528710
  0.2540  12.67364724
  0.2550  14.36418102
  0.2560  16.00605189
  0.2570  17.59857059
  0.2580  19.14114104
  0.2590  20.63323390
  0.2600  22.07437263
  0.2610  23.46412565
  0.2620  24.80210173
  0.2630  26.08794710
  0.2640  27.32134367
  0.2650  28.50200782
  0.2660  29.62968954
  0.2670  30.70417184
  0.2680  31.72527033
  0.2690  32.69283280
  0.2700  33.60673902
  0.2710  34.46690039
  0.2720  35.27325974
  0.2730  36.02579111
  0.2740  36.72449949
  0.2750  37.36942063
  0.2760  37.96062074
  0.2770  38.49819629
  0.2780  38.98227375
  0.2790  39.41300926
  0.2800  39.79058841
  0.2810  40.11522588
  0.2820  40.38716517
  0.2830  40.60667824
  0.2840  40.77406514
  0.2850  40.88965371
  0.2860  40.95379913
  0.2870  40.96688359
  0.2880  40.92931583
  0.2890  40.84153075
  0.2900  40.70398897
  0.2910  40.51717638
  0.2920  40.28160367
  0.2930  39.99780586
  0.2940  39.66634184
  0.2950  39.28779382
  0.2960  38.86276687
  0.2970  38.39188837
  0.2980  37.87580750
  0.2990  37.31519468
  0.3000  36.71074105
  0.3010  36.06315790
  0.3020  35.37317607
  0.3030  34.64154547
  0.3040  33.86903441
  0.3050  33.05642905
  0.3060  32.20453283
  0.3070  31.31416587
  0.3080  30.38616435
  0.3090  29.42137994
  0.3100  28.42067922
  0.3110  27.38494302
  0.3120  26.31506591
  0.3130  25.21195557
  0.3140  24.07653222
  0.3150  22.90972811
  0.3160  21.71248693
  0.3170  20.48576343
  0.3180  19.23052290
  0.3190  17.94774096
  0.3200  16.63840341
  0.3210  15.30350636
  0.3220  13.94405693
  0.3230  12.56107481
  0.3240  11.15559563
  0.3250  9.72867793
  0.3260  8.28141858
  0.3270  6.81498931
  0.3280  5.33073715
  0.3290  3.83052636
  0.3300  2.31843870
  0.3310  0.82168443
  0.3320  0.84468974
  0.3330  2.37048640
  0.3340  3.93821353
  0.3350  5.52174357
  0.3360  7.11705664
  0.3370  8.72229856
  0.3380  10.33612328
  0.3390  11.95735711
  0.3400  13.58489982
  0.3410  15.21768831
  0.3420  16.85468139
  0.3430  18.49485275
  0.3440  20.13718749
  0.3450  21.78068047
  0.3460  23.42433548
  0.3470  25.06716502
  0.3480  26.70819020
  0.3490  28.34644091
  0.3500  29.98095607
  0.3510  31.61078392
  0.3520  33.23498235
  0.3530  34.85261929
  0.3540  36.46277301
  0.3550  38.06453257
  0.3560  39.65699816
  0.3570  41.23928145
  0.3580  42.81050602
  0.3590  44.36980767
  0.3600  45.91633481
  0.3610  47.44924879
  0.3620  48.96772427
  0.3630  50.47094951
  0.3640  51.95812676
  0.3650  53.42847253
  0.3660  54.88121790
  0.3670  56.31560884
  0.3680  57.73090651
  0.3690  59.12638751
  0.3700  60.50134414
  0.3710  61.85508474
  0.3720  63.18693386
  0.3730  64.49623252
  0.3740  65.78233850
  0.3750  67.04462648
  0.3760  68.28248832
  0.3770  69.49533324
  0.3780  70.68258800
  0.3790  71.84369712
  0.3800  72.97812304
  0.3810  74.08534627
  0.3820  75.16486556
  0.3830  76.21619808
  0.3840  77.23887948
  0.3850  78.23246411
  0.3860  79.19652507
  0.3870  80.13065434
  0.3880  81.03446290
  0.3890  81.90758078
  0.3900  82.74965718
  0.3910  83.56036053
  0.3920  84.33937852
  0.3930  85.08641821
  0.3940  85.80120601
  0.3950  86.48348776
  0.3960  87.13302873
  0.3970  87.74961366
  0.3980  88.33304672
  0.3990  88.88315155
  0.4000  89.39977121
  0.4010  89.88276819
  0.4020  90.33202435
  0.4030  90.74744090
  0.4040  91.12893832
  0.4050  91.47645634
  0.4060  91.78995381
  0.4070  92.06940869
  0.4080  92.31481791
  0.4090  92.52619728
  0.4100  92.70358141
  0.4110  92.84702357
  0.4120  92.95659555
  0.4130  93.03238756
  0.4140  93.07450807
  0.4150  93.08308364
  0.4160  93.05825879
  0.4170  93.00019581
  0.4180  92.90907456
  0.4190  92.78509233
  0.4200  92.62846360
  0.4210  92.43941985
  0.4220  92.21820934
  0.4230  91.96509691
  0.4240  91.68036370
  0.4250  91.36430695
  0.4260  91.01723972
  0.4270  90.63949069
  0.4280  90.23140380
  0.4290  89.79333809
  0.4300  89.32566731
  0.4310  88.82877972
  0.4320  88.30307773
  0.4330  87.74897764
  0.4340  87.16690930
  0.4350  86.55731581
  0.4360  85.92065318
  0.4370  85.25739001
  0.4380  84.56800717
  0.4390  83.85299740
  0.4400  83.11286501
  0.4410  82.34812551
  0.4420  81.55930524
  0.4430  80.74694100
  0.4440  79.91157968
  0.4450  79.05377789
  0.4460  78.17410158
  0.4470  77.27312563
  0.4480  76.35143346
  0.4490  75.40961666
  0.4500  74.44827457
  0.4510  73.46801387
  0.4520  72.46944818
  0.4530  71.45319768
  0.4540  70.41988863
  0.4550  69.37015301
  0.4560  68.30462808
  0.4570  67.22395598
  0.4580  66.12878328
  0.4590  65.01976058
  0.4600  63.89754208
  0.4610  62.76278515
  0.4620  61.61614991
  0.4630  60.45829881
  0.4640  59.28989623
  0.4650  58.11160798
  0.4660  56.92410097
  0.4670  55.72804274
  0.4680  54.52410104
  0.4690  53.31294343
  0.4700  52.09523684
  0.4710  50.87164720
  0.4720  49.64283899
  0.4730  48.40947486
  0.4740  47.17221519
  0.4750  45.93171775
  0.4760  44.68863726
  0.4770  43.44362499
  0.4780  42.19732844
  0.4790  40.95039087
  0.4800  39.70345101
  0.4810  38.45714262
  0.4820  37.21209418
  0.4830  35.96892849
  0.4840  34.72826236
  0.4850  33.49070623
  0.4860  32.25686385
  0.4870  31.02733195
  0.4880  29.80269991
  0.4890  28.58354945
  0.4900  27.37045433
  0.4910  26.16398005
  0.4920  24.96468353
  0.4930  23.77311288
  0.4940  22.58980709
  0.4950  21.41529581
  0.4960  20.25009902
  0.4970  19.09472690
  0.4980  17.94967950
  0.4990  16.81544660
  0.5000  15.69250745
  0.5010  14.58133065
  0.5020  13.48237395
  0.5030  12.39608413
  0.5040  11.32289691
  0.5050  10.26323696
  0.5060  9.21751793
  0.5070  8.18614276
  0.5080  7.16950427
  0.5090  6.16798644
  0.5100  5.18196728
  0.5110  4.21182557
  0.5120  3.25795927
  0.5130  2.32084717
  0.5140  1.40134812
  0.5150  0.50416940
  0.5160  0.40581394
  0.5170  1.26577151
  0.5180  2.11508032
  0.5190  2.94719288
  0.5200  3.76122567
  0.5210  4.55678319
  0.5220  5.33358979
  0.5230  6.09141792
  0.5240  6.83006730
  0.5250  7.54935733
  0.5260  8.24912376
  0.5270  8.92921720
  0.5280  9.58950220
  0.5290  10.22985679
  0.5300  10.85017213
  0.5310  11.45035232
  0.5320  12.03031419
  0.5330  12.58998714
  0.5340  13.12931304
  0.5350  13.64824604
  0.5360  14.14675250
  0.5370  14.62481082
  0.5380  15.08241130
  0.5390  15.51955604
  0.5400  15.93625878
  0.5410  16.33254473
  0.5420  16.70845048
  0.5430  17.06402377
  0.5440  17.39932341
  0.5450  17.71441904
  0.5460  18.00939103
  0.5470  18.28433026
  0.5480  18.53933798
  0.5490  18.77452560
  0.5500  18.99001452
  0.5510  19.18593595
  0.5520  19.36243071
  0.5530  19.51964902
  0.5540  19.65775036
  0.5550  19.77690320
  0.5560  19.87728486
  0.5570  19.95908124
  0.5580  20.02248671
  0.5590  20.06770378
  0.5600  20.09494300
  0.5610  20.10442269
  0.5620  20.09636873
  0.5630  20.07101438
  0.5640  20.02860001
  0.5650  19.96937295
  0.5660  19.89358720
  0.5670  19.80150329
  0.5680  19.69338800
  0.5690  19.56951415
  0.5700  19.43016044
  0.5710  19.27561115
  0.5720  19.10615596
  0.5730  18.92208976
  0.5740  18.72371237
  0.5750  18.51132837
  0.5760  18.28524687
  0.5770  18.04578126
  0.5780  17.79324907
  0.5790  17.52797167
  0.5800  17.25027411
  0.5810  16.96048488
  0.5820  16.65893572
  0.5830  16.34596137
  0.5840  16.02189941
  0.5850  15.68709000
  0.5860  15.34187571
  0.5870  14.98660128
  0.5880  14.62161344
  0.5890  14.24726069
  0.5900  13.86389311
  0.5910  13.47186212
  0.5920  13.07152034
  0.5930  12.66322133
  0.5940  12.24731942
  0.5950  11.82416953
  0.5960  11.39412694
  0.5970  10.95754709
  0.5980  10.51478544
  0.5990  10.06619723
  0.6000  9.61213731
  0.6010  9.15295993
  0.6020  8.68901860
  0.6030  8.22066585
  0.6040  7.74825309
  0.6050  7.27213041
  0.6060  6.79264640
  0.6070  6.31014799
  0.6080  5.82498024
  0.6090  5.33748624
  0.6100  4.84800687
  0.6110  4.35688071
  0.6120  3.86444390
  0.6130  3.37103002
  0.6140  2.87697010
  0.6150  2.38259282
  0.6160  1.88822520
  0.6170  1.39419530
  0.6180  0.90084402
  0.6190  0.40862344
  0.6200  0.08527169
  0.6210  0.57301161
  0.6220  1.06063165
  0.6230  1.54618000
  0.6240  2.02929577
  0.6250  2.50967556
  0.6260  2.98703069
  0.6270  3.46108042
  0.6280  3.93155015
  0.6290  4.39817100
  0.6300  4.86067959
  0.6310  5.31881812
  0.6320  5.77233438
  0.6330  6.22098183
  0.6340  6.66451977
  0.6350  7.10271336
  0.6360  7.53533376
  0.6370  7.96215824
  0.6380  8.38297025
  0.6390  8.79755955
  0.6400  9.20572229
  0.6410  9.60726109
  0.6420  10.00198514
  0.6430  10.38971029
  0.6440  10.77025910
  0.6450  11.14346094
  0.6460  11.50915206
  0.6470  11.86717564
  0.6480  12.21738187
  0.6490  12.55962798
  0.6500  12.89377832
  0.6510  13.21970439
  0.6520  13.53728489
  0.6530  13.84640575
  0.6540  14.14696018
  0.6550  14.43884867
  0.6560  14.72197902
  0.6570  14.99626638
  0.6580  15.26163322
  0.6590  15.51800937
  0.6600  15.76533201
  0.6610  16.00354568
  0.6620  16.23260221
  0.6630  16.45246078
  0.6640  16.66308787
  0.6650  16.86445721
  0.6660  17.05654978
  0.6670  17.23935375
  0.6680  17.41286445
  0.6690  17.57708432
  0.6700  17.73202285
  0.6710  17.87769652
  0.6720  18.01412875
  0.6730  18.14134979
  0.6740  18.25939671
  0.6750  18.36831324
  0.6760  18.46814975
  0.6770  18.55896313
  0.6780  18.64081668
  0.6790  18.71378005
  0.6800  18.77792909
  0.6810  18.83334576
  0.6820  18.88011801
  0.6830  18.91833967
  0.6840  18.94811030
  0.6850  18.96953510
  0.6860  18.98272473
  0.6870  18.98779521
  0.6880  18.98486777
  0.6890  18.97406867
  0.6900  18.95552911
  0.6910  18.92938503
  0.6920  18.89577699
  0.6930  18.85484996
  0.6940  18.80675322
  0.6950  18.75164016
  0.6960  18.68966809
  0.6970  18.62099813
  0.6980  18.54579498
  0.6990  18.46422679
  0.7000  18.37646494
  0.7010  18.28268389
  0.7020  18.18306099
  0.7030  18.07777631
  0.7040  17.96701244
  0.7050  17.85095431
  0.7060  17.72978900
  0.7070  17.60370559
  0.7080  17.47289492
  0.7090  17.33754943
  0.7100  17.19786298
  0.7110  17.05403066
  0.7120  16.90624859
  0.7130  16.75471375
  0.7140  16.59962378
  0.7150  16.44117683
  0.7160  16.27957131
  0.7170  16.11500579
  0.7180  15.94767875
  0.7190  15.77778846
  0.7200  15.60553274
  0.7210  15.43110886
  0.7220  15.25471329
  0.7230  15.07654159
  0.7240  14.89678821
  0.7250  14.71564634
  0.7260  14.53330773
  0.7270  14.34996255
  0.7280  14.16579923
  0.7290  13.98100432
  0.7300  13.79576228
  0.7310  13.61025544
  0.7320  13.42466375
  0.7330  13.23916472
  0.7340  13.05393325
  0.7350  12.86914151
  0.7360  12.68495882
  0.7370  12.50155152
  0.7380  12.31908286
  0.7390  12.13771289
  0.7400  11.95759834
  0.7410  11.77889256
  0.7420  11.60174537
  0.7430  11.42630300
  0.7440  11.25270801
  0.7450  11.08109919
  0.7460  10.91161149
  0.7470  10.74437597
  0.7480  10.57951970
  0.7490  10.41716574
  0.7500  10.25743306
  0.7510  10.10043652
  0.7520  9.94628678
  0.7530  9.79509033
  0.7540  9.64694941
  0.7550  9.50196200
  0.7560  9.36022182
  0.7570  9.22181828
  0.7580  9.08683651
  0.7590  8.95535734
  0.7600  8.82745730
  0.7610  8.70320865
  0.7620  8.58267935
  0.7630  8.46593314
  0.7640  8.35302952
  0.7650  8.24402378
  0.7660  8.13896704
  0.7670  8.03790632
  0.7680  7.94088451
  0.7690  7.84794047
  0.7700  7.75910906
  0.7710  7.67442118
  0.7720  7.59390384
  0.7730  7.51758019
  0.7740  7.44546959
  0.7750  7.37758770
  0.7760  7.31394645
  0.7770  7.25455420
  0.7780  7.19941574
  0.7790  7.14853236
  0.7800  7.10190192
  0.7810  7.05951892
  0.7820  7.02137452
  0.7830  6.98745666
  0.7840  6.95775007
  0.7850  6.93223636
  0.7860  6.91089407
  0.7870  6.89369874
  0.7880  6.88062293
  0.7890  6.87163636
  0.7900  6.86670590
  0.7910  6.86579567
  0.7920  6.86886707
  0.7930  6.87587889
  0.7940  6.88678733
  0.7950  6.90154610
  0.7960  6.92010646
  0.7970  6.94241732
  0.7980  6.96842527
  0.7990  6.99807466
  0.8000  7.03130772
  0.8010  7.06806456
  0.8020  7.10828330
  0.8030  7.15190011
  0.8040  7.19884929
  0.8050  7.24906338
  0.8060  7.30247318
  0.8070  7.35900788
  0.8080  7.41859510
  0.8090  7.48116097
  0.8100  7.54663021
  0.8110  7.61492622
  0.8120  7.68597113
  0.8130  7.75968588
  0.8140  7.83599028
  0.8150  7.91480311
  0.8160  7.99604216
  0.8170  8.07962430
  0.8180  8.16546553
  0.8190  8.25348110
  0.8200  8.34358550
  0.8210  8.43569255
  0.8220  8.52971547
  0.8230  8.62556692
  0.8240  8.72315903
  0.8250  8.82240351
  0.8260  8.92321164
  0.8270  9.02549434
  0.8280  9.12916224
  0.8290  9.23412569
  0.8300  9.34029480
  0.8310  9.44757953
  0.8320  9.55588967
  0.8330  9.66513494
  0.8340  9.77522495
  0.8350  9.88606933
  0.8360  9.99757768
  0.8370  10.10965969
  0.8380  10.22222509
  0.8390  10.33518374
  0.8400  10.44844565
  0.8410  10.56192103
  0.8420  10.67552027
  0.8430  10.78915405
  0.8440  10.90273331
  0.8450  11.01616931
  0.8460  11.12937366
  0.8470  11.24225837
  0.8480  11.35473584
  0.8490  11.46671895
  0.8500  11.57812104
  0.8510  11.68885600
  0.8520  11.79883825
  0.8530  11.90798281
  0.8540  12.01620533
  0.8550  12.12342212
  0.8560  12.22955020
  0.8570  12.33450732
  0.8580  12.43821199
  0.8590  12.54058357
  0.8600  12.64154224
  0.8610  12.74100910
  0.8620  12.83890615
  0.8630  12.93515640
  0.8640  13.02968384
  0.8650  13.12241352
  0.8660  13.21327161
  0.8670  13.30218539
  0.8680  13.38908332
  0.8690  13.47389510
  0.8700  13.55655167
  0.8710  13.63698529
  0.8720  13.71512955
  0.8730  13.79091946
  0.8740  13.86429141
  0.8750  13.93518332
  0.8760  14.00353459
  0.8770  14.06928617
  0.8780  14.13238064
  0.8790  14.19276218
  0.8800  14.25037667
  0.8810  14.30517170
  0.8820  14.35709662
  0.8830  14.40610257
  0.8840  14.45214252
  0.8850  14.49517131
  0.8860  14.53514568
  0.8870  14.57202432
  0.8880  14.60576787
  0.8890  14.63633901
  0.8900  14.66370241
  0.8910  14.68782485
  0.8920  14.70867519
  0.8930  14.72622441
  0.8940  14.74044563
  0.8950  14.75131418
  0.8960  14.75880755
  0.8970  14.76290549
  0.8980  14.76358996
  0.8990  14.76084520
  0.9000  14.75465774
  0.9010  14.74501637
  0.9020  14.73191223
  0.9030  14.71533876
  0.9040  14.69529174
  0.9050  14.67176930
  0.9060  14.64477192
  0.9070  14.61430242
  0.9080  14.58036601
  0.9090  14.54297023
  0.9100  14.50212503
  0.9110  14.45784267
  0.9120  14.41013782
  0.9130  14.35902746
  0.9140  14.30453094
  0.9150  14.24666996
  0.9160  14.18546852
  0.9170  14.12095295
  0.9180  14.05315188
  0.9190  13.98209623
  0.9200  13.90781917
  0.9210  13.83035613
  0.9220  13.74974476
  0.9230  13.66602491
  0.9240  13.57923858
  0.9250  13.48942997
  0.9260  13.39664533
  0.9270  13.30093305
  0.9280  13.20234354
  0.9290  13.10092924
  0.9300  12.99674455
  0.9310  12.88984584
  0.9320  12.78029136
  0.9330  12.66814121
  0.9340  12.55345732
  0.9350  12.43630338
  0.9360  12.31674480
  0.9370  12.19484867
  0.9380  12.07068369
  0.9390  11.94432012
  0.9400  11.81582975
  0.9410  11.68528583
  0.9420  11.55276299
  0.9430  11.41833723
  0.9440  11.28208582
  0.9450  11.14408725
  0.9460  11.00442118
  0.9470  10.86316837
  0.9480  10.72041060
  0.9490  10.57623062
  0.9500  10.43071210
  0.9510  10.28393953
  0.9520  10.13599815
  0.9530  9.98697393
  0.9540  9.83695344
  0.9550  9.68602381
  0.9560  9.53427266
  0.9570  9.38178803
  0.9580  9.22865828
  0.9590  9.07497206
  0.9600  8.92081821
  0.9610  8.76628569
  0.9620  8.61146351
  0.9630  8.45644067
  0.9640  8.30130607
  0.9650  8.14614844
  0.9660  7.99105628
  0.9670  7.83611777
  0.9680  7.68142073
  0.9690  7.52705251
  0.9700  7.37309995
  0.9710  7.21964931
  0.9720  7.06678618
  0.9730  6.91459544
  0.9740  6.76316117
  0.9750  6.61256660
  0.9760  6.46289406
  0.9770  6.31422489
  0.9780  6.16663938
  0.9790  6.02021673
  0.9800  5.87503500
  0.9810  5.73117100
  0.9820  5.58870032
  0.9830  5.44769717
  0.9840  5.30823444
  0.9850  5.17038356
  0.9860  5.03421450
  0.9870  4.89979570
  0.9880  4.76719404
  0.9890  4.63647478
  0.9900  4.50770152
  0.9910  4.38093617
  0.9920  4.25623889
  0.9930  4.13366805
  0.9940  4.01328021
  0.9950  3.89513007
  0.9960  3.77927041
  0.9970  3.66575210
  0.9980  3.55462401
  0.9990  3.44593300
