  0.0000  79.30900220
  0.0010  79.26900405
  0.0020  79.14903036
  0.0030  78.94914351
  0.0040  78.66944735
  0.0050  78.31008725
  0.0060  77.87124993
  0.0070  77.35316345
  0.0080  76.75609698
  0.0090  76.08036075
  0.0100  75.32630583
  0.0110  74.49432392
  0.0120  73.58484720
  0.0130  72.59834803
  0.0140  71.53533874
  0.0150  70.39637130
  0.0160  69.18203708
  0.0170  67.89296647
  0.0180  66.52982856
  0.0190  65.09333079
  0.0200  63.58421854
  0.0210  62.00327474
  0.0220  60.35131941
  0.0230  58.62920927
  0.0240  56.83783722
  0.0250  54.97813189
  0.0260  53.05105709
  0.0270  51.05761135
  0.0280  48.99882732
  0.0290  46.87577123
  0.0300  44.68954232
  0.0310  42.44127222
  0.0320  40.13212435
  0.0330  37.76329329
  0.0340  35.33600415
  0.0350  32.85151186
  0.0360  30.31110056
  0.0370  27.71608286
  0.0380  25.06779918
  0.0390  22.36761705
  0.0400  19.61693043
  0.0410  16.81715910
  0.0420  13.96974822
  0.0430  11.07616831
  0.0440  8.13791715
  0.0450  5.15653087
  0.0460  2.13369770
  0.0470  0.93090203
  0.0480  4.03180811
  0.0490  7.17029034
  0.0500  10.34413085
  0.0510  13.55165701
  0.0520  16.79121185
  0.0530  20.06112946
  0.0540  23.35973137
  0.0550  26.68532618
  0.0560  30.03621001
  0.0570  33.41066726
  0.0580  36.80697139
  0.0590  40.22338584
  0.0600  43.65816490
  0.0610  47.10955469
  0.0620  50.57579401
  0.0630  54.05511531
  0.0640  57.54574564
  0.0650  61.04590758
  0.0660  64.55382016
  0.0670  68.06769986
  0.0680  71.58576149
  0.0690  75.10621918
  0.0700  78.62728732
  0.0710  82.14718150
  0.0720  85.66411943
  0.0730  89.17632192
  0.0740  92.68201379
  0.0750  96.17942482
  0.0760  99.66679067
  0.0770  103.14235380
  0.0780  106.60436444
  0.0790  110.05108142
  0.0800  113.48077317
  0.0810  116.89171856
  0.0820  120.28220785
  0.0830  123.65054353
  0.0840  126.99504124
  0.0850  130.31403062
  0.0860  133.60585620
  0.0870  136.86887824
  0.0880  140.10147358
  0.0890  143.30203648
  0.0900  146.46897944
  0.0910  149.60073404
  0.0920  152.69575170
  0.0930  155.75250452
  0.0940  158.76948601
  0.0950  161.74521191
  0.0960  164.67822092
  0.0970  167.56707542
  0.0980  170.41036222
  0.0990  173.20669330
  0.1000  175.95470643
  0.1010  178.65306595
  0.1020  181.30046334
  0.1030  183.89561795
  0.1040  186.43727761
  0.1050  188.92421922
  0.1060  191.35524940
  0.1070  193.72920504
  0.1080  196.04495390
  0.1090  198.30139512
  0.1100  200.49745978
  0.1110  202.63211144
  0.1120  204.70434656
  0.1130  206.71319507
  0.1140  208.65772074
  0.1150  210.53702170
  0.1160  212.35023081
  0.1170  214.09651606
  0.1180  215.77508098
  0.1190  217.38516498
  0.1200  218.92604371
  0.1210  220.39702934
  0.1220  221.79747091
  0.1230  223.12675459
  0.1240  224.38430391
  0.1250  225.56958005
  0.1260  226.68208202
  0.1270  227.72134688
  0.1280  228.68694988
  0.1290  229.57850465
  0.1300  230.39566333
  0.1310  231.13811666
  0.1320  231.80559408
  0.1330  232.39786382
  0.1340  232.91473290
  0.1350  233.35604721
  0.1360  233.72169149
  0.1370  234.01158930
  0.1380  234.22570300
  0.1390  234.36403372
  0.1400  234.42662121
  0.1410  234.41354381
  0.1420  234.32491828
  0.1430  234.16089969
  0.1440  233.92168125
  0.1450  233.60749410
  0.1460  233.21860715
  0.1470  232.75532683
  0.1480  232.21799684
  0.1490  231.60699790
  0.1500  230.92274746
  0.1510  230.16569942
  0.1520  229.33634377
  0.1530  228.43520624
  0.1540  227.46284802
  0.1550  226.41986527
  0.1560  225.30688881
  0.1570  224.12458366
  0.1580  222.87364861
  0.1590  221.55481579
  0.1600  220.16885016
  0.1610  218.71654908
  0.1620  217.19874175
  0.1630  215.61628873
  0.1640  213.97008140
  0.1650  212.26104138
  0.1660  210.49011999
  0.1670  208.65829768
  0.1680  206.76658339
  0.1690  204.81601397
  0.1700  202.80765357
  0.1710  200.74259296
  0.1720  198.62194890
  0.1730  196.44686349
  0.1740  194.21850346
  0.1750  191.93805952
  0.1760  189.60674562
  0.1770  187.22579827
  0.1780  184.79647580
  0.1790  182.32005764
  0.1800  179.79784356
  0.1810  177.23115293
  0.1820  174.62132397
  0.1830  171.96971296
  0.1840  169.27769346
  0.1850  166.54665556
  0.1860  163.77800505
  0.1870  160.97316266
  0.1880  158.13356319
  0.1890  155.26065479
  0.1900  152.35589806
  0.1910  149.42076530
  0.1920  146.45673963
  0.1930  143.46531420
  0.1940  140.44799133
  0.1950  137.40628173
  0.1960  134.34170357
  0.1970  131.25578176
  0.1980  128.15004700
  0.1990  125.02603505
  0.2000  121.88528577
  0.2010  118.72934241
  0.2020  115.55975067
  0.2030  112.37805791
  0.2040  109.18581233
  0.2050  105.98456211
  0.2060  102.77585458
  0.2070  99.56123544
  0.2080  96.34224790
  0.2090  93.12043187
  0.2100  89.89732319
  0.2110  86.67445278
  0.2120  83.45334590
  0.2130  80.23552133
  0.2140  77.02249062
  0.2150  73.81575733
  0.2160  70.61681629
  0.2170  67.42715286
  0.2180  64.24824226
  0.2190  61.08154884
  0.2200  57.92852551
  0.2210  54.79061307
  0.2220  51.66923971
  0.2230  48.56582050
  0.2240  45.48175708
  0.2250  42.41843740
  0.2260  39.37723570
  0.2270  36.35951292
  0.2280  33.36661745
  0.2290  30.39988690
  0.2300  27.46065115
  0.2310  24.55023802
  0.2320  21.66998364
  0.2330  18.82125233
  0.2340  16.00547719
  0.2350  13.22425054
  0.2360  10.47955260
  0.2370  7.77444493
  0.2380  5.11588093
  0.2390  2.53460271
  0.2400  0.77186121
  0.2410  2.84106372
  0.2420  5.31271253
  0.2430  7.77293436
  0.2440  10.19836652
  0.2450  12.58318316
  0.2460  14.92478920
  0.2470  17.22156565
  0.2480  19.47228407
  0.2490  21.67590747
  0.2500  23.83150974
  0.2510  25.93823882
  0.2520  27.99529835
  0.2530  30.00193776
  0.2540  31.95744673
  0.2550  33.86115198
  0.2560  35.71241524
  0.2570  37.51063205
  0.2580  39.25523102
  0.2590  40.94567332
  0.2600  42.58145238
  0.2610  44.16209371
  0.2620  45.68715475
  0.2630  47.15622481
  0.2640  48.56892503
  0.2650  49.92490831
  0.2660  51.22385928
  0.2670  52.46549429
  0.2680  53.64956136
  0.2690  54.77584010
  0.2700  55.84414171
  0.2710  56.85430884
  0.2720  57.80621560
  0.2730  58.69976736
  0.2740  59.53490072
  0.2750  60.31158334
  0.2760  61.02981381
  0.2770  61.68962153
  0.2780  62.29106647
  0.2790  62.83423904
  0.2800  63.31925988
  0.2810  63.74627960
  0.2820  64.11547862
  0.2830  64.42706686
  0.2840  64.68128351
  0.2850  64.87839675
  0.2860  65.01870344
  0.2870  65.10252885
  0.2880  65.13022629
  0.2890  65.10217682
  0.2900  65.01878890
  0.2910  64.88049799
  0.2920  64.68776621
  0.2930  64.44108197
  0.2940  64.14095950
  0.2950  63.78793852
  0.2960  63.38258376
  0.2970  62.92548457
  0.2980  62.41725442
  0.2990  61.85853050
  0.3000  61.24997319
  0.3010  60.59226566
  0.3020  59.88611330
  0.3030  59.13224329
  0.3040  58.33140406
  0.3050  57.48436479
  0.3060  56.59191487
  0.3070  55.65486342
  0.3080  54.67403868
  0.3090  53.65028755
  0.3100  52.58447500
  0.3110  51.47748351
  0.3120  50.33021257
  0.3130  49.14357809
  0.3140  47.91851184
  0.3150  46.65596095
  0.3160  45.35688730
  0.3170  44.02226704
  0.3180  42.65309003
  0.3190  41.25035935
  0.3200  39.81509080
  0.3210  38.34831245
  0.3220  36.85106427
  0.3230  35.32439773
  0.3240  33.76937557
  0.3250  32.18707166
  0.3260  30.57857103
  0.3270  28.94497016
  0.3280  27.28737760
  0.3290  25.60691517
  0.3300  23.90471997
  0.3310  22.18194767
  0.3320  20.43977798
  0.3330  18.67942365
  0.3340  16.90214583
  0.3350  15.10928110
  0.3360  13.30229167
  0.3370  11.48286481
  0.3380  9.65312760
  0.3390  7.81616850
  0.3400  5.97752763
  0.3410  4.15063892
  0.3420  2.38687329
  0.3430  1.11193755
  0.3440  1.98156392
  0.3450  3.71917944
  0.3460  5.56789943
  0.3470  7.44752596
  0.3480  9.34021317
  0.3490  11.23929269
  0.3500  13.14130824
  0.3510  15.04400728
  0.3520  16.94567366
  0.3530  18.84486239
  0.3540  20.74027997
  0.3550  22.63072505
  0.3560  24.51505696
  0.3570  26.39217787
  0.3580  28.26102248
  0.3590  30.12055163
  0.3600  31.96974846
  0.3610  33.80761590
  0.3620  35.63317522
  0.3630  37.44546503
  0.3640  39.24354077
  0.3650  41.02647444
  0.3660  42.79335443
  0.3670  44.54328561
  0.3680  46.27538939
  0.3690  47.98880391
  0.3700  49.68268420
  0.3710  51.35620245
  0.3720  53.00854825
  0.3730  54.63892881
  0.3740  56.24656929
  0.3750  57.83071300
  0.3760  59.39062171
  0.3770  60.92557589
  0.3780  62.43487495
  0.3790  63.91783752
  0.3800  65.37380167
  0.3810  66.80212514
  0.3820  68.20218557
  0.3830  69.57338068
  0.3840  70.91512851
  0.3850  72.22686760
  0.3860  73.50805713
  0.3870  74.75817712
  0.3880  75.97672858
  0.3890  77.16323363
  0.3900  78.31723563
  0.3910  79.43829931
  0.3920  80.52601089
  0.3930  81.57997811
  0.3940  82.59983036
  0.3950  83.58521871
  0.3960  84.53581599
  0.3970  85.45131681
  0.3980  86.33143760
  0.3990  87.17591660
  0.4000  87.98451387
  0.4010  88.75701129
  0.4020  89.49321253
  0.4030  90.19294300
  0.4040  90.85604980
  0.4050  91.48240169
  0.4060  92.07188895
  0.4070  92.62442338
  0.4080  93.13993811
  0.4090  93.61838755
  0.4100  94.05974727
  0.4110  94.46401381
  0.4120  94.83120458
  0.4130  95.16135771
  0.4140  95.45453183
  0.4150  95.71080595
  0.4160  95.93027921
  0.4170  96.11307074
  0.4180  96.25931940
  0.4190  96.36918357
  0.4200  96.44284094
  0.4210  96.48048822
  0.4220  96.48234095
  0.4230  96.44863316
  0.4240  96.37961718
  0.4250  96.27556330
  0.4260  96.13675950
  0.4270  95.96351118
  0.4280  95.75614079
  0.4290  95.51498757
  0.4300  95.24040720
  0.4310  94.93277149
  0.4320  94.59246801
  0.4330  94.21989978
  0.4340  93.81548490
  0.4350  93.37965618
  0.4360  92.91286080
  0.4370  92.41555991
  0.4380  91.88822829
  0.4390  91.33135394
  0.4400  90.74543767
  0.4410  90.13099276
  0.4420  89.48854453
  0.4430  88.81862994
  0.4440  88.12179718
  0.4450  87.39860527
  0.4460  86.64962364
  0.4470  85.87543171
  0.4480  85.07661846
  0.4490  84.25378204
  0.4500  83.40752931
  0.4510  82.53847540
  0.4520  81.64724335
  0.4530  80.73446358
  0.4540  79.80077355
  0.4550  78.84681725
  0.4560  77.87324483
  0.4570  76.88071209
  0.4580  75.86988012
  0.4590  74.84141483
  0.4600  73.79598651
  0.4610  72.73426939
  0.4620  71.65694123
  0.4630  70.56468289
  0.4640  69.45817786
  0.4650  68.33811188
  0.4660  67.20517246
  0.4670  66.06004853
  0.4680  64.90342994
  0.4690  63.73600708
  0.4700  62.55847047
  0.4710  61.37151034
  0.4720  60.17581622
  0.4730  58.97207651
  0.4740  57.76097815
  0.4750  56.54320615
  0.4760  55.31944323
  0.4770  54.09036945
  0.4780  52.85666181
  0.4790  51.61899386
  0.4800  50.37803538
  0.4810  49.13445198
  0.4820  47.88890476
  0.4830  46.64204993
  0.4840  45.39453854
  0.4850  44.14701607
  0.4860  42.90012215
  0.4870  41.65449023
  0.4880  40.41074727
  0.4890  39.16951346
  0.4900  37.93140193
  0.4910  36.69701843
  0.4920  35.46696115
  0.4930  34.24182039
  0.4940  33.02217840
  0.4950  31.80860909
  0.4960  30.60167791
  0.4970  29.40194160
  0.4980  28.20994812
  0.4990  27.02623644
  0.5000  25.85133657
  0.5010  24.68576942
  0.5020  23.53004688
  0.5030  22.38467193
  0.5040  21.25013874
  0.5050  20.12693308
  0.5060  19.01553269
  0.5070  17.91640799
  0.5080  16.83002305
  0.5090  15.75683696
  0.5100  14.69730580
  0.5110  13.65188544
  0.5120  12.62103568
  0.5130  11.60522634
  0.5140  10.60494649
  0.5150  9.62071886
  0.5160  8.65312293
  0.5170  7.70283366
  0.5180  6.77068931
  0.5190  5.85781734
  0.5200  4.96588493
  0.5210  4.09764350
  0.5220  3.25825216
  0.5230  2.45899645
  0.5240  1.72980551
  0.5250  1.16763353
  0.5260  1.03491079
  0.5270  1.42367986
  0.5280  2.03551064
  0.5290  2.70810537
  0.5300  3.39309753
  0.5310  4.07395599
  0.5320  4.74376660
  0.5330  5.39914929
  0.5340  6.03824797
  0.5350  6.65994955
  0.5360  7.26353993
  0.5370  7.84853710
  0.5380  8.41460350
  0.5390  8.96149714
  0.5400  9.48904277
  0.5410  9.99711417
  0.5420  10.48562287
  0.5430  10.95451061
  0.5440  11.40374430
  0.5450  11.83331238
  0.5460  12.24322233
  0.5470  12.63349871
  0.5480  13.00418177
  0.5490  13.35532630
  0.5500  13.68700080
  0.5510  13.99928671
  0.5520  14.29227785
  0.5530  14.56607989
  0.5540  14.82080994
  0.5550  15.05659609
  0.5560  15.27357713
  0.5570  15.47190216
  0.5580  15.65173031
  0.5590  15.81323043
  0.5600  15.95658083
  0.5610  16.08196899
  0.5620  16.18959129
  0.5630  16.27965276
  0.5640  16.35236683
  0.5650  16.40795505
  0.5660  16.44664686
  0.5670  16.46867934
  0.5680  16.47429694
  0.5690  16.46375125
  0.5700  16.43730073
  0.5710  16.39521049
  0.5720  16.33775200
  0.5730  16.26520290
  0.5740  16.17784668
  0.5750  16.07597249
  0.5760  15.95987486
  0.5770  15.82985345
  0.5780  15.68621283
  0.5790  15.52926220
  0.5800  15.35931516
  0.5810  15.17668945
  0.5820  14.98170673
  0.5830  14.77469230
  0.5840  14.55597490
  0.5850  14.32588644
  0.5860  14.08476176
  0.5870  13.83293841
  0.5880  13.57075640
  0.5890  13.29855801
  0.5900  13.01668751
  0.5910  12.72549097
  0.5920  12.42531605
  0.5930  12.11651179
  0.5940  11.79942838
  0.5950  11.47441702
  0.5960  11.14182971
  0.5970  10.80201910
  0.5980  10.45533832
  0.5990  10.10214088
  0.6000  9.74278059
  0.6010  9.37761143
  0.6020  9.00698763
  0.6030  8.63126363
  0.6040  8.25079424
  0.6050  7.86593487
  0.6060  7.47704190
  0.6070  7.08447325
  0.6080  6.68858926
  0.6090  6.28975398
  0.6100  5.88833702
  0.6110  5.48471647
  0.6120  5.07928312
  0.6130  4.67244717
  0.6140  4.26464872
  0.6150  3.85637506
  0.6160  3.44819026
  0.6170  3.04078816
  0.6180  2.63509354
  0.6190  2.23247009
  0.6200  1.83519057
  0.6210  1.44763450
  0.6220  1.07983082
  0.6230  0.75966314
  0.6240  0.57085615
  0.6250  0.63919651
  0.6260  0.90580135
  0.6270  1.24741784
  0.6280  1.61522573
  0.6290  1.99300501
  0.6300  2.37435112
  0.6310  2.75623380
  0.6320  3.13698889
  0.6330  3.51558383
  0.6340  3.89131026
  0.6350  4.26364092
  0.6360  4.63215719
  0.6370  4.99650981
  0.6380  5.35639632
  0.6390  5.71154759
  0.6400  6.06171936
  0.6410  6.40668681
  0.6420  6.74624091
  0.6430  7.08018599
  0.6440  7.40833801
  0.6450  7.73052334
  0.6460  8.04657791
  0.6470  8.35634651
  0.6480  8.65968234
  0.6490  8.95644665
  0.6500  9.24650843
  0.6510  9.52974420
  0.6520  9.80603783
  0.6530  10.07528039
  0.6540  10.33737004
  0.6550  10.59221191
  0.6560  10.83971801
  0.6570  11.07980718
  0.6580  11.31240495
  0.6590  11.53744353
  0.6600  11.75486171
  0.6610  11.96460481
  0.6620  12.16662460
  0.6630  12.36087924
  0.6640  12.54733320
  0.6650  12.72595722
  0.6660  12.89672823
  0.6670  13.05962926
  0.6680  13.21464940
  0.6690  13.36178367
  0.6700  13.50103303
  0.6710  13.63240420
  0.6720  13.75590967
  0.6730  13.87156754
  0.6740  13.97940149
  0.6750  14.07944065
  0.6760  14.17171953
  0.6770  14.25627795
  0.6780  14.33316087
  0.6790  14.40241837
  0.6800  14.46410552
  0.6810  14.51828225
  0.6820  14.56501331
  0.6830  14.60436809
  0.6840  14.63642056
  0.6850  14.66124916
  0.6860  14.67893665
  0.6870  14.68957005
  0.6880  14.69324047
  0.6890  14.69004305
  0.6900  14.68007679
  0.6910  14.66344446
  0.6920  14.64025248
  0.6930  14.61061079
  0.6940  14.57463274
  0.6950  14.53243493
  0.6960  14.48413715
  0.6970  14.42986219
  0.6980  14.36973577
  0.6990  14.30388636
  0.7000  14.23244510
  0.7010  14.15554566
  0.7020  14.07332409
  0.7030  13.98591872
  0.7040  13.89347004
  0.7050  13.79612053
  0.7060  13.69401457
  0.7070  13.58729833
  0.7080  13.47611957
  0.7090  13.36062759
  0.7100  13.24097308
  0.7110  13.11730797
  0.7120  12.98978535
  0.7130  12.85855929
  0.7140  12.72378477
  0.7150  12.58561754
  0.7160  12.44421398
  0.7170  12.29973100
  0.7180  12.15232591
  0.7190  12.00215632
  0.7200  11.84938000
  0.7210  11.69415477
  0.7220  11.53663840
  0.7230  11.37698848
  0.7240  11.21536230
  0.7250  11.05191678
  0.7260  10.88680832
  0.7270  10.72019270
  0.7280  10.55222500
  0.7290  10.38305947
  0.7300  10.21284942
  0.7310  10.04174717
  0.7320  9.86990387
  0.7330  9.69746949
  0.7340  9.52459265
  0.7350  9.35142060
  0.7360  9.17809904
  0.7370  9.00477211
  0.7380  8.83158226
  0.7390  8.65867018
  0.7400  8.48617471
  0.7410  8.31423273
  0.7420  8.14297915
  0.7430  7.97254675
  0.7440  7.80306616
  0.7450  7.63466578
  0.7460  7.46747165
  0.7470  7.30160747
  0.7480  7.13719444
  0.7490  6.97435125
  0.7500  6.81319402
  0.7510  6.65383618
  0.7520  6.49638845
  0.7530  6.34095877
  0.7540  6.18765226
  0.7550  6.03657110
  0.7560  5.88781457
  0.7570  5.74147890
  0.7580  5.59765727
  0.7590  5.45643976
  0.7600  5.31791329
  0.7610  5.18216156
  0.7620  5.04926502
  0.7630  4.91930085
  0.7640  4.79234287
  0.7650  4.66846154
  0.7660  4.54772393
  0.7670  4.43019364
  0.7680  4.31593084
  0.7690  4.20499221
  0.7700  4.09743092
  0.7710  3.99329664
  0.7720  3.89263550
  0.7730  3.79549015
  0.7740  3.70189970
  0.7750  3.61189979
  0.7760  3.52552258
  0.7770  3.44279683
  0.7780  3.36374789
  0.7790  3.28839781
  0.7800  3.21676536
  0.7810  3.14886615
  0.7820  3.08471269
  0.7830  3.02431449
  0.7840  2.96767817
  0.7850  2.91480755
  0.7860  2.86570379
  0.7870  2.82036549
  0.7880  2.77878877
  0.7890  2.74096745
  0.7900  2.70689306
  0.7910  2.67655499
  0.7920  2.64994052
  0.7930  2.62703491
  0.7940  2.60782141
  0.7950  2.59228128
  0.7960  2.58039377
  0.7970  2.57213615
  0.7980  2.56748358
  0.7990  2.56640914
  0.8000  2.56888369
  0.8010  2.57487582
  0.8020  2.58435175
  0.8030  2.59727527
  0.8040  2.61360762
  0.8050  2.63330744
  0.8060  2.65633069
  0.8070  2.68263063
  0.8080  2.71215775
  0.8090  2.74485977
  0.8100  2.78068167
  0.8110  2.81956566
  0.8120  2.86145127
  0.8130  2.90627537
  0.8140  2.95397226
  0.8150  3.00447374
  0.8160  3.05770925
  0.8170  3.11360590
  0.8180  3.17208865
  0.8190  3.23308037
  0.8200  3.29650203
  0.8210  3.36227274
  0.8220  3.43030993
  0.8230  3.50052946
  0.8240  3.57284574
  0.8250  3.64717183
  0.8260  3.72341958
  0.8270  3.80149974
  0.8280  3.88132205
  0.8290  3.96279540
  0.8300  4.04582787
  0.8310  4.13032685
  0.8320  4.21619920
  0.8330  4.30335125
  0.8340  4.39168895
  0.8350  4.48111796
  0.8360  4.57154372
  0.8370  4.66287156
  0.8380  4.75500675
  0.8390  4.84785460
  0.8400  4.94132056
  0.8410  5.03531027
  0.8420  5.12972965
  0.8430  5.22448495
  0.8440  5.31948287
  0.8450  5.41463060
  0.8460  5.50983589
  0.8470  5.60500715
  0.8480  5.70005347
  0.8490  5.79488470
  0.8500  5.88941157
  0.8510  5.98354566
  0.8520  6.07719955
  0.8530  6.17028679
  0.8540  6.26272206
  0.8550  6.35442115
  0.8560  6.44530103
  0.8570  6.53527993
  0.8580  6.62427738
  0.8590  6.71221423
  0.8600  6.79901275
  0.8610  6.88459664
  0.8620  6.96889109
  0.8630  7.05182281
  0.8640  7.13332009
  0.8650  7.21331282
  0.8660  7.29173255
  0.8670  7.36851251
  0.8680  7.44358764
  0.8690  7.51689464
  0.8700  7.58837198
  0.8710  7.65795994
  0.8720  7.72560065
  0.8730  7.79123807
  0.8740  7.85481808
  0.8750  7.91628843
  0.8760  7.97559882
  0.8770  8.03270087
  0.8780  8.08754818
  0.8790  8.14009629
  0.8800  8.19030275
  0.8810  8.23812710
  0.8820  8.28353087
  0.8830  8.32647761
  0.8840  8.36693289
  0.8850  8.40486430
  0.8860  8.44024145
  0.8870  8.47303598
  0.8880  8.50322155
  0.8890  8.53077385
  0.8900  8.55567060
  0.8910  8.57789154
  0.8920  8.59741839
  0.8930  8.61423493
  0.8940  8.62832690
  0.8950  8.63968205
  0.8960  8.64829010
  0.8970  8.65414277
  0.8980  8.65723371
  0.8990  8.65755853
  0.9000  8.65511477
  0.9010  8.64990190
  0.9020  8.64192129
  0.9030  8.63117619
  0.9040  8.61767175
  0.9050  8.60141494
  0.9060  8.58241459
  0.9070  8.56068134
  0.9080  8.53622763
  0.9090  8.50906769
  0.9100  8.47921748
  0.9110  8.44669473
  0.9120  8.41151885
  0.9130  8.37371097
  0.9140  8.33329387
  0.9150  8.29029197
  0.9160  8.24473134
  0.9170  8.19663960
  0.9180  8.14604597
  0.9190  8.09298121
  0.9200  8.03747758
  0.9210  7.97956884
  0.9220  7.91929021
  0.9230  7.85667834
  0.9240  7.79177128
  0.9250  7.72460845
  0.9260  7.65523064
  0.9270  7.58367990
  0.9280  7.50999961
  0.9290  7.43423438
  0.9300  7.35643002
  0.9310  7.27663355
  0.9320  7.19489312
  0.9330  7.11125799
  0.9340  7.02577852
  0.9350  6.93850610
  0.9360  6.84949311
  0.9370  6.75879293
  0.9380  6.66645985
  0.9390  6.57254904
  0.9400  6.47711657
  0.9410  6.38021927
  0.9420  6.28191478
  0.9430  6.18226146
  0.9440  6.08131836
  0.9450  5.97914517
  0.9460  5.87580221
  0.9470  5.77135033
  0.9480  5.66585094
  0.9490  5.55936589
  0.9500  5.45195748
  0.9510  5.34368838
  0.9520  5.23462161
  0.9530  5.12482050
  0.9540  5.01434860
  0.9550  4.90326967
  0.9560  4.79164765
  0.9570  4.67954655
  0.9580  4.56703047
  0.9590  4.45416353
  0.9600  4.34100979
  0.9610  4.22763327
  0.9620  4.11409784
  0.9630  4.00046720
  0.9640  3.88680486
  0.9650  3.77317405
  0.9660  3.65963770
  0.9670  3.54625838
  0.9680  3.43309829
  0.9690  3.32021917
  0.9700  3.20768231
  0.9710  3.09554847
  0.9720  2.98387786
  0.9730  2.87273008
  0.9740  2.76216413
  0.9750  2.65223833
  0.9760  2.54301033
  0.9770  2.43453704
  0.9780  2.32687466
  0.9790  2.22007860
  0.9800  2.11420352
  0.9810  2.00930330
  0.9820  1.90543105
  0.9830  1.80263914
  0.9840  1.70097921
  0.9850  1.60050222
  0.9860  1.50125860
  0.9870  1.40329830
  0.9880  1.30667103
  0.9890  1.21142652
  0.9900  1.11761497
  0.9910  1.02528764
  0.9920  0.93449784
  0.9930  0.84530244
  0.9940  0.75776435
  0.9950  0.67195668
  0.9960  0.58797019
  0.9970  0.50592725
  0.9980  0.42601016
  0.9990  0.34852405
