  0.0000  72.97868181
  0.0010  72.94451411
  0.0020  72.84202762
  0.0030  72.67127218
  0.0040  72.43233080
  0.0050  72.12531965
  0.0060  71.75038799
  0.0070  71.30771807
  0.0080  70.79752506
  0.0090  70.22005692
  0.0100  69.57559425
  0.0110  68.86445020
  0.0120  68.08697024
  0.0130  67.24353199
  0.0140  66.33454505
  0.0150  65.36045074
  0.0160  64.32172191
  0.0170  63.21886265
  0.0180  62.05240804
  0.0190  60.82292385
  0.0200  59.53100629
  0.0210  58.17728162
  0.0220  56.76240590
  0.0230  55.28706456
  0.0240  53.75197213
  0.0250  52.15787179
  0.0260  50.50553503
  0.0270  48.79576124
  0.0280  47.02937729
  0.0290  45.20723711
  0.0300  43.33022128
  0.0310  41.39923655
  0.0320  39.41521547
  0.0330  37.37911587
  0.0340  35.29192051
  0.0350  33.15463662
  0.0360  30.96829555
  0.0370  28.73395249
  0.0380  26.45268631
  0.0390  24.12559958
  0.0400  21.75381916
  0.0410  19.33849751
  0.0420  16.88081586
  0.0430  14.38199149
  0.0440  11.84329549
  0.0450  9.26610213
  0.0460  6.65205903
  0.0470  4.00394607
  0.0480  1.33700443
  0.0490  1.44222838
  0.0500  4.17732538
  0.0510  6.95819838
  0.0520  9.77112263
  0.0530  12.61331461
  0.0540  15.48302477
  0.0550  18.37873625
  0.0560  21.29900306
  0.0570  24.24240274
  0.0580  27.20751930
  0.0590  30.19293627
  0.0600  33.19723373
  0.0610  36.21898712
  0.0620  39.25676693
  0.0630  42.30913872
  0.0640  45.37466352
  0.0650  48.45189826
  0.0660  51.53939635
  0.0670  54.63570826
  0.0680  57.73938222
  0.0690  60.84896479
  0.0700  63.96300162
  0.0710  67.08003811
  0.0720  70.19862007
  0.0730  73.31729445
  0.0740  76.43461002
  0.0750  79.54911807
  0.0760  82.65937307
  0.0770  85.76393342
  0.0780  88.86136209
  0.0790  91.95022731
  0.0800  95.02910328
  0.0810  98.09657081
  0.0820  101.15121801
  0.0830  104.19164094
  0.0840  107.21644428
  0.0850  110.22424199
  0.0860  113.21365794
  0.0870  116.18332655
  0.0880  119.13189345
  0.0890  122.05801604
  0.0900  124.96036420
  0.0910  127.83762080
  0.0920  130.68848237
  0.0930  133.51165967
  0.0940  136.30587825
  0.0950  139.06987905
  0.0960  141.80241897
  0.0970  144.50227137
  0.0980  147.16822668
  0.0990  149.79909289
  0.1000  152.39369609
  0.1010  154.95088095
  0.1020  157.46951128
  0.1030  159.94847047
  0.1040  162.38666196
  0.1050  164.78300977
  0.1060  167.13645889
  0.1070  169.44597573
  0.1080  171.71054859
  0.1090  173.92918805
  0.1100  176.10092738
  0.1110  178.22482291
  0.1120  180.29995448
  0.1130  182.32542572
  0.1140  184.30036447
  0.1150  186.22392309
  0.1160  188.09527882
  0.1170  189.91363406
  0.1180  191.67821669
  0.1190  193.38828036
  0.1200  195.04310477
  0.1210  196.64199592
  0.1220  198.18428639
  0.1230  199.66933553
  0.1240  201.09652972
  0.1250  202.46528256
  0.1260  203.77503508
  0.1270  205.02525591
  0.1280  206.21544144
  0.1290  207.34511601
  0.1300  208.41383200
  0.1310  209.42117002
  0.1320  210.36673895
  0.1330  211.25017609
  0.1340  212.07114726
  0.1350  212.82934682
  0.1360  213.52449777
  0.1370  214.15635178
  0.1380  214.72468924
  0.1390  215.22931925
  0.1400  215.67007965
  0.1410  216.04683702
  0.1420  216.35948664
  0.1430  216.60795246
  0.1440  216.79218706
  0.1450  216.91217159
  0.1460  216.96791572
  0.1470  216.95945751
  0.1480  216.88686334
  0.1490  216.75022783
  0.1500  216.54967367
  0.1510  216.28535149
  0.1520  215.95743977
  0.1530  215.56614461
  0.1540  215.11169961
  0.1550  214.59436568
  0.1560  214.01443084
  0.1570  213.37221000
  0.1580  212.66804478
  0.1590  211.90230327
  0.1600  211.07537979
  0.1610  210.18769463
  0.1620  209.23969382
  0.1630  208.23184883
  0.1640  207.16465632
  0.1650  206.03863782
  0.1660  204.85433946
  0.1670  203.61233165
  0.1680  202.31320874
  0.1690  200.95758872
  0.1700  199.54611288
  0.1710  198.07944543
  0.1720  196.55827321
  0.1730  194.98330523
  0.1740  193.35527239
  0.1750  191.67492705
  0.1760  189.94304264
  0.1770  188.16041326
  0.1780  186.32785330
  0.1790  184.44619702
  0.1800  182.51629809
  0.1810  180.53902920
  0.1820  178.51528164
  0.1830  176.44596478
  0.1840  174.33200573
  0.1850  172.17434879
  0.1860  169.97395503
  0.1870  167.73180183
  0.1880  165.44888238
  0.1890  163.12620523
  0.1900  160.76479378
  0.1910  158.36568578
  0.1920  155.92993290
  0.1930  153.45860012
  0.1940  150.95276535
  0.1950  148.41351883
  0.1960  145.84196264
  0.1970  143.23921020
  0.1980  140.60638574
  0.1990  137.94462376
  0.2000  135.25506854
  0.2010  132.53887356
  0.2020  129.79720100
  0.2030  127.03122119
  0.2040  124.24211208
  0.2050  121.43105870
  0.2060  118.59925259
  0.2070  115.74789131
  0.2080  112.87817781
  0.2090  109.99131999
  0.2100  107.08853004
  0.2110  104.17102397
  0.2120  101.24002103
  0.2130  98.29674317
  0.2140  95.34241445
  0.2150  92.37826057
  0.2160  89.40550821
  0.2170  86.42538459
  0.2180  83.43911686
  0.2190  80.44793153
  0.2200  77.45305400
  0.2210  74.45570795
  0.2220  71.45711482
  0.2230  68.45849327
  0.2240  65.46105864
  0.2250  62.46602240
  0.2260  59.47459164
  0.2270  56.48796856
  0.2280  53.50734986
  0.2290  50.53392634
  0.2300  47.56888228
  0.2310  44.61339501
  0.2320  41.66863438
  0.2330  38.73576229
  0.2340  35.81593221
  0.2350  32.91028875
  0.2360  30.01996728
  0.2370  27.14609356
  0.2380  24.28978357
  0.2390  21.45214346
  0.2400  18.63426999
  0.2410  15.83725187
  0.2420  13.06217333
  0.2430  10.31012413
  0.2440  7.58223161
  0.2450  4.87979929
  0.2460  2.20544864
  0.2470  0.47533667
  0.2480  3.07611795
  0.2490  5.66763368
  0.2500  8.23032060
  0.2510  10.76245545
  0.2520  13.26294135
  0.2530  15.73081430
  0.2540  18.16516282
  0.2550  20.56510686
  0.2560  22.92979076
  0.2570  25.25838048
  0.2580  27.55006261
  0.2590  29.80404396
  0.2600  32.01955144
  0.2610  34.19583224
  0.2620  36.33215390
  0.2630  38.42780457
  0.2640  40.48209320
  0.2650  42.49434982
  0.2660  44.46392572
  0.2670  46.39019370
  0.2680  48.27254829
  0.2690  50.11040598
  0.2700  51.90320542
  0.2710  53.65040760
  0.2720  55.35149606
  0.2730  57.00597708
  0.2740  58.61337980
  0.2750  60.17325641
  0.2760  61.68518231
  0.2770  63.14875620
  0.2780  64.56360023
  0.2790  65.92936010
  0.2800  67.24570518
  0.2810  68.51232854
  0.2820  69.72894711
  0.2830  70.89530166
  0.2840  72.01115690
  0.2850  73.07630150
  0.2860  74.09054812
  0.2870  75.05373342
  0.2880  75.96571807
  0.2890  76.82638675
  0.2900  77.63564808
  0.2910  78.39343465
  0.2920  79.09970294
  0.2930  79.75443323
  0.2940  80.35762961
  0.2950  80.90931983
  0.2960  81.40955521
  0.2970  81.85841057
  0.2980  82.25598409
  0.2990  82.60239717
  0.3000  82.89779432
  0.3010  83.14234296
  0.3020  83.33623330
  0.3030  83.47967814
  0.3040  83.57291267
  0.3050  83.61619433
  0.3060  83.60980251
  0.3070  83.55403842
  0.3080  83.44922479
  0.3090  83.29570568
  0.3100  83.09384616
  0.3110  82.84403214
  0.3120  82.54667002
  0.3130  82.20218644
  0.3140  81.81102798
  0.3150  81.37366085
  0.3160  80.89057061
  0.3170  80.36226180
  0.3180  79.78925767
  0.3190  79.17209977
  0.3200  78.51134767
  0.3210  77.80757855
  0.3220  77.06138690
  0.3230  76.27338406
  0.3240  75.44419794
  0.3250  74.57447254
  0.3260  73.66486762
  0.3270  72.71605829
  0.3280  71.72873458
  0.3290  70.70360103
  0.3300  69.64137628
  0.3310  68.54279267
  0.3320  67.40859574
  0.3330  66.23954386
  0.3340  65.03640775
  0.3350  63.79997006
  0.3360  62.53102491
  0.3370  61.23037740
  0.3380  59.89884321
  0.3390  58.53724812
  0.3400  57.14642750
  0.3410  55.72722591
  0.3420  54.28049658
  0.3430  52.80710098
  0.3440  51.30790829
  0.3450  49.78379498
  0.3460  48.23564431
  0.3470  46.66434584
  0.3480  45.07079498
  0.3490  43.45589250
  0.3500  41.82054408
  0.3510  40.16565980
  0.3520  38.49215369
  0.3530  36.80094330
  0.3540  35.09294920
  0.3550  33.36909456
  0.3560  31.63030474
  0.3570  29.87750682
  0.3580  28.11162931
  0.3590  26.33360173
  0.3600  24.54435442
  0.3610  22.74481828
  0.3620  20.93592483
  0.3630  19.11860646
  0.3640  17.29379710
  0.3650  15.46243383
  0.3660  13.62546011
  0.3670  11.78383241
  0.3680  9.93853491
  0.3690  8.09061481
  0.3700  6.24128133
  0.3710  4.39225569
  0.3720  2.54764389
  0.3730  0.74403867
  0.3740  1.21341239
  0.3750  3.03726587
  0.3760  4.87614402
  0.3770  6.71419863
  0.3780  8.54846777
  0.3790  10.37749271
  0.3800  12.20019365
  0.3810  14.01562776
  0.3820  15.82291537
  0.3830  17.62121235
  0.3840  19.40969825
  0.3850  21.18757065
  0.3860  22.95404245
  0.3870  24.70834042
  0.3880  26.44970444
  0.3890  28.17738724
  0.3900  29.89065423
  0.3910  31.58878354
  0.3920  33.27106610
  0.3930  34.93680580
  0.3940  36.58531965
  0.3950  38.21593796
  0.3960  39.82800451
  0.3970  41.42087681
  0.3980  42.99392622
  0.3990  44.54653818
  0.4000  46.07811242
  0.4010  47.58806308
  0.4020  49.07581895
  0.4030  50.54082358
  0.4040  51.98253549
  0.4050  53.40042831
  0.4060  54.79399089
  0.4070  56.16272748
  0.4080  57.50615784
  0.4090  58.82381736
  0.4100  60.11525716
  0.4110  61.38004421
  0.4120  62.61776141
  0.4130  63.82800768
  0.4140  65.01039803
  0.4150  66.16456364
  0.4160  67.29015189
  0.4170  68.38682644
  0.4180  69.45426725
  0.4190  70.49217061
  0.4200  71.50024920
  0.4210  72.47823205
  0.4220  73.42586459
  0.4230  74.34290863
  0.4240  75.22914235
  0.4250  76.08436029
  0.4260  76.90837332
  0.4270  77.70100861
  0.4280  78.46210957
  0.4290  79.19153585
  0.4300  79.88916323
  0.4310  80.55488357
  0.4320  81.18860477
  0.4330  81.79025066
  0.4340  82.35976091
  0.4350  82.89709096
  0.4360  83.40221193
  0.4370  83.87511048
  0.4380  84.31578871
  0.4390  84.72426406
  0.4400  85.10056917
  0.4410  85.44475175
  0.4420  85.75687444
  0.4430  86.03701467
  0.4440  86.28526452
  0.4450  86.50173056
  0.4460  86.68653367
  0.4470  86.83980892
  0.4480  86.96170536
  0.4490  87.05238586
  0.4500  87.11202692
  0.4510  87.14081850
  0.4520  87.13896383
  0.4530  87.10667920
  0.4540  87.04419377
  0.4550  86.95174936
  0.4560  86.82960028
  0.4570  86.67801306
  0.4580  86.49726626
  0.4590  86.28765029
  0.4600  86.04946713
  0.4610  85.78303011
  0.4620  85.48866374
  0.4630  85.16670341
  0.4640  84.81749519
  0.4650  84.44139557
  0.4660  84.03877125
  0.4670  83.60999887
  0.4680  83.15546476
  0.4690  82.67556473
  0.4700  82.17070376
  0.4710  81.64129579
  0.4720  81.08776346
  0.4730  80.51053782
  0.4740  79.91005813
  0.4750  79.28677154
  0.4760  78.64113283
  0.4770  77.97360421
  0.4780  77.28465497
  0.4790  76.57476127
  0.4800  75.84440585
  0.4810  75.09407775
  0.4820  74.32427206
  0.4830  73.53548964
  0.4840  72.72823685
  0.4850  71.90302525
  0.4860  71.06037137
  0.4870  70.20079640
  0.4880  69.32482595
  0.4890  68.43298971
  0.4900  67.52582126
  0.4910  66.60385773
  0.4920  65.66763953
  0.4930  64.71771010
  0.4940  63.75461564
  0.4950  62.77890479
  0.4960  61.79112837
  0.4970  60.79183915
  0.4980  59.78159152
  0.4990  58.76094123
  0.5000  57.73044512
  0.5010  56.69066088
  0.5020  55.64214670
  0.5030  54.58546108
  0.5040  53.52116252
  0.5050  52.44980925
  0.5060  51.37195897
  0.5070  50.28816859
  0.5080  49.19899395
  0.5090  48.10498958
  0.5100  47.00670840
  0.5110  45.90470150
  0.5120  44.79951786
  0.5130  43.69170408
  0.5140  42.58180418
  0.5150  41.47035926
  0.5160  40.35790735
  0.5170  39.24498308
  0.5180  38.13211747
  0.5190  37.01983767
  0.5200  35.90866676
  0.5210  34.79912346
  0.5220  33.69172191
  0.5230  32.58697147
  0.5240  31.48537642
  0.5250  30.38743582
  0.5260  29.29364321
  0.5270  28.20448644
  0.5280  27.12044742
  0.5290  26.04200192
  0.5300  24.96961937
  0.5310  23.90376263
  0.5320  22.84488779
  0.5330  21.79344401
  0.5340  20.74987325
  0.5350  19.71461016
  0.5360  18.68808183
  0.5370  17.67070762
  0.5380  16.66289902
  0.5390  15.66505944
  0.5400  14.67758401
  0.5410  13.70085950
  0.5420  12.73526406
  0.5430  11.78116716
  0.5440  10.83892935
  0.5450  9.90890218
  0.5460  8.99142801
  0.5470  8.08683992
  0.5480  7.19546154
  0.5490  6.31760694
  0.5500  5.45358051
  0.5510  4.60367684
  0.5520  3.76818064
  0.5530  2.94736658
  0.5540  2.14149928
  0.5550  1.35083324
  0.5560  0.57561345
  0.5570  0.18394042
  0.5580  0.92757404
  0.5590  1.65509897
  0.5600  2.36630739
  0.5610  3.06100742
  0.5620  3.73901815
  0.5630  4.40016943
  0.5640  5.04430187
  0.5650  5.67126692
  0.5660  6.28092683
  0.5670  6.87315471
  0.5680  7.44783451
  0.5690  8.00486105
  0.5700  8.54414001
  0.5710  9.06558793
  0.5720  9.56913217
  0.5730  10.05471093
  0.5740  10.52227319
  0.5750  10.97177870
  0.5760  11.40319794
  0.5770  11.81651204
  0.5780  12.21171277
  0.5790  12.58880248
  0.5800  12.94779399
  0.5810  13.28871056
  0.5820  13.61158581
  0.5830  13.91646362
  0.5840  14.20339805
  0.5850  14.47245322
  0.5860  14.72370326
  0.5870  14.95723215
  0.5880  15.17313362
  0.5890  15.37151104
  0.5900  15.55247728
  0.5910  15.71615460
  0.5920  15.86267448
  0.5930  15.99217751
  0.5940  16.10481320
  0.5950  16.20073988
  0.5960  16.28012448
  0.5970  16.34314242
  0.5980  16.38997741
  0.5990  16.42082128
  0.6000  16.43587380
  0.6010  16.43534250
  0.6020  16.41944248
  0.6030  16.38839623
  0.6040  16.34243341
  0.6050  16.28179067
  0.6060  16.20671141
  0.6070  16.11744564
  0.6080  16.01424969
  0.6090  15.89738605
  0.6100  15.76712313
  0.6110  15.62373503
  0.6120  15.46750134
  0.6130  15.29870690
  0.6140  15.11764157
  0.6150  14.92459998
  0.6160  14.71988136
  0.6170  14.50378921
  0.6180  14.27663115
  0.6190  14.03871863
  0.6200  13.79036671
  0.6210  13.53189381
  0.6220  13.26362149
  0.6230  12.98587416
  0.6240  12.69897888
  0.6250  12.40326513
  0.6260  12.09906450
  0.6270  11.78671052
  0.6280  11.46653836
  0.6290  11.13888464
  0.6300  10.80408716
  0.6310  10.46248463
  0.6320  10.11441651
  0.6330  9.76022270
  0.6340  9.40024334
  0.6350  9.03481859
  0.6360  8.66428834
  0.6370  8.28899206
  0.6380  7.90926852
  0.6390  7.52545562
  0.6400  7.13789013
  0.6410  6.74690749
  0.6420  6.35284165
  0.6430  5.95602485
  0.6440  5.55678746
  0.6450  5.15545782
  0.6460  4.75236214
  0.6470  4.34782445
  0.6480  3.94216661
  0.6490  3.53570850
  0.6500  3.12876858
  0.6510  2.72166492
  0.6520  2.31471776
  0.6530  1.90825537
  0.6540  1.50262966
  0.6550  1.09826641
  0.6560  0.69588948
  0.6570  0.29854301
  0.6580  0.12997822
  0.6590  0.51263299
  0.6600  0.90620488
  0.6610  1.29834839
  0.6620  1.68792348
  0.6630  2.07445960
  0.6640  2.45762785
  0.6650  2.83714755
  0.6660  3.21276060
  0.6670  3.58422236
  0.6680  3.95129800
  0.6690  4.31376080
  0.6700  4.67139131
  0.6710  5.02397692
  0.6720  5.37131170
  0.6730  5.71319622
  0.6740  6.04943755
  0.6750  6.37984921
  0.6760  6.70425121
  0.6770  7.02247003
  0.6780  7.33433864
  0.6790  7.63969654
  0.6800  7.93838975
  0.6810  8.23027083
  0.6820  8.51519889
  0.6830  8.79303960
  0.6840  9.06366521
  0.6850  9.32695451
  0.6860  9.58279285
  0.6870  9.83107212
  0.6880  10.07169075
  0.6890  10.30455367
  0.6900  10.52957230
  0.6910  10.74666450
  0.6920  10.95575457
  0.6930  11.15677319
  0.6940  11.34965737
  0.6950  11.53435045
  0.6960  11.71080199
  0.6970  11.87896774
  0.6980  12.03880960
  0.6990  12.19029555
  0.7000  12.33339957
  0.7010  12.46810157
  0.7020  12.59438735
  0.7030  12.71224851
  0.7040  12.82168233
  0.7050  12.92269177
  0.7060  13.01528532
  0.7070  13.09947693
  0.7080  13.17528596
  0.7090  13.24273702
  0.7100  13.30185994
  0.7110  13.35268964
  0.7120  13.39526604
  0.7130  13.42963396
  0.7140  13.45584303
  0.7150  13.47394758
  0.7160  13.48400652
  0.7170  13.48608328
  0.7180  13.48024564
  0.7190  13.46656568
  0.7200  13.44511967
  0.7210  13.41598789
  0.7220  13.37925462
  0.7230  13.33500796
  0.7240  13.28333976
  0.7250  13.22434547
  0.7260  13.15812407
  0.7270  13.08477794
  0.7280  13.00441275
  0.7290  12.91713736
  0.7300  12.82306368
  0.7310  12.72230662
  0.7320  12.61498390
  0.7330  12.50121602
  0.7340  12.38112611
  0.7350  12.25483983
  0.7360  12.12248525
  0.7370  11.98419280
  0.7380  11.84009509
  0.7390  11.69032686
  0.7400  11.53502487
  0.7410  11.37432776
  0.7420  11.20837603
  0.7430  11.03731185
  0.7440  10.86127904
  0.7450  10.68042294
  0.7460  10.49489031
  0.7470  10.30482926
  0.7480  10.11038914
  0.7490  9.91172047
  0.7500  9.70897484
  0.7510  9.50230484
  0.7520  9.29186396
  0.7530  9.07780652
  0.7540  8.86028761
  0.7550  8.63946298
  0.7560  8.41548898
  0.7570  8.18852250
  0.7580  7.95872091
  0.7590  7.72624198
  0.7600  7.49124380
  0.7610  7.25388479
  0.7620  7.01432360
  0.7630  6.77271906
  0.7640  6.52923019
  0.7650  6.28401614
  0.7660  6.03723617
  0.7670  5.78904968
  0.7680  5.53961620
  0.7690  5.28909544
  0.7700  5.03764737
  0.7710  4.78543234
  0.7720  4.53261121
  0.7730  4.27934569
  0.7740  4.02579864
  0.7750  3.77213464
  0.7760  3.51852082
  0.7770  3.26512797
  0.7780  3.01213243
  0.7790  2.75971877
  0.7800  2.50808426
  0.7810  2.25744619
  0.7820  2.00805444
  0.7830  1.76021448
  0.7840  1.51433204
  0.7850  1.27100736
  0.7860  1.03125651
  0.7870  0.79710891
  0.7880  0.57355473
  0.7890  0.37657612
  0.7900  0.26691169
  0.7910  0.33815587
  0.7920  0.51767822
  0.7930  0.72718975
  0.7940  0.94510389
  0.7950  1.16510515
  0.7960  1.38477142
  0.7970  1.60295040
  0.7980  1.81899433
  0.7990  2.03248702
  0.8000  2.24313085
  0.8010  2.45069429
  0.8020  2.65498543
  0.8030  2.85583759
  0.8040  3.05310112
  0.8050  3.24663840
  0.8060  3.43632081
  0.8070  3.62202674
  0.8080  3.80364027
  0.8090  3.98105027
  0.8100  4.15414985
  0.8110  4.32283586
  0.8120  4.48700868
  0.8130  4.64657194
  0.8140  4.80143243
  0.8150  4.95149994
  0.8160  5.09668727
  0.8170  5.23691011
  0.8180  5.37208705
  0.8190  5.50213958
  0.8200  5.62699204
  0.8210  5.74657167
  0.8220  5.86080863
  0.8230  5.96963596
  0.8240  6.07298965
  0.8250  6.17080863
  0.8260  6.26303482
  0.8270  6.34961316
  0.8280  6.43049159
  0.8290  6.50562114
  0.8300  6.57495590
  0.8310  6.63845309
  0.8320  6.69607308
  0.8330  6.74777941
  0.8340  6.79353879
  0.8350  6.83332121
  0.8360  6.86709986
  0.8370  6.89485123
  0.8380  6.91655511
  0.8390  6.93219462
  0.8400  6.94175621
  0.8410  6.94522972
  0.8420  6.94260835
  0.8430  6.93388873
  0.8440  6.91907089
  0.8450  6.89815831
  0.8460  6.87115793
  0.8470  6.83808012
  0.8480  6.79893874
  0.8490  6.75375113
  0.8500  6.70253812
  0.8510  6.64532401
  0.8520  6.58213660
  0.8530  6.51300719
  0.8540  6.43797056
  0.8550  6.35706497
  0.8560  6.27033216
  0.8570  6.17781735
  0.8580  6.07956919
  0.8590  5.97563981
  0.8600  5.86608474
  0.8610  5.75096293
  0.8620  5.63033673
  0.8630  5.50427185
  0.8640  5.37283733
  0.8650  5.23610555
  0.8660  5.09415219
  0.8670  4.94705614
  0.8680  4.79489958
  0.8690  4.63776786
  0.8700  4.47574949
  0.8710  4.30893614
  0.8720  4.13742257
  0.8730  3.96130663
  0.8740  3.78068924
  0.8750  3.59567437
  0.8760  3.40636907
  0.8770  3.21288348
  0.8780  3.01533093
  0.8790  2.81382804
  0.8800  2.60849502
  0.8810  2.39945601
  0.8820  2.18683990
  0.8830  1.97078150
  0.8840  1.75142398
  0.8850  1.52892341
  0.8860  1.30345832
  0.8870  1.07525204
  0.8880  0.84463241
  0.8890  0.61223027
  0.8900  0.37991714
  0.8910  0.16007102
  0.8920  0.14879236
  0.8930  0.37027425
  0.8940  0.61113167
  0.8950  0.85672954
  0.8960  1.10501450
  0.8970  1.35531023
  0.8980  1.60726478
  0.8990  1.86063452
  0.9000  2.11522013
  0.9010  2.37084302
  0.9020  2.62733532
  0.9030  2.88453508
  0.9040  3.14228390
  0.9050  3.40042556
  0.9060  3.65880541
  0.9070  3.91726989
  0.9080  4.17566635
  0.9090  4.43384294
  0.9100  4.69164862
  0.9110  4.94893311
  0.9120  5.20554696
  0.9130  5.46134161
  0.9140  5.71616945
  0.9150  5.96988390
  0.9160  6.22233952
  0.9170  6.47339207
  0.9180  6.72289859
  0.9190  6.97071754
  0.9200  7.21670886
  0.9210  7.46073408
  0.9220  7.70265638
  0.9230  7.94234073
  0.9240  8.17965395
  0.9250  8.41446482
  0.9260  8.64664414
  0.9270  8.87606485
  0.9280  9.10260210
  0.9290  9.32613330
  0.9300  9.54653829
  0.9310  9.76369931
  0.9320  9.97750116
  0.9330  10.18783123
  0.9340  10.39457958
  0.9350  10.59763900
  0.9360  10.79690512
  0.9370  10.99227640
  0.9380  11.18365424
  0.9390  11.37094303
  0.9400  11.55405020
  0.9410  11.73288626
  0.9420  11.90736485
  0.9430  12.07740279
  0.9440  12.24292013
  0.9450  12.40384017
  0.9460  12.56008951
  0.9470  12.71159805
  0.9480  12.85829906
  0.9490  13.00012917
  0.9500  13.13702842
  0.9510  13.26894026
  0.9520  13.39581154
  0.9530  13.51759257
  0.9540  13.63423712
  0.9550  13.74570236
  0.9560  13.85194897
  0.9570  13.95294101
  0.9580  14.04864605
  0.9590  14.13903504
  0.9600  14.22408237
  0.9610  14.30376584
  0.9620  14.37806664
  0.9630  14.44696930
  0.9640  14.51046173
  0.9650  14.56853513
  0.9660  14.62118398
  0.9670  14.66840605
  0.9680  14.71020228
  0.9690  14.74657682
  0.9700  14.77753696
  0.9710  14.80309308
  0.9720  14.82325861
  0.9730  14.83804998
  0.9740  14.84748658
  0.9750  14.85159072
  0.9760  14.85038754
  0.9770  14.84390498
  0.9780  14.83217372
  0.9790  14.81522711
  0.9800  14.79310113
  0.9810  14.76583431
  0.9820  14.73346767
  0.9830  14.69604466
  0.9840  14.65361110
  0.9850  14.60621509
  0.9860  14.55390697
  0.9870  14.49673924
  0.9880  14.43476647
  0.9890  14.36804528
  0.9900  14.29663421
  0.9910  14.22059370
  0.9920  14.13998598
  0.9930  14.05487504
  0.9940  13.96532651
  0.9950  13.87140762
  0.9960  13.77318713
  0.9970  13.67073524
  0.9980  13.56412354
  0.9990  13.45342492
