  0.0000  78.60410949
  0.0010  78.56817654
  0.0020  78.46039652
  0.0030  78.28082582
  0.0040  78.02955845
  0.0050  77.70672590
  0.0060  77.31249713
  0.0070  76.84707843
  0.0080  76.31071332
  0.0090  75.70368240
  0.0100  75.02630318
  0.0110  74.27892994
  0.0120  73.46195345
  0.0130  72.57580082
  0.0140  71.62093519
  0.0150  70.59785550
  0.0160  69.50709621
  0.0170  68.34922695
  0.0180  67.12485223
  0.0190  65.83461106
  0.0200  64.47917662
  0.0210  63.05925585
  0.0220  61.57558905
  0.0230  60.02894945
  0.0240  58.42014279
  0.0250  56.75000684
  0.0260  55.01941096
  0.0270  53.22925557
  0.0280  51.38047167
  0.0290  49.47402035
  0.0300  47.51089220
  0.0310  45.49210687
  0.0320  43.41871245
  0.0330  41.29178498
  0.0340  39.11242793
  0.0350  36.88177167
  0.0360  34.60097304
  0.0370  32.27121499
  0.0380  29.89370629
  0.0390  27.46968154
  0.0400  25.00040160
  0.0410  22.48715474
  0.0420  19.93125944
  0.0430  17.33407031
  0.0440  14.69699167
  0.0450  12.02151082
  0.0460  9.30929240
  0.0470  6.56251662
  0.0480  3.78573058
  0.0490  1.01895717
  0.0500  1.93409767
  0.0510  4.79238264
  0.0520  7.69523176
  0.0530  10.62826987
  0.0540  13.58813500
  0.0550  16.57277066
  0.0560  19.58043989
  0.0570  22.60951079
  0.0580  25.65839119
  0.0590  28.72550424
  0.0600  31.80927829
  0.0610  34.90814236
  0.0620  38.02052419
  0.0630  41.14484949
  0.0640  44.27954186
  0.0650  47.42302307
  0.0660  50.57371353
  0.0670  53.73003287
  0.0680  56.89040067
  0.0690  60.05323713
  0.0700  63.21696389
  0.0710  66.38000474
  0.0720  69.54078646
  0.0730  72.69773961
  0.0740  75.84929929
  0.0750  78.99390601
  0.0760  82.13000642
  0.0770  85.25605416
  0.0780  88.37051063
  0.0790  91.47184578
  0.0800  94.55853889
  0.0810  97.62907938
  0.0820  100.68196751
  0.0830  103.71571523
  0.0840  106.72884685
  0.0850  109.71989987
  0.0860  112.68742563
  0.0870  115.62999010
  0.0880  118.54617457
  0.0890  121.43457637
  0.0900  124.29380955
  0.0910  127.12250556
  0.0920  129.91931397
  0.0930  132.68290306
  0.0940  135.41196052
  0.0950  138.10519408
  0.0960  140.76133211
  0.0970  143.37912426
  0.0980  145.95734203
  0.0990  148.49477937
  0.1000  150.99025325
  0.1010  153.44260421
  0.1020  155.85069690
  0.1030  158.21342061
  0.1040  160.52968977
  0.1050  162.79844448
  0.1060  165.01865094
  0.1070  167.18930194
  0.1080  169.30941734
  0.1090  171.37804445
  0.1100  173.39425848
  0.1110  175.35716292
  0.1120  177.26588997
  0.1130  179.11960085
  0.1140  180.91748619
  0.1150  182.65876634
  0.1160  184.34269172
  0.1170  185.96854310
  0.1180  187.53563188
  0.1190  189.04330037
  0.1200  190.49092204
  0.1210  191.87790174
  0.1220  193.20367592
  0.1230  194.46771284
  0.1240  195.66951275
  0.1250  196.80860802
  0.1260  197.88456333
  0.1270  198.89697577
  0.1280  199.84547496
  0.1290  200.72972317
  0.1300  201.54941532
  0.1310  202.30427913
  0.1320  202.99407511
  0.1330  203.61859658
  0.1340  204.17766972
  0.1350  204.67115349
  0.1360  205.09893967
  0.1370  205.46095280
  0.1380  205.75715007
  0.1390  205.98752132
  0.1400  206.15208888
  0.1410  206.25090748
  0.1420  206.28406414
  0.1430  206.25167801
  0.1440  206.15390018
  0.1450  205.99091358
  0.1460  205.76293269
  0.1470  205.47020342
  0.1480  205.11300281
  0.1490  204.69163887
  0.1500  204.20645024
  0.1510  203.65780598
  0.1520  203.04610527
  0.1530  202.37177709
  0.1540  201.63527992
  0.1550  200.83710144
  0.1560  199.97775812
  0.1570  199.05779492
  0.1580  198.07778491
  0.1590  197.03832886
  0.1600  195.94005486
  0.1610  194.78361792
  0.1620  193.56969952
  0.1630  192.29900722
  0.1640  190.97227415
  0.1650  189.59025859
  0.1660  188.15374350
  0.1670  186.66353604
  0.1680  185.12046703
  0.1690  183.52539052
  0.1700  181.87918322
  0.1710  180.18274397
  0.1720  178.43699325
  0.1730  176.64287262
  0.1740  174.80134413
  0.1750  172.91338979
  0.1760  170.98001101
  0.1770  169.00222797
  0.1780  166.98107910
  0.1790  164.91762042
  0.1800  162.81292498
  0.1810  160.66808222
  0.1820  158.48419739
  0.1830  156.26239089
  0.1840  154.00379765
  0.1850  151.70956652
  0.1860  149.38085960
  0.1870  147.01885160
  0.1880  144.62472921
  0.1890  142.19969043
  0.1900  139.74494392
  0.1910  137.26170832
  0.1920  134.75121161
  0.1930  132.21469044
  0.1940  129.65338946
  0.1950  127.06856062
  0.1960  124.46146254
  0.1970  121.83335982
  0.1980  119.18552235
  0.1990  116.51922465
  0.2000  113.83574521
  0.2010  111.13636576
  0.2020  108.42237068
  0.2030  105.69504623
  0.2040  102.95567996
  0.2050  100.20556000
  0.2060  97.44597439
  0.2070  94.67821042
  0.2080  91.90355399
  0.2090  89.12328891
  0.2100  86.33869629
  0.2110  83.55105385
  0.2120  80.76163531
  0.2130  77.97170970
  0.2140  75.18254080
  0.2150  72.39538643
  0.2160  69.61149792
  0.2170  66.83211940
  0.2180  64.05848728
  0.2190  61.29182962
  0.2200  58.53336556
  0.2210  55.78430474
  0.2220  53.04584678
  0.2230  50.31918073
  0.2240  47.60548457
  0.2250  44.90592476
  0.2260  42.22165577
  0.2270  39.55381975
  0.2280  36.90354623
  0.2290  34.27195194
  0.2300  31.66014081
  0.2310  29.06920425
  0.2320  26.50022187
  0.2330  23.95426290
  0.2340  21.43238896
  0.2350  18.93565927
  0.2360  16.46514063
  0.2370  14.02192806
  0.2380  11.60719063
  0.2390  9.22228670
  0.2400  6.86911058
  0.2410  4.55147727
  0.2420  2.28467692
  0.2430  0.51100043
  0.2440  2.32287943
  0.2450  4.49122434
  0.2460  6.64283352
  0.2470  8.76345156
  0.2480  10.84953034
  0.2490  12.89939504
  0.2500  14.91192924
  0.2510  16.88624168
  0.2520  18.82155453
  0.2530  20.71715862
  0.2540  22.57239312
  0.2550  24.38663551
  0.2560  26.15929620
  0.2570  27.88981551
  0.2580  29.57766201
  0.2590  31.22233138
  0.2600  32.82334586
  0.2610  34.38025381
  0.2620  35.89262947
  0.2630  37.36007282
  0.2640  38.78220947
  0.2650  40.15869061
  0.2660  41.48919296
  0.2670  42.77341872
  0.2680  44.01109558
  0.2690  45.20197662
  0.2700  46.34584034
  0.2710  47.44249058
  0.2720  48.49175644
  0.2730  49.49349229
  0.2740  50.44757762
  0.2750  51.35391698
  0.2760  52.21243990
  0.2770  53.02310077
  0.2780  53.78587870
  0.2790  54.50077740
  0.2800  55.16782504
  0.2810  55.78707408
  0.2820  56.35860110
  0.2830  56.88250663
  0.2840  57.35891493
  0.2850  57.78797382
  0.2860  58.16985442
  0.2870  58.50475093
  0.2880  58.79288043
  0.2890  59.03448256
  0.2900  59.22981930
  0.2910  59.37917469
  0.2920  59.48285453
  0.2930  59.54118610
  0.2940  59.55451781
  0.2950  59.52321897
  0.2960  59.44767938
  0.2970  59.32830901
  0.2980  59.16553770
  0.2990  58.95981475
  0.3000  58.71160860
  0.3010  58.42140643
  0.3020  58.08971378
  0.3030  57.71705419
  0.3040  57.30396876
  0.3050  56.85101579
  0.3060  56.35877034
  0.3070  55.82782383
  0.3080  55.25878360
  0.3090  54.65227250
  0.3100  54.00892844
  0.3110  53.32940394
  0.3120  52.61436571
  0.3130  51.86449414
  0.3140  51.08048294
  0.3150  50.26303857
  0.3160  49.41287985
  0.3170  48.53073746
  0.3180  47.61735345
  0.3190  46.67348080
  0.3200  45.69988293
  0.3210  44.69733318
  0.3220  43.66661438
  0.3230  42.60851830
  0.3240  41.52384524
  0.3250  40.41340345
  0.3260  39.27800871
  0.3270  38.11848380
  0.3280  36.93565802
  0.3290  35.73036666
  0.3300  34.50345057
  0.3310  33.25575562
  0.3320  31.98813222
  0.3330  30.70143480
  0.3340  29.39652137
  0.3350  28.07425301
  0.3360  26.73549333
  0.3370  25.38110807
  0.3380  24.01196457
  0.3390  22.62893126
  0.3400  21.23287724
  0.3410  19.82467179
  0.3420  18.40518387
  0.3430  16.97528170
  0.3440  15.53583226
  0.3450  14.08770090
  0.3460  12.63175087
  0.3470  11.16884295
  0.3480  9.69983511
  0.3490  8.22558229
  0.3500  6.74693655
  0.3510  5.26474811
  0.3520  3.77986997
  0.3530  2.29318216
  0.3540  0.80588934
  0.3550  0.68407875
  0.3560  2.17086526
  0.3570  3.65681772
  0.3580  5.14063962
  0.3590  6.62148477
  0.3600  8.09855229
  0.3610  9.57105813
  0.3620  11.03822974
  0.3630  12.49930487
  0.3640  13.95353121
  0.3650  15.40016659
  0.3660  16.83847907
  0.3670  18.26774731
  0.3680  19.68726077
  0.3690  21.09632002
  0.3700  22.49423705
  0.3710  23.88033551
  0.3720  25.25395103
  0.3730  26.61443144
  0.3740  27.96113707
  0.3750  29.29344097
  0.3760  30.61072919
  0.3770  31.91240096
  0.3780  33.19786899
  0.3790  34.46655961
  0.3800  35.71791303
  0.3810  36.95138351
  0.3820  38.16643957
  0.3830  39.36256414
  0.3840  40.53925475
  0.3850  41.69602369
  0.3860  42.83239815
  0.3870  43.94792037
  0.3880  45.04214775
  0.3890  46.11465302
  0.3900  47.16502428
  0.3910  48.19286517
  0.3920  49.19779492
  0.3930  50.17944844
  0.3940  51.13747641
  0.3950  52.07154533
  0.3960  52.98133758
  0.3970  53.86655145
  0.3980  54.72690119
  0.3990  55.56211704
  0.4000  56.37194523
  0.4010  57.15614800
  0.4020  57.91450360
  0.4030  58.64680625
  0.4040  59.35286618
  0.4050  60.03250952
  0.4060  60.68557833
  0.4070  61.31193053
  0.4080  61.91143985
  0.4090  62.48399572
  0.4100  63.02950328
  0.4110  63.54788323
  0.4120  64.03907178
  0.4130  64.50302052
  0.4140  64.93969635
  0.4150  65.34908135
  0.4160  65.73117263
  0.4170  66.08598227
  0.4180  66.41353712
  0.4190  66.71387867
  0.4200  66.98706292
  0.4210  67.23316022
  0.4220  67.45225506
  0.4230  67.64444598
  0.4240  67.80984531
  0.4250  67.94857903
  0.4260  68.06078656
  0.4270  68.14662058
  0.4280  68.20624683
  0.4290  68.23984385
  0.4300  68.24760285
  0.4310  68.22972740
  0.4320  68.18643327
  0.4330  68.11794819
  0.4340  68.02451157
  0.4350  67.90637431
  0.4360  67.76379853
  0.4370  67.59705734
  0.4380  67.40643456
  0.4390  67.19222448
  0.4400  66.95473158
  0.4410  66.69427031
  0.4420  66.41116478
  0.4430  66.10574848
  0.4440  65.77836405
  0.4450  65.42936297
  0.4460  65.05910528
  0.4470  64.66795933
  0.4480  64.25630144
  0.4490  63.82451567
  0.4500  63.37299347
  0.4510  62.90213346
  0.4520  62.41234108
  0.4530  61.90402834
  0.4540  61.37761347
  0.4550  60.83352068
  0.4560  60.27217985
  0.4570  59.69402619
  0.4580  59.09950003
  0.4590  58.48904641
  0.4600  57.86311488
  0.4610  57.22215916
  0.4620  56.56663684
  0.4630  55.89700909
  0.4640  55.21374037
  0.4650  54.51729811
  0.4660  53.80815247
  0.4670  53.08677598
  0.4680  52.35364330
  0.4690  51.60923089
  0.4700  50.85401676
  0.4710  50.08848015
  0.4720  49.31310127
  0.4730  48.52836101
  0.4740  47.73474063
  0.4750  46.93272155
  0.4760  46.12278501
  0.4770  45.30541181
  0.4780  44.48108207
  0.4790  43.65027494
  0.4800  42.81346834
  0.4810  41.97113869
  0.4820  41.12376068
  0.4830  40.27180699
  0.4840  39.41574805
  0.4850  38.55605179
  0.4860  37.69318343
  0.4870  36.82760516
  0.4880  35.95977602
  0.4890  35.09015156
  0.4900  34.21918368
  0.4910  33.34732042
  0.4920  32.47500568
  0.4930  31.60267905
  0.4940  30.73077563
  0.4950  29.85972575
  0.4960  28.98995485
  0.4970  28.12188326
  0.4980  27.25592598
  0.4990  26.39249255
  0.5000  25.53198686
  0.5010  24.67480697
  0.5020  23.82134492
  0.5030  22.97198666
  0.5040  22.12711178
  0.5050  21.28709348
  0.5060  20.45229835
  0.5070  19.62308627
  0.5080  18.79981032
  0.5090  17.98281661
  0.5100  17.17244424
  0.5110  16.36902515
  0.5120  15.57288412
  0.5130  14.78433864
  0.5140  14.00369893
  0.5150  13.23126791
  0.5160  12.46734124
  0.5170  11.71220736
  0.5180  10.96614767
  0.5190  10.22943674
  0.5200  9.50234267
  0.5210  8.78512762
  0.5220  8.07804868
  0.5230  7.38135915
  0.5240  6.69531062
  0.5250  6.02015633
  0.5260  5.35615681
  0.5270  4.70359000
  0.5280  4.06277008
  0.5290  3.43408576
  0.5300  2.81808576
  0.5310  2.21569631
  0.5320  1.62888770
  0.5330  1.06339733
  0.5340  0.54718849
  0.5350  0.34180432
  0.5360  0.73563163
  0.5370  1.23729734
  0.5380  1.74502154
  0.5390  2.24573589
  0.5400  2.73602341
  0.5410  3.21457955
  0.5420  3.68077863
  0.5430  4.13427033
  0.5440  4.57483607
  0.5450  5.00232888
  0.5460  5.41664532
  0.5470  5.81771094
  0.5480  6.20547246
  0.5490  6.57989302
  0.5500  6.94094942
  0.5510  7.28863026
  0.5520  7.62293470
  0.5530  7.94387166
  0.5540  8.25145914
  0.5550  8.54572380
  0.5560  8.82670058
  0.5570  9.09443240
  0.5580  9.34896994
  0.5590  9.59037136
  0.5600  9.81870217
  0.5610  10.03403504
  0.5620  10.23644960
  0.5630  10.42603230
  0.5640  10.60287626
  0.5650  10.76708112
  0.5660  10.91875288
  0.5670  11.05800375
  0.5680  11.18495202
  0.5690  11.29972189
  0.5700  11.40244334
  0.5710  11.49325198
  0.5720  11.57228888
  0.5730  11.63970044
  0.5740  11.69563825
  0.5750  11.74025888
  0.5760  11.77372381
  0.5770  11.79619921
  0.5780  11.80785579
  0.5790  11.80886868
  0.5800  11.79941724
  0.5810  11.77968492
  0.5820  11.74985907
  0.5830  11.71013082
  0.5840  11.66069489
  0.5850  11.60174943
  0.5860  11.53349587
  0.5870  11.45613875
  0.5880  11.36988556
  0.5890  11.27494657
  0.5900  11.17153467
  0.5910  11.05986519
  0.5920  10.94015579
  0.5930  10.81262621
  0.5940  10.67749820
  0.5950  10.53499528
  0.5960  10.38534261
  0.5970  10.22876685
  0.5980  10.06549595
  0.5990  9.89575902
  0.6000  9.71978617
  0.6010  9.53780833
  0.6020  9.35005712
  0.6030  9.15676468
  0.6040  8.95816350
  0.6050  8.75448629
  0.6060  8.54596580
  0.6070  8.33283469
  0.6080  8.11532539
  0.6090  7.89366992
  0.6100  7.66809975
  0.6110  7.43884567
  0.6120  7.20613766
  0.6130  6.97020471
  0.6140  6.73127470
  0.6150  6.48957429
  0.6160  6.24532874
  0.6170  5.99876183
  0.6180  5.75009567
  0.6190  5.49955066
  0.6200  5.24734529
  0.6210  4.99369608
  0.6220  4.73881743
  0.6230  4.48292156
  0.6240  4.22621838
  0.6250  3.96891540
  0.6260  3.71121769
  0.6270  3.45332782
  0.6280  3.19544580
  0.6290  2.93776913
  0.6300  2.68049292
  0.6310  2.42381002
  0.6320  2.16791151
  0.6330  1.91298751
  0.6340  1.65922880
  0.6350  1.40683031
  0.6360  1.15599909
  0.6370  0.90697533
  0.6380  0.66009993
  0.6390  0.41611714
  0.6400  0.17890819
  0.6410  0.09567481
  0.6420  0.31809213
  0.6430  0.55175985
  0.6440  0.78424170
  0.6450  1.01433174
  0.6460  1.24162850
  0.6470  1.46590373
  0.6480  1.68698710
  0.6490  1.90473397
  0.6500  2.11901391
  0.6510  2.32970591
  0.6520  2.53669614
  0.6530  2.73987681
  0.6540  2.93914555
  0.6550  3.13440503
  0.6560  3.32556280
  0.6570  3.51253108
  0.6580  3.69522674
  0.6590  3.87357119
  0.6600  4.04749034
  0.6610  4.21691460
  0.6620  4.38177880
  0.6630  4.54202218
  0.6640  4.69758838
  0.6650  4.84842539
  0.6660  4.99448553
  0.6670  5.13572542
  0.6680  5.27210593
  0.6690  5.40359218
  0.6700  5.53015350
  0.6710  5.65176335
  0.6720  5.76839933
  0.6730  5.88004311
  0.6740  5.98668039
  0.6750  6.08830087
  0.6760  6.18489815
  0.6770  6.27646976
  0.6780  6.36301704
  0.6790  6.44454509
  0.6800  6.52106275
  0.6810  6.59258251
  0.6820  6.65912046
  0.6830  6.72069621
  0.6840  6.77733285
  0.6850  6.82905686
  0.6860  6.87589807
  0.6870  6.91788955
  0.6880  6.95506757
  0.6890  6.98747152
  0.6900  7.01514382
  0.6910  7.03812987
  0.6920  7.05647795
  0.6930  7.07023916
  0.6940  7.07946732
  0.6950  7.08421892
  0.6960  7.08455301
  0.6970  7.08053112
  0.6980  7.07221721
  0.6990  7.05967756
  0.7000  7.04298068
  0.7010  7.02219725
  0.7020  6.99740001
  0.7030  6.96866370
  0.7040  6.93606496
  0.7050  6.89968225
  0.7060  6.85959575
  0.7070  6.81588730
  0.7080  6.76864032
  0.7090  6.71793966
  0.7100  6.66387161
  0.7110  6.60652374
  0.7120  6.54598486
  0.7130  6.48234490
  0.7140  6.41569486
  0.7150  6.34612671
  0.7160  6.27373331
  0.7170  6.19860833
  0.7180  6.12084615
  0.7190  6.04054182
  0.7200  5.95779095
  0.7210  5.87268962
  0.7220  5.78533435
  0.7230  5.69582197
  0.7240  5.60424956
  0.7250  5.51071441
  0.7260  5.41531389
  0.7270  5.31814541
  0.7280  5.21930636
  0.7290  5.11889400
  0.7300  5.01700542
  0.7310  4.91373747
  0.7320  4.80918667
  0.7330  4.70344919
  0.7340  4.59662072
  0.7350  4.48879648
  0.7360  4.38007110
  0.7370  4.27053859
  0.7380  4.16029229
  0.7390  4.04942476
  0.7400  3.93802780
  0.7410  3.82619234
  0.7420  3.71400839
  0.7430  3.60156503
  0.7440  3.48895033
  0.7450  3.37625128
  0.7460  3.26355379
  0.7470  3.15094262
  0.7480  3.03850135
  0.7490  2.92631230
  0.7500  2.81445655
  0.7510  2.70301384
  0.7520  2.59206257
  0.7530  2.48167978
  0.7540  2.37194105
  0.7550  2.26292054
  0.7560  2.15469091
  0.7570  2.04732332
  0.7580  1.94088738
  0.7590  1.83545113
  0.7600  1.73108102
  0.7610  1.62784190
  0.7620  1.52579696
  0.7630  1.42500774
  0.7640  1.32553409
  0.7650  1.22743419
  0.7660  1.13076448
  0.7670  1.03557968
  0.7680  0.94193279
  0.7690  0.84987503
  0.7700  0.75945586
  0.7710  0.67072299
  0.7720  0.58372233
  0.7730  0.49849802
  0.7740  0.41509244
  0.7750  0.33354620
  0.7760  0.25389824
  0.7770  0.17618608
  0.7780  0.10044725
  0.7790  0.02674384
  0.7800  0.04504650
  0.7810  0.11467064
  0.7820  0.18221697
  0.7830  0.24764759
  0.7840  0.31093661
  0.7850  0.37206105
  0.7860  0.43099999
  0.7870  0.48773437
  0.7880  0.54224693
  0.7890  0.59452219
  0.7900  0.64454640
  0.7910  0.69230753
  0.7920  0.73779528
  0.7930  0.78100104
  0.7940  0.82191789
  0.7950  0.86054055
  0.7960  0.89686541
  0.7970  0.93089050
  0.7980  0.96261543
  0.7990  0.99204143
  0.8000  1.01917130
  0.8010  1.04400939
  0.8020  1.06656157
  0.8030  1.08683525
  0.8040  1.10483931
  0.8050  1.12058410
  0.8060  1.13408143
  0.8070  1.14534451
  0.8080  1.15438797
  0.8090  1.16122780
  0.8100  1.16588134
  0.8110  1.16836726
  0.8120  1.16870552
  0.8130  1.16691738
  0.8140  1.16302533
  0.8150  1.15705309
  0.8160  1.14902558
  0.8170  1.13896891
  0.8180  1.12691032
  0.8190  1.11287822
  0.8200  1.09690210
  0.8210  1.07901254
  0.8220  1.05924122
  0.8230  1.03762086
  0.8240  1.01418523
  0.8250  0.98896915
  0.8260  0.96200850
  0.8270  0.93334018
  0.8280  0.90300221
  0.8290  0.87103372
  0.8300  0.83747500
  0.8310  0.80236768
  0.8320  0.76575478
  0.8330  0.72768099
  0.8340  0.68819298
  0.8350  0.64733989
  0.8360  0.60517406
  0.8370  0.56175221
  0.8380  0.51713728
  0.8390  0.47140150
  0.8400  0.42463167
  0.8410  0.37693882
  0.8420  0.32847684
  0.8430  0.27948147
  0.8440  0.23036018
  0.8450  0.18192616
  0.8460  0.13609946
  0.8470  0.09822822
  0.8480  0.08224645
  0.8490  0.10071985
  0.8500  0.14158570
  0.8510  0.19160077
  0.8520  0.24568226
  0.8530  0.30198812
  0.8540  0.35973093
  0.8550  0.41851274
  0.8560  0.47810143
  0.8570  0.53834420
  0.8580  0.59912978
  0.8590  0.66037041
  0.8600  0.72199242
  0.8610  0.78393105
  0.8620  0.84612745
  0.8630  0.90852689
  0.8640  0.97107754
  0.8650  1.03372982
  0.8660  1.09643586
  0.8670  1.15914918
  0.8680  1.22182447
  0.8690  1.28441745
  0.8700  1.34688473
  0.8710  1.40918375
  0.8720  1.47127275
  0.8730  1.53311071
  0.8740  1.59465733
  0.8750  1.65587303
  0.8760  1.71671892
  0.8770  1.77715684
  0.8780  1.83714929
  0.8790  1.89665952
  0.8800  1.95565148
  0.8810  2.01408981
  0.8820  2.07193992
  0.8830  2.12916793
  0.8840  2.18574070
  0.8850  2.24162586
  0.8860  2.29679179
  0.8870  2.35120763
  0.8880  2.40484332
  0.8890  2.45766956
  0.8900  2.50965786
  0.8910  2.56078052
  0.8920  2.61101066
  0.8930  2.66032220
  0.8940  2.70868988
  0.8950  2.75608926
  0.8960  2.80249675
  0.8970  2.84788956
  0.8980  2.89224575
  0.8990  2.93554424
  0.9000  2.97776474
  0.9010  3.01888785
  0.9020  3.05889498
  0.9030  3.09776841
  0.9040  3.13549125
  0.9050  3.17204745
  0.9060  3.20742180
  0.9070  3.24159995
  0.9080  3.27456836
  0.9090  3.30631435
  0.9100  3.33682605
  0.9110  3.36609244
  0.9120  3.39410331
  0.9130  3.42084927
  0.9140  3.44632175
  0.9150  3.47051298
  0.9160  3.49341601
  0.9170  3.51502467
  0.9180  3.53533359
  0.9190  3.55433817
  0.9200  3.57203460
  0.9210  3.58841983
  0.9220  3.60349157
  0.9230  3.61724829
  0.9240  3.62968918
  0.9250  3.64081419
  0.9260  3.65062398
  0.9270  3.65911992
  0.9280  3.66630411
  0.9290  3.67217931
  0.9300  3.67674900
  0.9310  3.68001730
  0.9320  3.68198904
  0.9330  3.68266966
  0.9340  3.68206527
  0.9350  3.68018260
  0.9360  3.67702902
  0.9370  3.67261249
  0.9380  3.66694160
  0.9390  3.66002548
  0.9400  3.65187390
  0.9410  3.64249715
  0.9420  3.63190611
  0.9430  3.62011217
  0.9440  3.60712728
  0.9450  3.59296392
  0.9460  3.57763506
  0.9470  3.56115417
  0.9480  3.54353524
  0.9490  3.52479271
  0.9500  3.50494150
  0.9510  3.48399698
  0.9520  3.46197498
  0.9530  3.43889176
  0.9540  3.41476399
  0.9550  3.38960878
  0.9560  3.36344362
  0.9570  3.33628642
  0.9580  3.30815545
  0.9590  3.27906936
  0.9600  3.24904716
  0.9610  3.21810824
  0.9620  3.18627228
  0.9630  3.15355935
  0.9640  3.11998979
  0.9650  3.08558430
  0.9660  3.05036386
  0.9670  3.01434974
  0.9680  2.97756352
  0.9690  2.94002703
  0.9700  2.90176238
  0.9710  2.86279194
  0.9720  2.82313832
  0.9730  2.78282439
  0.9740  2.74187324
  0.9750  2.70030819
  0.9760  2.65815277
  0.9770  2.61543074
  0.9780  2.57216605
  0.9790  2.52838284
  0.9800  2.48410545
  0.9810  2.43935841
  0.9820  2.39416642
  0.9830  2.34855435
  0.9840  2.30254726
  0.9850  2.25617036
  0.9860  2.20944903
  0.9870  2.16240880
  0.9880  2.11507540
  0.9890  2.06747467
  0.9900  2.01963266
  0.9910  1.97157558
  0.9920  1.92332980
  0.9930  1.87492189
  0.9940  1.82637862
  0.9950  1.77772697
  0.9960  1.72899414
  0.9970  1.68020760
  0.9980  1.63139511
  0.9990  1.58258472
