  0.0000  70.47046953
  0.0010  70.43986544
  0.0020  70.34806611
  0.0030  70.19511029
  0.0040  69.98106259
  0.0050  69.70601340
  0.0060  69.37007888
  0.0070  68.97340088
  0.0080  68.51614690
  0.0090  67.99851002
  0.0100  67.42070878
  0.0110  66.78298712
  0.0120  66.08561425
  0.0130  65.32888453
  0.0140  64.51311736
  0.0150  63.63865700
  0.0160  62.70587246
  0.0170  61.71515729
  0.0180  60.66692945
  0.0190  59.56163110
  0.0200  58.39972840
  0.0210  57.18171133
  0.0220  55.90809342
  0.0230  54.57941160
  0.0240  53.19622589
  0.0250  51.75911921
  0.0260  50.26869709
  0.0270  48.72558742
  0.0280  47.13044019
  0.0290  45.48392719
  0.0300  43.78674174
  0.0310  42.03959841
  0.0320  40.24323271
  0.0330  38.39840080
  0.0340  36.50587924
  0.0350  34.56646466
  0.0360  32.58097355
  0.0370  30.55024203
  0.0380  28.47512570
  0.0390  26.35649961
  0.0400  24.19525836
  0.0410  21.99231668
  0.0420  19.74861050
  0.0430  17.46509936
  0.0440  15.14277162
  0.0450  12.78265602
  0.0460  10.38585060
  0.0470  7.95360686
  0.0480  5.48764718
  0.0490  2.99209657
  0.0500  0.53374699
  0.0510  2.14622233
  0.0520  4.73248351
  0.0530  7.35650925
  0.0540  10.01084866
  0.0550  12.69329637
  0.0560  15.40238943
  0.0570  18.13685663
  0.0580  20.89548994
  0.0590  23.67710365
  0.0600  26.48051876
  0.0610  29.30455631
  0.0620  32.14803433
  0.0630  35.00976645
  0.0640  37.88856140
  0.0650  40.78322285
  0.0660  43.69254952
  0.0670  46.61533551
  0.0680  49.55037061
  0.0690  52.49644070
  0.0700  55.45232824
  0.0710  58.41681270
  0.0720  61.38867107
  0.0730  64.36667834
  0.0740  67.34960804
  0.0750  70.33623271
  0.0760  73.32532443
  0.0770  76.31565537
  0.0780  79.30599824
  0.0790  82.29512690
  0.0800  85.28181679
  0.0810  88.26484551
  0.0820  91.24299333
  0.0830  94.21504369
  0.0840  97.17978371
  0.0850  100.13600474
  0.0860  103.08250285
  0.0870  106.01807932
  0.0880  108.94154117
  0.0890  111.85170167
  0.0900  114.74738081
  0.0910  117.62740584
  0.0920  120.49061170
  0.0930  123.33584156
  0.0940  126.16194728
  0.0950  128.96778991
  0.0960  131.75224011
  0.0970  134.51417871
  0.0980  137.25249706
  0.0990  139.96609760
  0.1000  142.65389422
  0.1010  145.31481276
  0.1020  147.94779145
  0.1030  150.55178131
  0.1040  153.12574661
  0.1050  155.66866526
  0.1060  158.17952926
  0.1070  160.65734509
  0.1080  163.10113408
  0.1090  165.50993286
  0.1100  167.88279371
  0.1110  170.21878492
  0.1120  172.51699121
  0.1130  174.77651404
  0.1140  176.99647200
  0.1150  179.17600111
  0.1160  181.31425521
  0.1170  183.41040626
  0.1180  185.46364466
  0.1190  187.47317954
  0.1200  189.43823909
  0.1210  191.35807087
  0.1220  193.23194201
  0.1230  195.05913958
  0.1240  196.83897080
  0.1250  198.57076328
  0.1260  200.25386533
  0.1270  201.88764610
  0.1280  203.47149591
  0.1290  205.00482638
  0.1300  206.48707067
  0.1310  207.91768366
  0.1320  209.29614217
  0.1330  210.62194510
  0.1340  211.89461359
  0.1350  213.11369119
  0.1360  214.27874401
  0.1370  215.38936085
  0.1380  216.44515328
  0.1390  217.44575581
  0.1400  218.39082598
  0.1410  219.28004442
  0.1420  220.11311496
  0.1430  220.88976468
  0.1440  221.60974399
  0.1450  222.27282665
  0.1460  222.87880986
  0.1470  223.42751421
  0.1480  223.91878378
  0.1490  224.35248609
  0.1500  224.72851211
  0.1510  225.04677626
  0.1520  225.30721637
  0.1530  225.50979366
  0.1540  225.65449268
  0.1550  225.74132125
  0.1560  225.77031042
  0.1570  225.74151437
  0.1580  225.65501034
  0.1590  225.51089852
  0.1600  225.30930195
  0.1610  225.05036643
  0.1620  224.73426033
  0.1630  224.36117452
  0.1640  223.93132220
  0.1650  223.44493874
  0.1660  222.90228153
  0.1670  222.30362979
  0.1680  221.64928440
  0.1690  220.93956771
  0.1700  220.17482333
  0.1710  219.35541593
  0.1720  218.48173102
  0.1730  217.55417473
  0.1740  216.57317355
  0.1750  215.53917413
  0.1760  214.45264297
  0.1770  213.31406623
  0.1780  212.12394941
  0.1790  210.88281708
  0.1800  209.59121263
  0.1810  208.24969797
  0.1820  206.85885318
  0.1830  205.41927628
  0.1840  203.93158290
  0.1850  202.39640591
  0.1860  200.81439517
  0.1870  199.18621713
  0.1880  197.51255456
  0.1890  195.79410615
  0.1900  194.03158619
  0.1910  192.22572421
  0.1920  190.37726461
  0.1930  188.48696632
  0.1940  186.55560239
  0.1950  184.58395964
  0.1960  182.57283829
  0.1970  180.52305154
  0.1980  178.43542520
  0.1990  176.31079731
  0.2000  174.15001772
  0.2010  171.95394767
  0.2020  169.72345947
  0.2030  167.45943596
  0.2040  165.16277023
  0.2050  162.83436512
  0.2060  160.47513282
  0.2070  158.08599446
  0.2080  155.66787971
  0.2090  153.22172631
  0.2100  150.74847965
  0.2110  148.24909239
  0.2120  145.72452396
  0.2130  143.17574021
  0.2140  140.60371288
  0.2150  138.00941926
  0.2160  135.39384171
  0.2170  132.75796721
  0.2180  130.10278696
  0.2190  127.42929594
  0.2200  124.73849247
  0.2210  122.03137775
  0.2220  119.30895547
  0.2230  116.57223136
  0.2240  113.82221275
  0.2250  111.05990815
  0.2260  108.28632680
  0.2270  105.50247827
  0.2280  102.70937204
  0.2290  99.90801703
  0.2300  97.09942123
  0.2310  94.28459125
  0.2320  91.46453193
  0.2330  88.64024588
  0.2340  85.81273314
  0.2350  82.98299071
  0.2360  80.15201219
  0.2370  77.32078736
  0.2380  74.49030180
  0.2390  71.66153651
  0.2400  68.83546750
  0.2410  66.01306546
  0.2420  63.19529535
  0.2430  60.38311607
  0.2440  57.57748012
  0.2450  54.77933324
  0.2460  51.98961414
  0.2470  49.20925415
  0.2480  46.43917699
  0.2490  43.68029855
  0.2500  40.93352669
  0.2510  38.19976115
  0.2520  35.47989354
  0.2530  32.77480758
  0.2540  30.08537943
  0.2550  27.41247868
  0.2560  24.75696988
  0.2570  22.11971553
  0.2580  19.50158153
  0.2590  16.90344779
  0.2600  14.32623030
  0.2610  11.77093153
  0.2620  9.23877222
  0.2630  6.73161306
  0.2640  4.25383078
  0.2650  1.82914240
  0.2660  0.83972610
  0.2670  3.13071456
  0.2680  5.50027431
  0.2690  7.85300704
  0.2700  10.18100818
  0.2710  12.48185083
  0.2720  14.75425083
  0.2730  16.99729378
  0.2740  19.21022123
  0.2750  21.39235505
  0.2760  23.54306595
  0.2770  25.66175891
  0.2780  27.74786567
  0.2790  29.80084078
  0.2800  31.82015932
  0.2810  33.80531552
  0.2820  35.75582202
  0.2830  37.67120932
  0.2840  39.55102555
  0.2850  41.39483620
  0.2860  43.20222409
  0.2870  44.97278927
  0.2880  46.70614901
  0.2890  48.40193777
  0.2900  50.05980721
  0.2910  51.67942620
  0.2920  53.26048082
  0.2930  54.80267438
  0.2940  56.30572741
  0.2950  57.76937767
  0.2960  59.19338014
  0.2970  60.57750704
  0.2980  61.92154777
  0.2990  63.22530893
  0.3000  64.48861427
  0.3010  65.71130469
  0.3020  66.89323815
  0.3030  68.03428967
  0.3040  69.13435126
  0.3050  70.19333185
  0.3060  71.21115725
  0.3070  72.18777003
  0.3080  73.12312951
  0.3090  74.01721161
  0.3100  74.87000879
  0.3110  75.68152992
  0.3120  76.45180022
  0.3130  77.18086110
  0.3140  77.86877006
  0.3150  78.51560058
  0.3160  79.12144195
  0.3170  79.68639915
  0.3180  80.21059273
  0.3190  80.69415859
  0.3200  81.13724792
  0.3210  81.54002693
  0.3220  81.90267678
  0.3230  82.22539333
  0.3240  82.50838702
  0.3250  82.75188261
  0.3260  82.95611909
  0.3270  83.12134939
  0.3280  83.24784022
  0.3290  83.33587190
  0.3300  83.38573806
  0.3310  83.39774551
  0.3320  83.37221399
  0.3330  83.30947593
  0.3340  83.20987623
  0.3350  83.07377205
  0.3360  82.90153256
  0.3370  82.69353867
  0.3380  82.45018284
  0.3390  82.17186879
  0.3400  81.85901127
  0.3410  81.51203580
  0.3420  81.13137841
  0.3430  80.71748538
  0.3440  80.27081298
  0.3450  79.79182720
  0.3460  79.28100351
  0.3470  78.73882651
  0.3480  78.16578977
  0.3490  77.56239544
  0.3500  76.92915407
  0.3510  76.26658426
  0.3520  75.57521241
  0.3530  74.85557245
  0.3540  74.10820551
  0.3550  73.33365970
  0.3560  72.53248975
  0.3570  71.70525679
  0.3580  70.85252802
  0.3590  69.97487642
  0.3600  69.07288049
  0.3610  68.14712394
  0.3620  67.19819539
  0.3630  66.22668811
  0.3640  65.23319970
  0.3650  64.21833182
  0.3660  63.18268988
  0.3670  62.12688277
  0.3680  61.05152256
  0.3690  59.95722422
  0.3700  58.84460532
  0.3710  57.71428577
  0.3720  56.56688749
  0.3730  55.40303418
  0.3740  54.22335100
  0.3750  53.02846429
  0.3760  51.81900133
  0.3770  50.59559001
  0.3780  49.35885860
  0.3790  48.10943545
  0.3800  46.84794874
  0.3810  45.57502620
  0.3820  44.29129485
  0.3830  42.99738074
  0.3840  41.69390870
  0.3850  40.38150209
  0.3860  39.06078254
  0.3870  37.73236970
  0.3880  36.39688105
  0.3890  35.05493161
  0.3900  33.70713377
  0.3910  32.35409705
  0.3920  30.99642789
  0.3930  29.63472952
  0.3940  28.26960173
  0.3950  26.90164075
  0.3960  25.53143916
  0.3970  24.15958580
  0.3980  22.78666576
  0.3990  21.41326045
  0.4000  20.03994779
  0.4010  18.66730261
  0.4020  17.29589726
  0.4030  15.92630268
  0.4040  14.55909021
  0.4050  13.19483457
  0.4060  11.83411899
  0.4070  10.47754441
  0.4080  9.12574691
  0.4090  7.77943306
  0.4100  6.43945891
  0.4110  5.10703118
  0.4120  3.78432550
  0.4130  2.47704537
  0.4140  1.21319225
  0.4150  0.52038192
  0.4160  1.57146876
  0.4170  2.82851211
  0.4180  4.09780381
  0.4190  5.36361346
  0.4200  6.62193410
  0.4210  7.87107532
  0.4220  9.11006104
  0.4230  10.33819878
  0.4240  11.55493007
  0.4250  12.75976908
  0.4260  13.95227414
  0.4270  15.13203343
  0.4280  16.29865717
  0.4290  17.45177313
  0.4300  18.59102396
  0.4310  19.71606558
  0.4320  20.82656606
  0.4330  21.92220492
  0.4340  23.00267274
  0.4350  24.06767075
  0.4360  25.11691068
  0.4370  26.15011457
  0.4380  27.16701466
  0.4390  28.16735335
  0.4400  29.15088311
  0.4410  30.11736642
  0.4420  31.06657576
  0.4430  31.99829361
  0.4440  32.91231234
  0.4450  33.80843426
  0.4460  34.68647156
  0.4470  35.54624630
  0.4480  36.38759036
  0.4490  37.21034543
  0.4500  38.01436296
  0.4510  38.79950416
  0.4520  39.56563991
  0.4530  40.31265076
  0.4540  41.04042687
  0.4550  41.74886794
  0.4560  42.43788320
  0.4570  43.10739133
  0.4580  43.75732040
  0.4590  44.38760780
  0.4600  44.99820020
  0.4610  45.58905346
  0.4620  46.16013255
  0.4630  46.71141150
  0.4640  47.24287329
  0.4650  47.75450978
  0.4660  48.24632163
  0.4670  48.71831819
  0.4680  49.17051744
  0.4690  49.60294585
  0.4700  50.01563831
  0.4710  50.40863803
  0.4720  50.78199641
  0.4730  51.13577294
  0.4740  51.47003513
  0.4750  51.78485832
  0.4760  52.08032563
  0.4770  52.35652781
  0.4780  52.61356311
  0.4790  52.85153720
  0.4800  53.07056298
  0.4810  53.27076052
  0.4820  53.45225687
  0.4830  53.61518596
  0.4840  53.75968847
  0.4850  53.88591167
  0.4860  53.99400930
  0.4870  54.08414143
  0.4880  54.15647430
  0.4890  54.21118019
  0.4900  54.24843730
  0.4910  54.26842955
  0.4920  54.27134649
  0.4930  54.25738309
  0.4940  54.22673967
  0.4950  54.17962167
  0.4960  54.11623954
  0.4970  54.03680860
  0.4980  53.94154884
  0.4990  53.83068481
  0.5000  53.70444546
  0.5010  53.56306396
  0.5020  53.40677756
  0.5030  53.23582744
  0.5040  53.05045854
  0.5050  52.85091943
  0.5060  52.63746211
  0.5070  52.41034190
  0.5080  52.16981726
  0.5090  51.91614963
  0.5100  51.64960328
  0.5110  51.37044515
  0.5120  51.07894473
  0.5130  50.77537383
  0.5140  50.46000649
  0.5150  50.13311883
  0.5160  49.79498883
  0.5170  49.44589624
  0.5180  49.08612241
  0.5190  48.71595013
  0.5200  48.33566350
  0.5210  47.94554774
  0.5220  47.54588910
  0.5230  47.13697467
  0.5240  46.71909223
  0.5250  46.29253014
  0.5260  45.85757718
  0.5270  45.41452239
  0.5280  44.96365497
  0.5290  44.50526408
  0.5300  44.03963877
  0.5310  43.56706781
  0.5320  43.08783953
  0.5330  42.60224174
  0.5340  42.11056158
  0.5350  41.61308536
  0.5360  41.11009847
  0.5370  40.60188525
  0.5380  40.08872883
  0.5390  39.57091107
  0.5400  39.04871238
  0.5410  38.52241164
  0.5420  37.99228607
  0.5430  37.45861112
  0.5440  36.92166035
  0.5450  36.38170534
  0.5460  35.83901556
  0.5470  35.29385829
  0.5480  34.74649847
  0.5490  34.19719868
  0.5500  33.64621896
  0.5510  33.09381676
  0.5520  32.54024685
  0.5530  31.98576119
  0.5540  31.43060889
  0.5550  30.87503608
  0.5560  30.31928587
  0.5570  29.76359823
  0.5580  29.20820992
  0.5590  28.65335446
  0.5600  28.09926198
  0.5610  27.54615920
  0.5620  26.99426934
  0.5630  26.44381209
  0.5640  25.89500350
  0.5650  25.34805592
  0.5660  24.80317800
  0.5670  24.26057457
  0.5680  23.72044662
  0.5690  23.18299123
  0.5700  22.64840155
  0.5710  22.11686672
  0.5720  21.58857187
  0.5730  21.06369802
  0.5740  20.54242210
  0.5750  20.02491690
  0.5760  19.51135100
  0.5770  19.00188880
  0.5780  18.49669045
  0.5790  17.99591183
  0.5800  17.49970454
  0.5810  17.00821588
  0.5820  16.52158881
  0.5830  16.03996199
  0.5840  15.56346970
  0.5850  15.09224186
  0.5860  14.62640405
  0.5870  14.16607745
  0.5880  13.71137889
  0.5890  13.26242082
  0.5900  12.81931131
  0.5910  12.38215410
  0.5920  11.95104855
  0.5930  11.52608967
  0.5940  11.10736818
  0.5950  10.69497045
  0.5960  10.28897858
  0.5970  9.88947039
  0.5980  9.49651947
  0.5990  9.11019519
  0.6000  8.73056275
  0.6010  8.35768322
  0.6020  7.99161355
  0.6030  7.63240667
  0.6040  7.28011149
  0.6050  6.93477302
  0.6060  6.59643240
  0.6070  6.26512697
  0.6080  5.94089042
  0.6090  5.62375285
  0.6100  5.31374090
  0.6110  5.01087792
  0.6120  4.71518417
  0.6130  4.42667700
  0.6140  4.14537120
  0.6150  3.87127928
  0.6160  3.60441202
  0.6170  3.34477905
  0.6180  3.09238967
  0.6190  2.84725401
  0.6200  2.60938461
  0.6210  2.37879878
  0.6220  2.15552195
  0.6230  1.93959292
  0.6240  1.73107204
  0.6250  1.53005467
  0.6260  1.33669407
  0.6270  1.15124269
  0.6280  0.97413084
  0.6290  0.80612769
  0.6300  0.64869821
  0.6310  0.50486486
  0.6320  0.38140669
  0.6330  0.29373968
  0.6340  0.26717343
  0.6350  0.30846722
  0.6360  0.39025992
  0.6370  0.48771054
  0.6380  0.58921110
  0.6390  0.68983827
  0.6400  0.78735924
  0.6410  0.88067599
  0.6420  0.96921603
  0.6430  1.05267305
  0.6440  1.13088641
  0.6450  1.20378058
  0.6460  1.27133261
  0.6470  1.33355373
  0.6480  1.39047836
  0.6490  1.44215731
  0.6500  1.48865342
  0.6510  1.53003872
  0.6520  1.56639241
  0.6530  1.59779960
  0.6540  1.62435029
  0.6550  1.64613878
  0.6560  1.66326314
  0.6570  1.67582495
  0.6580  1.68392906
  0.6590  1.68768352
  0.6600  1.68719950
  0.6610  1.68259141
  0.6620  1.67397696
  0.6630  1.66147742
  0.6640  1.64521787
  0.6650  1.62532765
  0.6660  1.60194082
  0.6670  1.57519688
  0.6680  1.54524158
  0.6690  1.51222801
  0.6700  1.47631797
  0.6710  1.43768366
  0.6720  1.39650990
  0.6730  1.35299691
  0.6740  1.30736381
  0.6750  1.25985324
  0.6760  1.21073710
  0.6770  1.16032410
  0.6780  1.10896925
  0.6790  1.05708609
  0.6800  1.00516195
  0.6810  0.95377679
  0.6820  0.90362537
  0.6830  0.85554162
  0.6840  0.81052153
  0.6850  0.76973718
  0.6860  0.73452874
  0.6870  0.70635617
  0.6880  0.68669254
  0.6890  0.67685569
  0.6900  0.67780732
  0.6910  0.68998505
  0.6920  0.71323881
  0.6930  0.74689963
  0.6940  0.78994409
  0.6950  0.84118295
  0.6960  0.89941561
  0.6970  0.96352748
  0.6980  1.03253559
  0.6990  1.10559895
  0.7000  1.18200955
  0.7010  1.26117521
  0.7020  1.34260058
  0.7030  1.42586943
  0.7040  1.51062947
  0.7050  1.59657977
  0.7060  1.68346073
  0.7070  1.77104606
  0.7080  1.85913645
  0.7090  1.94755463
  0.7100  2.03614145
  0.7110  2.12475278
  0.7120  2.21325708
  0.7130  2.30153343
  0.7140  2.38947000
  0.7150  2.47696278
  0.7160  2.56391457
  0.7170  2.65023419
  0.7180  2.73583576
  0.7190  2.82063820
  0.7200  2.90456473
  0.7210  2.98754254
  0.7220  3.06950246
  0.7230  3.15037870
  0.7240  3.23010862
  0.7250  3.30863255
  0.7260  3.38589366
  0.7270  3.46183778
  0.7280  3.53641330
  0.7290  3.60957110
  0.7300  3.68126442
  0.7310  3.75144881
  0.7320  3.82008205
  0.7330  3.88712411
  0.7340  3.95253706
  0.7350  4.01628508
  0.7360  4.07833435
  0.7370  4.13865305
  0.7380  4.19721132
  0.7390  4.25398124
  0.7400  4.30893674
  0.7410  4.36205364
  0.7420  4.41330959
  0.7430  4.46268402
  0.7440  4.51015816
  0.7450  4.55571497
  0.7460  4.59933914
  0.7470  4.64101708
  0.7480  4.68073685
  0.7490  4.71848816
  0.7500  4.75426235
  0.7510  4.78805238
  0.7520  4.81985274
  0.7530  4.84965952
  0.7540  4.87747031
  0.7550  4.90328421
  0.7560  4.92710179
  0.7570  4.94892508
  0.7580  4.96875754
  0.7590  4.98660401
  0.7600  5.00247072
  0.7610  5.01636526
  0.7620  5.02829651
  0.7630  5.03827468
  0.7640  5.04631122
  0.7650  5.05241884
  0.7660  5.05661145
  0.7670  5.05890416
  0.7680  5.05931322
  0.7690  5.05785603
  0.7700  5.05455107
  0.7710  5.04941790
  0.7720  5.04247714
  0.7730  5.03375039
  0.7740  5.02326028
  0.7750  5.01103034
  0.7760  4.99708508
  0.7770  4.98144988
  0.7780  4.96415097
  0.7790  4.94521546
  0.7800  4.92467122
  0.7810  4.90254692
  0.7820  4.87887199
  0.7830  4.85367654
  0.7840  4.82699138
  0.7850  4.79884800
  0.7860  4.76927846
  0.7870  4.73831548
  0.7880  4.70599228
  0.7890  4.67234266
  0.7900  4.63740089
  0.7910  4.60120174
  0.7920  4.56378041
  0.7930  4.52517250
  0.7940  4.48541400
  0.7950  4.44454128
  0.7960  4.40259098
  0.7970  4.35960009
  0.7980  4.31560581
  0.7990  4.27064561
  0.8000  4.22475715
  0.8010  4.17797827
  0.8020  4.13034697
  0.8030  4.08190134
  0.8040  4.03267959
  0.8050  3.98271998
  0.8060  3.93206079
  0.8070  3.88074035
  0.8080  3.82879692
  0.8090  3.77626875
  0.8100  3.72319400
  0.8110  3.66961073
  0.8120  3.61555690
  0.8130  3.56107027
  0.8140  3.50618847
  0.8150  3.45094891
  0.8160  3.39538877
  0.8170  3.33954498
  0.8180  3.28345420
  0.8190  3.22715281
  0.8200  3.17067683
  0.8210  3.11406197
  0.8220  3.05734355
  0.8230  3.00055652
  0.8240  2.94373542
  0.8250  2.88691434
  0.8260  2.83012694
  0.8270  2.77340640
  0.8280  2.71678541
  0.8290  2.66029614
  0.8300  2.60397025
  0.8310  2.54783882
  0.8320  2.49193241
  0.8330  2.43628096
  0.8340  2.38091381
  0.8350  2.32585972
  0.8360  2.27114678
  0.8370  2.21680244
  0.8380  2.16285352
  0.8390  2.10932612
  0.8400  2.05624569
  0.8410  2.00363696
  0.8420  1.95152396
  0.8430  1.89992998
  0.8440  1.84887762
  0.8450  1.79838870
  0.8460  1.74848431
  0.8470  1.69918481
  0.8480  1.65050977
  0.8490  1.60247803
  0.8500  1.55510767
  0.8510  1.50841600
  0.8520  1.46241960
  0.8530  1.41713429
  0.8540  1.37257517
  0.8550  1.32875660
  0.8560  1.28569226
  0.8570  1.24339514
  0.8580  1.20187757
  0.8590  1.16115127
  0.8600  1.12122737
  0.8610  1.08211647
  0.8620  1.04382869
  0.8630  1.00637375
  0.8640  0.96976101
  0.8650  0.93399959
  0.8660  0.89909849
  0.8670  0.86506665
  0.8680  0.83191314
  0.8690  0.79964729
  0.8700  0.76827889
  0.8710  0.73781837
  0.8720  0.70827704
  0.8730  0.67966733
  0.8740  0.65200310
  0.8750  0.62529990
  0.8760  0.59957537
  0.8770  0.57484952
  0.8780  0.55114513
  0.8790  0.52848809
  0.8800  0.50690774
  0.8810  0.48643711
  0.8820  0.46711313
  0.8830  0.44897664
  0.8840  0.43207222
  0.8850  0.41644775
  0.8860  0.40215357
  0.8870  0.38924132
  0.8880  0.37776225
  0.8890  0.36776514
  0.8900  0.35929382
  0.8910  0.35238451
  0.8920  0.34706308
  0.8930  0.34334272
  0.8940  0.34122211
  0.8950  0.34068449
  0.8960  0.34169770
  0.8970  0.34421531
  0.8980  0.34817858
  0.8990  0.35351905
  0.9000  0.36016147
  0.9010  0.36802679
  0.9020  0.37703476
  0.9030  0.38710630
  0.9040  0.39816521
  0.9050  0.41013945
  0.9060  0.42296196
  0.9070  0.43657102
  0.9080  0.45091035
  0.9090  0.46592898
  0.9100  0.48158093
  0.9110  0.49782484
  0.9120  0.51462349
  0.9130  0.53194335
  0.9140  0.54975411
  0.9150  0.56802827
  0.9160  0.58674073
  0.9170  0.60586838
  0.9180  0.62538982
  0.9190  0.64528505
  0.9200  0.66553523
  0.9210  0.68612243
  0.9220  0.70702946
  0.9230  0.72823972
  0.9240  0.74973702
  0.9250  0.77150552
  0.9260  0.79352959
  0.9270  0.81579377
  0.9280  0.83828266
  0.9290  0.86098092
  0.9300  0.88387318
  0.9310  0.90694405
  0.9320  0.93017807
  0.9330  0.95355971
  0.9340  0.97707336
  0.9350  1.00070330
  0.9360  1.02443375
  0.9370  1.04824880
  0.9380  1.07213249
  0.9390  1.09606876
  0.9400  1.12004151
  0.9410  1.14403455
  0.9420  1.16803167
  0.9430  1.19201663
  0.9440  1.21597317
  0.9450  1.23988502
  0.9460  1.26373594
  0.9470  1.28750970
  0.9480  1.31119015
  0.9490  1.33476116
  0.9500  1.35820671
  0.9510  1.38151086
  0.9520  1.40465778
  0.9530  1.42763176
  0.9540  1.45041722
  0.9550  1.47299876
  0.9560  1.49536111
  0.9570  1.51748923
  0.9580  1.53936823
  0.9590  1.56098345
  0.9600  1.58232045
  0.9610  1.60336502
  0.9620  1.62410320
  0.9630  1.64452130
  0.9640  1.66460586
  0.9650  1.68434376
  0.9660  1.70372212
  0.9670  1.72272840
  0.9680  1.74135035
  0.9690  1.75957604
  0.9700  1.77739390
  0.9710  1.79479267
  0.9720  1.81176145
  0.9730  1.82828971
  0.9740  1.84436727
  0.9750  1.85998433
  0.9760  1.87513147
  0.9770  1.88979967
  0.9780  1.90398028
  0.9790  1.91766507
  0.9800  1.93084623
  0.9810  1.94351633
  0.9820  1.95566839
  0.9830  1.96729584
  0.9840  1.97839254
  0.9850  1.98895281
  0.9860  1.99897137
  0.9870  2.00844341
  0.9880  2.01736457
  0.9890  2.02573094
  0.9900  2.03353906
  0.9910  2.04078594
  0.9920  2.04746904
  0.9930  2.05358631
  0.9940  2.05913615
  0.9950  2.06411744
  0.9960  2.06852955
  0.9970  2.07237231
  0.9980  2.07564605
  0.9990  2.07835155
