  0.0000  66.29080036
  0.0010  66.26108050
  0.0020  66.17193429
  0.0030  66.02340179
  0.0040  65.81554980
  0.0050  65.54847178
  0.0060  65.22228778
  0.0070  64.83714444
  0.0080  64.39321490
  0.0090  63.89069868
  0.0100  63.32982163
  0.0110  62.71083579
  0.0120  62.03401928
  0.0130  61.29967616
  0.0140  60.50813627
  0.0150  59.65975511
  0.0160  58.75491361
  0.0170  57.79401797
  0.0180  56.77749950
  0.0190  55.70581433
  0.0200  54.57944325
  0.0210  53.39889147
  0.0220  52.16468833
  0.0230  50.87738711
  0.0240  49.53756469
  0.0250  48.14582133
  0.0260  46.70278032
  0.0270  45.20908775
  0.0280  43.66541211
  0.0290  42.07244404
  0.0300  40.43089596
  0.0310  38.74150172
  0.0320  37.00501624
  0.0330  35.22221519
  0.0340  33.39389455
  0.0350  31.52087027
  0.0360  29.60397785
  0.0370  27.64407196
  0.0380  25.64202601
  0.0390  23.59873170
  0.0400  21.51509867
  0.0410  19.39205398
  0.0420  17.23054169
  0.0430  15.03152243
  0.0440  12.79597292
  0.0450  10.52488548
  0.0460  8.21926764
  0.0470  5.88014160
  0.0480  3.50854410
  0.0490  1.10552936
  0.0500  1.32786678
  0.0510  3.79052517
  0.0520  6.28138274
  0.0530  8.79933676
  0.0540  11.34327624
  0.0550  13.91207987
  0.0560  16.50461641
  0.0570  19.11974512
  0.0580  21.75631632
  0.0590  24.41317193
  0.0600  27.08914604
  0.0610  29.78306540
  0.0620  32.49375004
  0.0630  35.22001379
  0.0640  37.96066484
  0.0650  40.71450633
  0.0660  43.48033688
  0.0670  46.25695117
  0.0680  49.04314052
  0.0690  51.83769341
  0.0700  54.63939611
  0.0710  57.44703320
  0.0720  60.25938815
  0.0730  63.07524390
  0.0740  65.89338340
  0.0750  68.71259019
  0.0760  71.53164899
  0.0770  74.34934620
  0.0780  77.16447051
  0.0790  79.97581346
  0.0800  82.78216993
  0.0810  85.58233881
  0.0820  88.37512341
  0.0830  91.15933214
  0.0840  93.93377896
  0.0850  96.69728395
  0.0860  99.44867385
  0.0870  102.18678259
  0.0880  104.91045181
  0.0890  107.61853139
  0.0900  110.30987995
  0.0910  112.98336539
  0.0920  115.63786535
  0.0930  118.27226776
  0.0940  120.88547130
  0.0950  123.47638589
  0.0960  126.04393319
  0.0970  128.58704706
  0.0980  131.10467400
  0.0990  133.59577368
  0.1000  136.05931932
  0.1010  138.49429816
  0.1020  140.89971190
  0.1030  143.27457713
  0.1040  145.61792575
  0.1050  147.92880537
  0.1060  150.20627971
  0.1070  152.44942902
  0.1080  154.65735043
  0.1090  156.82915834
  0.1100  158.96398481
  0.1110  161.06097986
  0.1120  163.11931189
  0.1130  165.13816793
  0.1140  167.11675404
  0.1150  169.05429561
  0.1160  170.95003762
  0.1170  172.80324499
  0.1180  174.61320285
  0.1190  176.37921681
  0.1200  178.10061320
  0.1210  179.77673938
  0.1220  181.40696391
  0.1230  182.99067684
  0.1240  184.52728991
  0.1250  186.01623675
  0.1260  187.45697307
  0.1270  188.84897688
  0.1280  190.19174861
  0.1290  191.48481134
  0.1300  192.72771089
  0.1310  193.92001599
  0.1320  195.06131840
  0.1330  196.15123303
  0.1340  197.18939804
  0.1350  198.17547494
  0.1360  199.10914865
  0.1370  199.99012762
  0.1380  200.81814380
  0.1390  201.59295278
  0.1400  202.31433378
  0.1410  202.98208964
  0.1420  203.59604691
  0.1430  204.15605577
  0.1440  204.66199008
  0.1450  205.11374732
  0.1460  205.51124854
  0.1470  205.85443839
  0.1480  206.14328495
  0.1490  206.37777977
  0.1500  206.55793772
  0.1510  206.68379691
  0.1520  206.75541861
  0.1530  206.77288712
  0.1540  206.73630966
  0.1550  206.64581621
  0.1560  206.50155938
  0.1570  206.30371426
  0.1580  206.05247825
  0.1590  205.74807087
  0.1600  205.39073361
  0.1610  204.98072966
  0.1620  204.51834381
  0.1630  204.00388214
  0.1640  203.43767183
  0.1650  202.82006094
  0.1660  202.15141815
  0.1670  201.43213251
  0.1680  200.66261317
  0.1690  199.84328911
  0.1700  198.97460888
  0.1710  198.05704029
  0.1720  197.09107015
  0.1730  196.07720390
  0.1740  195.01596537
  0.1750  193.90789641
  0.1760  192.75355660
  0.1770  191.55352288
  0.1780  190.30838926
  0.1790  189.01876642
  0.1800  187.68528137
  0.1810  186.30857712
  0.1820  184.88931228
  0.1830  183.42816070
  0.1840  181.92581109
  0.1850  180.38296665
  0.1860  178.80034465
  0.1870  177.17867607
  0.1880  175.51870518
  0.1890  173.82118914
  0.1900  172.08689761
  0.1910  170.31661231
  0.1920  168.51112662
  0.1930  166.67124517
  0.1940  164.79778339
  0.1950  162.89156713
  0.1960  160.95343216
  0.1970  158.98422382
  0.1980  156.98479653
  0.1990  154.95601337
  0.2000  152.89874564
  0.2010  150.81387243
  0.2020  148.70228018
  0.2030  146.56486220
  0.2040  144.40251828
  0.2050  142.21615422
  0.2060  140.00668135
  0.2070  137.77501617
  0.2080  135.52207982
  0.2090  133.24879767
  0.2100  130.95609888
  0.2110  128.64491594
  0.2120  126.31618424
  0.2130  123.97084162
  0.2140  121.60982792
  0.2150  119.23408456
  0.2160  116.84455408
  0.2170  114.44217971
  0.2180  112.02790494
  0.2190  109.60267311
  0.2200  107.16742691
  0.2210  104.72310803
  0.2220  102.27065670
  0.2230  99.81101127
  0.2240  97.34510778
  0.2250  94.87387960
  0.2260  92.39825694
  0.2270  89.91916650
  0.2280  87.43753107
  0.2290  84.95426907
  0.2300  82.47029426
  0.2310  79.98651523
  0.2320  77.50383513
  0.2330  75.02315120
  0.2340  72.54535445
  0.2350  70.07132927
  0.2360  67.60195310
  0.2370  65.13809600
  0.2380  62.68062039
  0.2390  60.23038063
  0.2400  57.78822272
  0.2410  55.35498397
  0.2420  52.93149266
  0.2430  50.51856772
  0.2440  48.11701844
  0.2450  45.72764412
  0.2460  43.35123387
  0.2470  40.98856620
  0.2480  38.64040886
  0.2490  36.30751850
  0.2500  33.99064046
  0.2510  31.69050853
  0.2520  29.40784471
  0.2530  27.14335910
  0.2540  24.89774967
  0.2550  22.67170226
  0.2560  20.46589061
  0.2570  18.28097654
  0.2580  16.11761056
  0.2590  13.97643313
  0.2600  11.85807748
  0.2610  9.76317610
  0.2620  7.69237786
  0.2630  5.64640169
  0.2640  3.62626712
  0.2650  1.63519242
  0.2660  0.38269213
  0.2670  2.29256258
  0.2680  4.20554143
  0.2690  6.09262670
  0.2700  7.95206205
  0.2710  9.78309928
  0.2720  11.58519512
  0.2730  13.35787933
  0.2740  15.10071963
  0.2750  16.81330963
  0.2760  18.49526388
  0.2770  20.14621559
  0.2780  21.76581556
  0.2790  23.35373153
  0.2800  24.90964787
  0.2810  26.43326539
  0.2820  27.92430119
  0.2830  29.38248859
  0.2840  30.80757710
  0.2850  32.19933232
  0.2860  33.55753594
  0.2870  34.88198565
  0.2880  36.17249517
  0.2890  37.42889411
  0.2900  38.65102799
  0.2910  39.83875815
  0.2920  40.99196169
  0.2930  42.11053139
  0.2940  43.19437567
  0.2950  44.24341846
  0.2960  45.25759914
  0.2970  46.23687242
  0.2980  47.18120829
  0.2990  48.09059184
  0.3000  48.96502320
  0.3010  49.80451739
  0.3020  50.60910421
  0.3030  51.37882809
  0.3040  52.11374796
  0.3050  52.81393711
  0.3060  53.47948302
  0.3070  54.11048722
  0.3080  54.70706512
  0.3090  55.26934586
  0.3100  55.79747210
  0.3110  56.29159986
  0.3120  56.75189836
  0.3130  57.17854978
  0.3140  57.57174913
  0.3150  57.93170399
  0.3160  58.25863435
  0.3170  58.55277238
  0.3180  58.81436224
  0.3190  59.04365984
  0.3200  59.24093264
  0.3210  59.40645942
  0.3220  59.54053004
  0.3230  59.64344524
  0.3240  59.71551638
  0.3250  59.75706520
  0.3260  59.76842362
  0.3270  59.74993345
  0.3280  59.70194616
  0.3290  59.62482263
  0.3300  59.51893293
  0.3310  59.38465601
  0.3320  59.22237949
  0.3330  59.03249937
  0.3340  58.81541982
  0.3350  58.57155284
  0.3360  58.30131809
  0.3370  58.00514254
  0.3380  57.68346027
  0.3390  57.33671215
  0.3400  56.96534562
  0.3410  56.56981440
  0.3420  56.15057820
  0.3430  55.70810248
  0.3440  55.24285818
  0.3450  54.75532141
  0.3460  54.24597325
  0.3470  53.71529940
  0.3480  53.16378997
  0.3490  52.59193915
  0.3500  52.00024503
  0.3510  51.38920921
  0.3520  50.75933666
  0.3530  50.11113535
  0.3540  49.44511603
  0.3550  48.76179195
  0.3560  48.06167861
  0.3570  47.34529348
  0.3580  46.61315575
  0.3590  45.86578605
  0.3600  45.10370622
  0.3610  44.32743904
  0.3620  43.53750795
  0.3630  42.73443684
  0.3640  41.91874977
  0.3650  41.09097073
  0.3660  40.25162340
  0.3670  39.40123088
  0.3680  38.54031550
  0.3690  37.66939851
  0.3700  36.78899992
  0.3710  35.89963821
  0.3720  35.00183013
  0.3730  34.09609046
  0.3740  33.18293180
  0.3750  32.26286433
  0.3760  31.33639563
  0.3770  30.40403040
  0.3780  29.46627033
  0.3790  28.52361384
  0.3800  27.57655590
  0.3810  26.62558785
  0.3820  25.67119714
  0.3830  24.71386723
  0.3840  23.75407735
  0.3850  22.79230233
  0.3860  21.82901243
  0.3870  20.86467320
  0.3880  19.89974526
  0.3890  18.93468420
  0.3900  17.96994043
  0.3910  17.00595900
  0.3920  16.04317955
  0.3930  15.08203615
  0.3940  14.12295724
  0.3950  13.16636559
  0.3960  12.21267830
  0.3970  11.26230685
  0.3980  10.31565729
  0.3990  9.37313063
  0.4000  8.43512349
  0.4010  7.50202943
  0.4020  6.57424134
  0.4030  5.65215629
  0.4040  4.73618608
  0.4050  3.82678242
  0.4060  2.92450837
  0.4070  2.03029589
  0.4080  1.14688388
  0.4090  0.30568909
  0.4100  0.64455437
  0.4110  1.49618812
  0.4120  2.34911796
  0.4130  3.19510911
  0.4140  4.03263697
  0.4150  4.86105018
  0.4160  5.67992767
  0.4170  6.48893485
  0.4180  7.28777860
  0.4190  8.07619014
  0.4200  8.85391743
  0.4210  9.62072156
  0.4220  10.37637473
  0.4230  11.12065922
  0.4240  11.85336673
  0.4250  12.57429800
  0.4260  13.28326251
  0.4270  13.98007835
  0.4280  14.66457208
  0.4290  15.33657864
  0.4300  15.99594127
  0.4310  16.64251146
  0.4320  17.27614887
  0.4330  17.89672133
  0.4340  18.50410473
  0.4350  19.09818304
  0.4360  19.67884819
  0.4370  20.24600006
  0.4380  20.79954643
  0.4390  21.33940292
  0.4400  21.86549290
  0.4410  22.37774749
  0.4420  22.87610545
  0.4430  23.36051313
  0.4440  23.83092440
  0.4450  24.28730058
  0.4460  24.72961037
  0.4470  25.15782977
  0.4480  25.57194198
  0.4490  25.97193737
  0.4500  26.35781333
  0.4510  26.72957422
  0.4520  27.08723129
  0.4530  27.43080255
  0.4540  27.76031270
  0.4550  28.07579304
  0.4560  28.37728133
  0.4570  28.66482175
  0.4580  28.93846473
  0.4590  29.19826688
  0.4600  29.44429090
  0.4610  29.67660541
  0.4620  29.89528490
  0.4630  30.10040957
  0.4640  30.29206525
  0.4650  30.47034326
  0.4660  30.63534030
  0.4670  30.78715832
  0.4680  30.92590443
  0.4690  31.05169071
  0.4700  31.16463419
  0.4710  31.26485661
  0.4720  31.35248438
  0.4730  31.42764842
  0.4740  31.49048403
  0.4750  31.54113076
  0.4760  31.57973231
  0.4770  31.60643635
  0.4780  31.62139443
  0.4790  31.62476183
  0.4800  31.61669746
  0.4810  31.59736367
  0.4820  31.56692617
  0.4830  31.52555388
  0.4840  31.47341880
  0.4850  31.41069586
  0.4860  31.33756283
  0.4870  31.25420015
  0.4880  31.16079080
  0.4890  31.05752021
  0.4900  30.94457608
  0.4910  30.82214826
  0.4920  30.69042866
  0.4930  30.54961107
  0.4940  30.39989106
  0.4950  30.24146583
  0.4960  30.07453412
  0.4970  29.89929605
  0.4980  29.71595300
  0.4990  29.52470750
  0.5000  29.32576311
  0.5010  29.11932425
  0.5020  28.90559616
  0.5030  28.68478470
  0.5040  28.45709628
  0.5050  28.22273773
  0.5060  27.98191619
  0.5070  27.73483897
  0.5080  27.48171347
  0.5090  27.22274706
  0.5100  26.95814693
  0.5110  26.68812007
  0.5120  26.41287305
  0.5130  26.13261201
  0.5140  25.84754252
  0.5150  25.55786946
  0.5160  25.26379694
  0.5170  24.96552822
  0.5180  24.66326556
  0.5190  24.35721020
  0.5200  24.04756220
  0.5210  23.73452037
  0.5220  23.41828221
  0.5230  23.09904380
  0.5240  22.77699969
  0.5250  22.45234287
  0.5260  22.12526466
  0.5270  21.79595463
  0.5280  21.46460053
  0.5290  21.13138822
  0.5300  20.79650158
  0.5310  20.46012248
  0.5320  20.12243067
  0.5330  19.78360372
  0.5340  19.44381699
  0.5350  19.10324354
  0.5360  18.76205407
  0.5370  18.42041687
  0.5380  18.07849779
  0.5390  17.73646013
  0.5400  17.39446466
  0.5410  17.05266951
  0.5420  16.71123018
  0.5430  16.37029943
  0.5440  16.03002731
  0.5450  15.69056108
  0.5460  15.35204517
  0.5470  15.01462118
  0.5480  14.67842781
  0.5490  14.34360084
  0.5500  14.01027311
  0.5510  13.67857452
  0.5520  13.34863193
  0.5530  13.02056921
  0.5540  12.69450721
  0.5550  12.37056370
  0.5560  12.04885340
  0.5570  11.72948796
  0.5580  11.41257592
  0.5590  11.09822272
  0.5600  10.78653071
  0.5610  10.47759912
  0.5620  10.17152405
  0.5630  9.86839850
  0.5640  9.56831236
  0.5650  9.27135239
  0.5660  8.97760225
  0.5670  8.68714249
  0.5680  8.40005058
  0.5690  8.11640090
  0.5700  7.83626475
  0.5710  7.55971039
  0.5720  7.28680304
  0.5730  7.01760488
  0.5740  6.75217511
  0.5750  6.49056994
  0.5760  6.23284264
  0.5770  5.97904354
  0.5780  5.72922009
  0.5790  5.48341686
  0.5800  5.24167562
  0.5810  5.00403533
  0.5820  4.77053224
  0.5830  4.54119988
  0.5840  4.31606916
  0.5850  4.09516841
  0.5860  3.87852348
  0.5870  3.66615778
  0.5880  3.45809242
  0.5890  3.25434629
  0.5900  3.05493624
  0.5910  2.85987725
  0.5920  2.66918262
  0.5930  2.48286435
  0.5940  2.30093344
  0.5950  2.12340050
  0.5960  1.95027648
  0.5970  1.78157378
  0.5980  1.61730784
  0.5990  1.45749970
  0.6000  1.30217993
  0.6010  1.15139528
  0.6020  1.00522028
  0.6030  0.86377868
  0.6040  0.72728609
  0.6050  0.59614249
  0.6060  0.47115584
  0.6070  0.35416326
  0.6080  0.25005444
  0.6090  0.17382199
  0.6100  0.15987797
  0.6110  0.21392888
  0.6120  0.29690717
  0.6130  0.38752967
  0.6140  0.47897948
  0.6150  0.56884508
  0.6160  0.65612296
  0.6170  0.74034367
  0.6180  0.82127231
  0.6190  0.89878951
  0.6200  0.97283813
  0.6210  1.04339715
  0.6220  1.11046783
  0.6230  1.17406586
  0.6240  1.23421682
  0.6250  1.29095324
  0.6260  1.34431279
  0.6270  1.39433707
  0.6280  1.44107070
  0.6290  1.48456077
  0.6300  1.52485638
  0.6310  1.56200833
  0.6320  1.59606884
  0.6330  1.62709136
  0.6340  1.65513043
  0.6350  1.68024152
  0.6360  1.70248094
  0.6370  1.72190574
  0.6380  1.73857360
  0.6390  1.75254279
  0.6400  1.76387211
  0.6410  1.77262077
  0.6420  1.77884841
  0.6430  1.78261500
  0.6440  1.78398078
  0.6450  1.78300628
  0.6460  1.77975219
  0.6470  1.77427938
  0.6480  1.76664886
  0.6490  1.75692170
  0.6500  1.74515903
  0.6510  1.73142200
  0.6520  1.71577174
  0.6530  1.69826934
  0.6540  1.67897582
  0.6550  1.65795210
  0.6560  1.63525899
  0.6570  1.61095713
  0.6580  1.58510703
  0.6590  1.55776900
  0.6600  1.52900317
  0.6610  1.49886947
  0.6620  1.46742764
  0.6630  1.43473718
  0.6640  1.40085743
  0.6650  1.36584752
  0.6660  1.32976643
  0.6670  1.29267299
  0.6680  1.25462597
  0.6690  1.21568407
  0.6700  1.17590606
  0.6710  1.13535087
  0.6720  1.09407768
  0.6730  1.05214616
  0.6740  1.00961664
  0.6750  0.96655044
  0.6760  0.92301023
  0.6770  0.87906055
  0.6780  0.83476849
  0.6790  0.79020461
  0.6800  0.74544415
  0.6810  0.70056874
  0.6820  0.65566881
  0.6830  0.61084694
  0.6840  0.56622273
  0.6850  0.52193992
  0.6860  0.47817710
  0.6870  0.43516386
  0.6880  0.39320574
  0.6890  0.35272291
  0.6900  0.31430960
  0.6910  0.27882167
  0.6920  0.24748967
  0.6930  0.22201285
  0.6940  0.20448410
  0.6950  0.19689207
  0.6960  0.20019599
  0.6970  0.21370068
  0.6980  0.23546123
  0.6990  0.26324215
  0.7000  0.29515590
  0.7010  0.32981781
  0.7020  0.36626752
  0.7030  0.40384665
  0.7040  0.44209908
  0.7050  0.48070205
  0.7060  0.51942134
  0.7070  0.55808238
  0.7080  0.59655159
  0.7090  0.63472422
  0.7100  0.67251622
  0.7110  0.70985871
  0.7120  0.74669418
  0.7130  0.78297386
  0.7140  0.81865575
  0.7150  0.85370326
  0.7160  0.88808421
  0.7170  0.92177003
  0.7180  0.95473519
  0.7190  0.98695677
  0.7200  1.01841412
  0.7210  1.04908856
  0.7220  1.07896318
  0.7230  1.10802269
  0.7240  1.13625324
  0.7250  1.16364234
  0.7260  1.19017875
  0.7270  1.21585238
  0.7280  1.24065426
  0.7290  1.26457647
  0.7300  1.28761208
  0.7310  1.30975510
  0.7320  1.33100047
  0.7330  1.35134400
  0.7340  1.37078235
  0.7350  1.38931299
  0.7360  1.40693420
  0.7370  1.42364501
  0.7380  1.43944521
  0.7390  1.45433531
  0.7400  1.46831653
  0.7410  1.48139076
  0.7420  1.49356058
  0.7430  1.50482920
  0.7440  1.51520046
  0.7450  1.52467883
  0.7460  1.53326937
  0.7470  1.54097771
  0.7480  1.54781005
  0.7490  1.55377317
  0.7500  1.55887433
  0.7510  1.56312135
  0.7520  1.56652254
  0.7530  1.56908668
  0.7540  1.57082306
  0.7550  1.57174139
  0.7560  1.57185184
  0.7570  1.57116502
  0.7580  1.56969192
  0.7590  1.56744396
  0.7600  1.56443292
  0.7610  1.56067097
  0.7620  1.55617062
  0.7630  1.55094472
  0.7640  1.54500645
  0.7650  1.53836931
  0.7660  1.53104707
  0.7670  1.52305382
  0.7680  1.51440388
  0.7690  1.50511186
  0.7700  1.49519259
  0.7710  1.48466114
  0.7720  1.47353277
  0.7730  1.46182296
  0.7740  1.44954738
  0.7750  1.43672186
  0.7760  1.42336239
  0.7770  1.40948512
  0.7780  1.39510631
  0.7790  1.38024237
  0.7800  1.36490978
  0.7810  1.34912515
  0.7820  1.33290516
  0.7830  1.31626655
  0.7840  1.29922613
  0.7850  1.28180076
  0.7860  1.26400731
  0.7870  1.24586270
  0.7880  1.22738384
  0.7890  1.20858766
  0.7900  1.18949106
  0.7910  1.17011093
  0.7920  1.15046412
  0.7930  1.13056744
  0.7940  1.11043764
  0.7950  1.09009142
  0.7960  1.06954541
  0.7970  1.04881613
  0.7980  1.02792004
  0.7990  1.00687348
  0.8000  0.98569271
  0.8010  0.96439384
  0.8020  0.94299287
  0.8030  0.92150569
  0.8040  0.89994802
  0.8050  0.87833546
  0.8060  0.85668345
  0.8070  0.83500729
  0.8080  0.81332210
  0.8090  0.79164286
  0.8100  0.76998438
  0.8110  0.74836130
  0.8120  0.72678808
  0.8130  0.70527902
  0.8140  0.68384828
  0.8150  0.66250981
  0.8160  0.64127742
  0.8170  0.62016478
  0.8180  0.59918538
  0.8190  0.57835260
  0.8200  0.55767969
  0.8210  0.53717979
  0.8220  0.51686595
  0.8230  0.49675117
  0.8240  0.47684841
  0.8250  0.45717064
  0.8260  0.43773090
  0.8270  0.41854233
  0.8280  0.39961825
  0.8290  0.38097226
  0.8300  0.36261834
  0.8310  0.34457097
  0.8320  0.32684531
  0.8330  0.30945738
  0.8340  0.29242436
  0.8350  0.27576484
  0.8360  0.25949927
  0.8370  0.24365047
  0.8380  0.22824422
  0.8390  0.21331013
  0.8400  0.19888259
  0.8410  0.18500209
  0.8420  0.17171675
  0.8430  0.15908416
  0.8440  0.14717353
  0.8450  0.13606776
  0.8460  0.12586520
  0.8470  0.11668003
  0.8480  0.10863987
  0.8490  0.10187845
  0.8500  0.09652172
  0.8510  0.09266714
  0.8520  0.09035999
  0.8530  0.08957488
  0.8540  0.09021120
  0.8550  0.09210584
  0.8560  0.09505792
  0.8570  0.09885578
  0.8580  0.10329807
  0.8590  0.10820603
  0.8600  0.11342813
  0.8610  0.11883969
  0.8620  0.12433996
  0.8630  0.12984841
  0.8640  0.13530098
  0.8650  0.14064684
  0.8660  0.14584567
  0.8670  0.15086553
  0.8680  0.15568105
  0.8690  0.16027221
  0.8700  0.16462317
  0.8710  0.16872157
  0.8720  0.17255781
  0.8730  0.17612461
  0.8740  0.17941655
  0.8750  0.18242985
  0.8760  0.18516204
  0.8770  0.18761179
  0.8780  0.18977876
  0.8790  0.19166348
  0.8800  0.19326718
  0.8810  0.19459178
  0.8820  0.19563977
  0.8830  0.19641419
  0.8840  0.19691852
  0.8850  0.19715670
  0.8860  0.19713307
  0.8870  0.19685234
  0.8880  0.19631957
  0.8890  0.19554017
  0.8900  0.19451987
  0.8910  0.19326469
  0.8920  0.19178098
  0.8930  0.19007539
  0.8940  0.18815488
  0.8950  0.18602672
  0.8960  0.18369849
  0.8970  0.18117814
  0.8980  0.17847393
  0.8990  0.17559452
  0.9000  0.17254900
  0.9010  0.16934687
  0.9020  0.16599813
  0.9030  0.16251334
  0.9040  0.15890367
  0.9050  0.15518095
  0.9060  0.15135781
  0.9070  0.14744775
  0.9080  0.14346530
  0.9090  0.13942612
  0.9100  0.13534720
  0.9110  0.13124704
  0.9120  0.12714586
  0.9130  0.12306585
  0.9140  0.11903139
  0.9150  0.11506934
  0.9160  0.11120924
  0.9170  0.10748357
  0.9180  0.10392778
  0.9190  0.10058035
  0.9200  0.09748246
  0.9210  0.09467748
  0.9220  0.09221001
  0.9230  0.09012449
  0.9240  0.08846334
  0.9250  0.08726473
  0.9260  0.08656026
  0.9270  0.08637275
  0.9280  0.08671455
  0.9290  0.08758670
  0.9300  0.08897915
  0.9310  0.09087183
  0.9320  0.09323655
  0.9330  0.09603920
  0.9340  0.09924208
  0.9350  0.10280593
  0.9360  0.10669158
  0.9370  0.11086122
  0.9380  0.11527916
  0.9390  0.11991232
  0.9400  0.12473040
  0.9410  0.12970593
  0.9420  0.13481411
  0.9430  0.14003265
  0.9440  0.14534158
  0.9450  0.15072297
  0.9460  0.15616074
  0.9470  0.16164048
  0.9480  0.16714920
  0.9490  0.17267519
  0.9500  0.17820790
  0.9510  0.18373774
  0.9520  0.18925604
  0.9530  0.19475489
  0.9540  0.20022710
  0.9550  0.20566608
  0.9560  0.21106582
  0.9570  0.21642080
  0.9580  0.22172597
  0.9590  0.22697668
  0.9600  0.23216867
  0.9610  0.23729802
  0.9620  0.24236111
  0.9630  0.24735463
  0.9640  0.25227554
  0.9650  0.25712104
  0.9660  0.26188858
  0.9670  0.26657581
  0.9680  0.27118060
  0.9690  0.27570100
  0.9700  0.28013523
  0.9710  0.28448171
  0.9720  0.28873899
  0.9730  0.29290578
  0.9740  0.29698095
  0.9750  0.30096347
  0.9760  0.30485247
  0.9770  0.30864718
  0.9780  0.31234694
  0.9790  0.31595122
  0.9800  0.31945955
  0.9810  0.32287161
  0.9820  0.32618711
  0.9830  0.32940589
  0.9840  0.33252785
  0.9850  0.33555294
  0.9860  0.33848123
  0.9870  0.34131279
  0.9880  0.34404780
  0.9890  0.34668647
  0.9900  0.34922904
  0.9910  0.35167584
  0.9920  0.35402719
  0.9930  0.35628347
  0.9940  0.35844509
  0.9950  0.36051248
  0.9960  0.36248610
  0.9970  0.36436641
  0.9980  0.36615390
  0.9990  0.36784906
