  0.0000  59.34530386
  0.0010  59.31699072
  0.0020  59.23206343
  0.0030  59.09055841
  0.0040  58.89253630
  0.0050  58.63808198
  0.0060  58.32730451
  0.0070  57.96033709
  0.0080  57.53733697
  0.0090  57.05848543
  0.0100  56.52398766
  0.0110  55.93407265
  0.0120  55.28899313
  0.0130  54.58902545
  0.0140  53.83446939
  0.0150  53.02564810
  0.0160  52.16290793
  0.0170  51.24661824
  0.0180  50.27717127
  0.0190  49.25498193
  0.0200  48.18048765
  0.0210  47.05414813
  0.0220  45.87644517
  0.0230  44.64788245
  0.0240  43.36898527
  0.0250  42.04030034
  0.0260  40.66239554
  0.0270  39.23585961
  0.0280  37.76130195
  0.0290  36.23935234
  0.0300  34.67066059
  0.0310  33.05589635
  0.0320  31.39574876
  0.0330  29.69092614
  0.0340  27.94215577
  0.0350  26.15018351
  0.0360  24.31577359
  0.0370  22.43970830
  0.0380  20.52278782
  0.0390  18.56583011
  0.0400  16.56967096
  0.0410  14.53516447
  0.0420  12.46318441
  0.0430  10.35462778
  0.0440  8.21042478
  0.0450  6.03157195
  0.0460  3.81928407
  0.0470  1.57646358
  0.0480  0.71936542
  0.0490  3.01914264
  0.0500  5.35704433
  0.0510  7.72477341
  0.0520  10.12079774
  0.0530  12.54397335
  0.0540  14.99322836
  0.0550  17.46750673
  0.0560  19.96575288
  0.0570  22.48690661
  0.0580  25.02990119
  0.0590  27.59366273
  0.0600  30.17711013
  0.0610  32.77915519
  0.0620  35.39870295
  0.0630  38.03465208
  0.0640  40.68589525
  0.0650  43.35131961
  0.0660  46.02980724
  0.0670  48.72023562
  0.0680  51.42147810
  0.0690  54.13240441
  0.0700  56.85188111
  0.0710  59.57877213
  0.0720  62.31193922
  0.0730  65.05024243
  0.0740  67.79254069
  0.0750  70.53769220
  0.0760  73.28455498
  0.0770  76.03198736
  0.0780  78.77884848
  0.0790  81.52399875
  0.0800  84.26630037
  0.0810  87.00461781
  0.0820  89.73781829
  0.0830  92.46477230
  0.0840  95.18435403
  0.0850  97.89544188
  0.0860  100.59691895
  0.0870  103.28767350
  0.0880  105.96659940
  0.0890  108.63259665
  0.0900  111.28457181
  0.0910  113.92143845
  0.0920  116.54211764
  0.0930  119.14553838
  0.0940  121.73063806
  0.0950  124.29636290
  0.0960  126.84166838
  0.0970  129.36551969
  0.0980  131.86689215
  0.0990  134.34477162
  0.1000  136.79815495
  0.1010  139.22605036
  0.1020  141.62747786
  0.1030  144.00146966
  0.1040  146.34707053
  0.1050  148.66333823
  0.1060  150.94934386
  0.1070  153.20417224
  0.1080  155.42692229
  0.1090  157.61670737
  0.1100  159.77265564
  0.1110  161.89391042
  0.1120  163.97963050
  0.1130  166.02899048
  0.1140  168.04118113
  0.1150  170.01540963
  0.1160  171.95089994
  0.1170  173.84689307
  0.1180  175.70264736
  0.1190  177.51743881
  0.1200  179.29056129
  0.1210  181.02132685
  0.1220  182.70906594
  0.1230  184.35312770
  0.1240  185.95288017
  0.1250  187.50771052
  0.1260  189.01702526
  0.1270  190.48025050
  0.1280  191.89683209
  0.1290  193.26623585
  0.1300  194.58794776
  0.1310  195.86147409
  0.1320  197.08634161
  0.1330  198.26209774
  0.1340  199.38831067
  0.1350  200.46456952
  0.1360  201.49048446
  0.1370  202.46568682
  0.1380  203.38982921
  0.1390  204.26258562
  0.1400  205.08365150
  0.1410  205.85274383
  0.1420  206.56960121
  0.1430  207.23398390
  0.1440  207.84567391
  0.1450  208.40447498
  0.1460  208.91021265
  0.1470  209.36273427
  0.1480  209.76190905
  0.1490  210.10762797
  0.1500  210.39980387
  0.1510  210.63837139
  0.1520  210.82328692
  0.1530  210.95452863
  0.1540  211.03209636
  0.1550  211.05601159
  0.1560  211.02631740
  0.1570  210.94307834
  0.1580  210.80638042
  0.1590  210.61633096
  0.1600  210.37305850
  0.1610  210.07671274
  0.1620  209.72746435
  0.1630  209.32550489
  0.1640  208.87104665
  0.1650  208.36432254
  0.1660  207.80558589
  0.1670  207.19511033
  0.1680  206.53318959
  0.1690  205.82013735
  0.1700  205.05628703
  0.1710  204.24199160
  0.1720  203.37762341
  0.1730  202.46357392
  0.1740  201.50025354
  0.1750  200.48809138
  0.1760  199.42753500
  0.1770  198.31905022
  0.1780  197.16312081
  0.1790  195.96024829
  0.1800  194.71095165
  0.1810  193.41576707
  0.1820  192.07524764
  0.1830  190.68996314
  0.1840  189.26049965
  0.1850  187.78745936
  0.1860  186.27146020
  0.1870  184.71313557
  0.1880  183.11313401
  0.1890  181.47211889
  0.1900  179.79076809
  0.1910  178.06977367
  0.1920  176.30984154
  0.1930  174.51169111
  0.1940  172.67605498
  0.1950  170.80367856
  0.1960  168.89531970
  0.1970  166.95174841
  0.1980  164.97374641
  0.1990  162.96210685
  0.2000  160.91763387
  0.2010  158.84114227
  0.2020  156.73345713
  0.2030  154.59541341
  0.2040  152.42785562
  0.2050  150.23163736
  0.2060  148.00762102
  0.2070  145.75667732
  0.2080  143.47968494
  0.2090  141.17753017
  0.2100  138.85110644
  0.2110  136.50131399
  0.2120  134.12905943
  0.2130  131.73525535
  0.2140  129.32081993
  0.2150  126.88667655
  0.2160  124.43375336
  0.2170  121.96298287
  0.2180  119.47530160
  0.2190  116.97164964
  0.2200  114.45297023
  0.2210  111.92020942
  0.2220  109.37431562
  0.2230  106.81623921
  0.2240  104.24693217
  0.2250  101.66734765
  0.2260  99.07843961
  0.2270  96.48116242
  0.2280  93.87647046
  0.2290  91.26531778
  0.2300  88.64865768
  0.2310  86.02744236
  0.2320  83.40262258
  0.2330  80.77514728
  0.2340  78.14596325
  0.2350  75.51601478
  0.2360  72.88624339
  0.2370  70.25758748
  0.2380  67.63098209
  0.2390  65.00735864
  0.2400  62.38764471
  0.2410  59.77276387
  0.2420  57.16363560
  0.2430  54.56117517
  0.2440  51.96629375
  0.2450  49.37989859
  0.2460  46.80289331
  0.2470  44.23617850
  0.2480  41.68065265
  0.2490  39.13721345
  0.2500  36.60675986
  0.2510  34.09019511
  0.2520  31.58843123
  0.2530  29.10239595
  0.2540  26.63304339
  0.2550  24.18137116
  0.2560  21.74844860
  0.2570  19.33546544
  0.2580  16.94382028
  0.2590  14.57529225
  0.2600  12.23240331
  0.2610  9.91927097
  0.2620  7.64393860
  0.2630  5.42627372
  0.2640  3.33540397
  0.2650  1.77502873
  0.2660  2.27869986
  0.2670  4.11247898
  0.2680  6.16160986
  0.2690  8.24615051
  0.2700  10.32736486
  0.2710  12.39223148
  0.2720  14.43496738
  0.2730  16.45245100
  0.2740  18.44272786
  0.2750  20.40442475
  0.2760  22.33648801
  0.2770  24.23805469
  0.2780  26.10838412
  0.2790  27.94681923
  0.2800  29.75276368
  0.2810  31.52566767
  0.2820  33.26501886
  0.2830  34.97033648
  0.2840  36.64116722
  0.2850  38.27708249
  0.2860  39.87767649
  0.2870  41.44256475
  0.2880  42.97138316
  0.2890  44.46378724
  0.2900  45.91945153
  0.2910  47.33806924
  0.2920  48.71935186
  0.2930  50.06302899
  0.2940  51.36884807
  0.2950  52.63657429
  0.2960  53.86599039
  0.2970  55.05689665
  0.2980  56.20911067
  0.2990  57.32246742
  0.3000  58.39681905
  0.3010  59.43203487
  0.3020  60.42800128
  0.3030  61.38462166
  0.3040  62.30181633
  0.3050  63.17952247
  0.3060  64.01769401
  0.3070  64.81630156
  0.3080  65.57533233
  0.3090  66.29479005
  0.3100  66.97469480
  0.3110  67.61508300
  0.3120  68.21600722
  0.3130  68.77753613
  0.3140  69.29975432
  0.3150  69.78276219
  0.3160  70.22667585
  0.3170  70.63162694
  0.3180  70.99776249
  0.3190  71.32524478
  0.3200  71.61425119
  0.3210  71.86497401
  0.3220  72.07762030
  0.3230  72.25241168
  0.3240  72.38958419
  0.3250  72.48938808
  0.3260  72.55208761
  0.3270  72.57796089
  0.3280  72.56729964
  0.3290  72.52040899
  0.3300  72.43760730
  0.3310  72.31922588
  0.3320  72.16560884
  0.3330  71.97711282
  0.3340  71.75410675
  0.3350  71.49697167
  0.3360  71.20610042
  0.3370  70.88189744
  0.3380  70.52477852
  0.3390  70.13517053
  0.3400  69.71351118
  0.3410  69.26024875
  0.3420  68.77584185
  0.3430  68.26075914
  0.3440  67.71547903
  0.3450  67.14048949
  0.3460  66.53628769
  0.3470  65.90337979
  0.3480  65.24228061
  0.3490  64.55351340
  0.3500  63.83760951
  0.3510  63.09510817
  0.3520  62.32655612
  0.3530  61.53250742
  0.3540  60.71352308
  0.3550  59.87017083
  0.3560  59.00302483
  0.3570  58.11266535
  0.3580  57.19967851
  0.3590  56.26465600
  0.3600  55.30819480
  0.3610  54.33089688
  0.3620  53.33336894
  0.3630  52.31622214
  0.3640  51.28007182
  0.3650  50.22553725
  0.3660  49.15324137
  0.3670  48.06381054
  0.3680  46.95787429
  0.3690  45.83606512
  0.3700  44.69901827
  0.3710  43.54737152
  0.3720  42.38176504
  0.3730  41.20284120
  0.3740  40.01124448
  0.3750  38.80762136
  0.3760  37.59262030
  0.3770  36.36689176
  0.3780  35.13108825
  0.3790  33.88586457
  0.3800  32.63187803
  0.3810  31.36978891
  0.3820  30.10026111
  0.3830  28.82396298
  0.3840  27.54156851
  0.3850  26.25375900
  0.3860  24.96122528
  0.3870  23.66467074
  0.3880  22.36481557
  0.3890  21.06240264
  0.3900  19.75820572
  0.3910  18.45304140
  0.3920  17.14778630
  0.3930  15.84340290
  0.3940  14.54097901
  0.3950  13.24179001
  0.3960  11.94740067
  0.3970  10.65983857
  0.3980  9.38190450
  0.3990  8.11776139
  0.4000  6.87413265
  0.4010  5.66295137
  0.4020  4.50779411
  0.4030  3.46090464
  0.4040  2.64709166
  0.4050  2.31682741
  0.4060  2.64844119
  0.4070  3.44910320
  0.4080  4.46750505
  0.4090  5.58042133
  0.4100  6.73641494
  0.4110  7.91228659
  0.4120  9.09632047
  0.4130  10.28195419
  0.4140  11.46516920
  0.4150  12.64330863
  0.4160  13.81449555
  0.4170  14.97732596
  0.4180  16.13069704
  0.4190  17.27370622
  0.4200  18.40558933
  0.4210  19.52568130
  0.4220  20.63339048
  0.4230  21.72818127
  0.4240  22.80956225
  0.4250  23.87707773
  0.4260  24.93030180
  0.4270  25.96883392
  0.4280  26.99229570
  0.4290  28.00032844
  0.4300  28.99259134
  0.4310  29.96876004
  0.4320  30.92852557
  0.4330  31.87159346
  0.4340  32.79768307
  0.4350  33.70652706
  0.4360  34.59787095
  0.4370  35.47147273
  0.4380  36.32710263
  0.4390  37.16454282
  0.4400  37.98358722
  0.4410  38.78404134
  0.4420  39.56572210
  0.4430  40.32845770
  0.4440  41.07208752
  0.4450  41.79646197
  0.4460  42.50144243
  0.4470  43.18690110
  0.4480  43.85272098
  0.4490  44.49879568
  0.4500  45.12502942
  0.4510  45.73133691
  0.4520  46.31764324
  0.4530  46.88388382
  0.4540  47.43000426
  0.4550  47.95596033
  0.4560  48.46171780
  0.4570  48.94725239
  0.4580  49.41254967
  0.4590  49.85760492
  0.4600  50.28242308
  0.4610  50.68701859
  0.4620  51.07141535
  0.4630  51.43564651
  0.4640  51.77975446
  0.4650  52.10379065
  0.4660  52.40781546
  0.4670  52.69189813
  0.4680  52.95611659
  0.4690  53.20055735
  0.4700  53.42531534
  0.4710  53.63049383
  0.4720  53.81620423
  0.4730  53.98256600
  0.4740  54.12970648
  0.4750  54.25776074
  0.4760  54.36687148
  0.4770  54.45718879
  0.4780  54.52887011
  0.4790  54.58207999
  0.4800  54.61698995
  0.4810  54.63377836
  0.4820  54.63263026
  0.4830  54.61373716
  0.4840  54.57729694
  0.4850  54.52351365
  0.4860  54.45259734
  0.4870  54.36476390
  0.4880  54.26023491
  0.4890  54.13923743
  0.4900  54.00200387
  0.4910  53.84877179
  0.4920  53.67978373
  0.4930  53.49528705
  0.4940  53.29553374
  0.4950  53.08078026
  0.4960  52.85128734
  0.4970  52.60731985
  0.4980  52.34914656
  0.4990  52.07704001
  0.5000  51.79127632
  0.5010  51.49213503
  0.5020  51.17989887
  0.5030  50.85485365
  0.5040  50.51728804
  0.5050  50.16749342
  0.5060  49.80576369
  0.5070  49.43239508
  0.5080  49.04768601
  0.5090  48.65193691
  0.5100  48.24545002
  0.5110  47.82852924
  0.5120  47.40147996
  0.5130  46.96460888
  0.5140  46.51822386
  0.5150  46.06263372
  0.5160  45.59814811
  0.5170  45.12507734
  0.5180  44.64373216
  0.5190  44.15442371
  0.5200  43.65746323
  0.5210  43.15316202
  0.5220  42.64183120
  0.5230  42.12378159
  0.5240  41.59932356
  0.5250  41.06876687
  0.5260  40.53242051
  0.5270  39.99059259
  0.5280  39.44359014
  0.5290  38.89171904
  0.5300  38.33528380
  0.5310  37.77458748
  0.5320  37.20993154
  0.5330  36.64161569
  0.5340  36.06993779
  0.5350  35.49519367
  0.5360  34.91767708
  0.5370  34.33767950
  0.5380  33.75549005
  0.5390  33.17139538
  0.5400  32.58567952
  0.5410  31.99862382
  0.5420  31.41050680
  0.5430  30.82160404
  0.5440  30.23218813
  0.5450  29.64252849
  0.5460  29.05289135
  0.5470  28.46353961
  0.5480  27.87473276
  0.5490  27.28672678
  0.5500  26.69977410
  0.5510  26.11412346
  0.5520  25.53001986
  0.5530  24.94770450
  0.5540  24.36741468
  0.5550  23.78938374
  0.5560  23.21384101
  0.5570  22.64101174
  0.5580  22.07111703
  0.5590  21.50437380
  0.5600  20.94099473
  0.5610  20.38118821
  0.5620  19.82515830
  0.5630  19.27310471
  0.5640  18.72522274
  0.5650  18.18170328
  0.5660  17.64273277
  0.5670  17.10849318
  0.5680  16.57916202
  0.5690  16.05491233
  0.5700  15.53591266
  0.5710  15.02232711
  0.5720  14.51431533
  0.5730  14.01203254
  0.5740  13.51562960
  0.5750  13.02525302
  0.5760  12.54104507
  0.5770  12.06314381
  0.5780  11.59168323
  0.5790  11.12679333
  0.5800  10.66860030
  0.5810  10.21722671
  0.5820  9.77279165
  0.5830  9.33541109
  0.5840  8.90519812
  0.5850  8.48226340
  0.5860  8.06671560
  0.5870  7.65866200
  0.5880  7.25820925
  0.5890  6.86546429
  0.5900  6.48053550
  0.5910  6.10353425
  0.5920  5.73457678
  0.5930  5.37378675
  0.5940  5.02129858
  0.5950  4.67726185
  0.5960  4.34184738
  0.5970  4.01525542
  0.5980  3.69772725
  0.5990  3.38956150
  0.6000  3.09113779
  0.6010  2.80295141
  0.6020  2.52566530
  0.6030  2.26018909
  0.6040  2.00780095
  0.6050  1.77033651
  0.6060  1.55047723
  0.6070  1.35216628
  0.6080  1.18111240
  0.6090  1.04508787
  0.6100  0.95316068
  0.6110  0.91267326
  0.6120  0.92467428
  0.6130  0.98210378
  0.6140  1.07320744
  0.6150  1.18636955
  0.6160  1.31253988
  0.6170  1.44540756
  0.6180  1.58075581
  0.6190  1.71578926
  0.6200  1.84864011
  0.6210  1.97804332
  0.6220  2.10313009
  0.6230  2.22329708
  0.6240  2.33812262
  0.6250  2.44731215
  0.6260  2.55066195
  0.6270  2.64803461
  0.6280  2.73934209
  0.6290  2.82453379
  0.6300  2.90358803
  0.6310  2.97650584
  0.6320  3.04330635
  0.6330  3.10402335
  0.6340  3.15870271
  0.6350  3.20740029
  0.6360  3.25018044
  0.6370  3.28711469
  0.6380  3.31828077
  0.6390  3.34376182
  0.6400  3.36364573
  0.6410  3.37802454
  0.6420  3.38699406
  0.6430  3.39065344
  0.6440  3.38910483
  0.6450  3.38245313
  0.6460  3.37080574
  0.6470  3.35427232
  0.6480  3.33296463
  0.6490  3.30699638
  0.6500  3.27648303
  0.6510  3.24154174
  0.6520  3.20229120
  0.6530  3.15885158
  0.6540  3.11134443
  0.6550  3.05989263
  0.6560  3.00462034
  0.6570  2.94565299
  0.6580  2.88311729
  0.6590  2.81714121
  0.6600  2.74785408
  0.6610  2.67538668
  0.6620  2.59987136
  0.6630  2.52144224
  0.6640  2.44023550
  0.6650  2.35638975
  0.6660  2.27004650
  0.6670  2.18135082
  0.6680  2.09045227
  0.6690  1.99750604
  0.6700  1.90267458
  0.6710  1.80612976
  0.6720  1.70805597
  0.6730  1.60865427
  0.6740  1.50814846
  0.6750  1.40679373
  0.6760  1.30488945
  0.6770  1.20279825
  0.6780  1.10097541
  0.6790  1.00001473
  0.6800  0.90072171
  0.6810  0.80423201
  0.6820  0.71220266
  0.6830  0.62711003
  0.6840  0.55265819
  0.6850  0.49413155
  0.6860  0.45805618
  0.6870  0.45014071
  0.6880  0.47196527
  0.6890  0.51985250
  0.6900  0.58743324
  0.6910  0.66866962
  0.6920  0.75904946
  0.6930  0.85550479
  0.6940  0.95599794
  0.6950  1.05916100
  0.6960  1.16405134
  0.6970  1.26999804
  0.6980  1.37650701
  0.6990  1.48320197
  0.7000  1.58978716
  0.7010  1.69602322
  0.7020  1.80171129
  0.7030  1.90668231
  0.7040  2.01078965
  0.7050  2.11390394
  0.7060  2.21590941
  0.7070  2.31670121
  0.7080  2.41618346
  0.7090  2.51426779
  0.7100  2.61087226
  0.7110  2.70592048
  0.7120  2.79934100
  0.7130  2.89106680
  0.7140  2.98103485
  0.7150  3.06918585
  0.7160  3.15546395
  0.7170  3.23981654
  0.7180  3.32219409
  0.7190  3.40255001
  0.7200  3.48084052
  0.7210  3.55702458
  0.7220  3.63106378
  0.7230  3.70292228
  0.7240  3.77256675
  0.7250  3.83996630
  0.7260  3.90509247
  0.7270  3.96791911
  0.7280  4.02842241
  0.7290  4.08658085
  0.7300  4.14237512
  0.7310  4.19578813
  0.7320  4.24680497
  0.7330  4.29541283
  0.7340  4.34160107
  0.7350  4.38536107
  0.7360  4.42668629
  0.7370  4.46557220
  0.7380  4.50201624
  0.7390  4.53601782
  0.7400  4.56757827
  0.7410  4.59670081
  0.7420  4.62339052
  0.7430  4.64765430
  0.7440  4.66950087
  0.7450  4.68894069
  0.7460  4.70598597
  0.7470  4.72065059
  0.7480  4.73295012
  0.7490  4.74290176
  0.7500  4.75052427
  0.7510  4.75583801
  0.7520  4.75886483
  0.7530  4.75962808
  0.7540  4.75815256
  0.7550  4.75446449
  0.7560  4.74859145
  0.7570  4.74056237
  0.7580  4.73040747
  0.7590  4.71815824
  0.7600  4.70384738
  0.7610  4.68750881
  0.7620  4.66917755
  0.7630  4.64888975
  0.7640  4.62668262
  0.7650  4.60259441
  0.7660  4.57666435
  0.7670  4.54893261
  0.7680  4.51944028
  0.7690  4.48822931
  0.7700  4.45534248
  0.7710  4.42082338
  0.7720  4.38471631
  0.7730  4.34706632
  0.7740  4.30791910
  0.7750  4.26732099
  0.7760  4.22531892
  0.7770  4.18196036
  0.7780  4.13729330
  0.7790  4.09136622
  0.7800  4.04422802
  0.7810  3.99592801
  0.7820  3.94651585
  0.7830  3.89604155
  0.7840  3.84455537
  0.7850  3.79210787
  0.7860  3.73874978
  0.7870  3.68453204
  0.7880  3.62950572
  0.7890  3.57372203
  0.7900  3.51723222
  0.7910  3.46008761
  0.7920  3.40233952
  0.7930  3.34403927
  0.7940  3.28523812
  0.7950  3.22598724
  0.7960  3.16633769
  0.7970  3.10634043
  0.7980  3.04604620
  0.7990  2.98550558
  0.8000  2.92476892
  0.8010  2.86388635
  0.8020  2.80290769
  0.8030  2.74188249
  0.8040  2.68086000
  0.8050  2.61988911
  0.8060  2.55901838
  0.8070  2.49829596
  0.8080  2.43776965
  0.8090  2.37748680
  0.8100  2.31749436
  0.8110  2.25783883
  0.8120  2.19856626
  0.8130  2.13972221
  0.8140  2.08135177
  0.8150  2.02349955
  0.8160  1.96620963
  0.8170  1.90952557
  0.8180  1.85349042
  0.8190  1.79814666
  0.8200  1.74353622
  0.8210  1.68970046
  0.8220  1.63668015
  0.8230  1.58451543
  0.8240  1.53324583
  0.8250  1.48291018
  0.8260  1.43354663
  0.8270  1.38519256
  0.8280  1.33788455
  0.8290  1.29165832
  0.8300  1.24654861
  0.8310  1.20258910
  0.8320  1.15981231
  0.8330  1.11824940
  0.8340  1.07793007
  0.8350  1.03888229
  0.8360  1.00113206
  0.8370  0.96470321
  0.8380  0.92961700
  0.8390  0.89589179
  0.8400  0.86354267
  0.8410  0.83258099
  0.8420  0.80301393
  0.8430  0.77484398
  0.8440  0.74806848
  0.8450  0.72267915
  0.8460  0.69866157
  0.8470  0.67599486
  0.8480  0.65465131
  0.8490  0.63459622
  0.8500  0.61578779
  0.8510  0.59817722
  0.8520  0.58170896
  0.8530  0.56632118
  0.8540  0.55194635
  0.8550  0.53851206
  0.8560  0.52594194
  0.8570  0.51415670
  0.8580  0.50307525
  0.8590  0.49261591
  0.8600  0.48269754
  0.8610  0.47324070
  0.8620  0.46416874
  0.8630  0.45540882
  0.8640  0.44689283
  0.8650  0.43855823
  0.8660  0.43034879
  0.8670  0.42221530
  0.8680  0.41411620
  0.8690  0.40601814
  0.8700  0.39789660
  0.8710  0.38973649
  0.8720  0.38153278
  0.8730  0.37329119
  0.8740  0.36502903
  0.8750  0.35677602
  0.8760  0.34857529
  0.8770  0.34048441
  0.8780  0.33257641
  0.8790  0.32494078
  0.8800  0.31768417
  0.8810  0.31093067
  0.8820  0.30482138
  0.8830  0.29951278
  0.8840  0.29517378
  0.8850  0.29198082
  0.8860  0.29011127
  0.8870  0.28973511
  0.8880  0.29100569
  0.8890  0.29405071
  0.8900  0.29896480
  0.8910  0.30580479
  0.8920  0.31458860
  0.8930  0.32529764
  0.8940  0.33788194
  0.8950  0.35226702
  0.8960  0.36836123
  0.8970  0.38606261
  0.8980  0.40526458
  0.8990  0.42586041
  0.9000  0.44774629
  0.9010  0.47082331
  0.9020  0.49499854
  0.9030  0.52018545
  0.9040  0.54630398
  0.9050  0.57328016
  0.9060  0.60104577
  0.9070  0.62953780
  0.9080  0.65869789
  0.9090  0.68847191
  0.9100  0.71880938
  0.9110  0.74966312
  0.9120  0.78098883
  0.9130  0.81274473
  0.9140  0.84489131
  0.9150  0.87739105
  0.9160  0.91020817
  0.9170  0.94330849
  0.9180  0.97665923
  0.9190  1.01022890
  0.9200  1.04398716
  0.9210  1.07790470
  0.9220  1.11195323
  0.9230  1.14610530
  0.9240  1.18033433
  0.9250  1.21461450
  0.9260  1.24892074
  0.9270  1.28322867
  0.9280  1.31751456
  0.9290  1.35175535
  0.9300  1.38592856
  0.9310  1.42001232
  0.9320  1.45398532
  0.9330  1.48782683
  0.9340  1.52151666
  0.9350  1.55503515
  0.9360  1.58836316
  0.9370  1.62148209
  0.9380  1.65437382
  0.9390  1.68702077
  0.9400  1.71940582
  0.9410  1.75151236
  0.9420  1.78332425
  0.9430  1.81482584
  0.9440  1.84600194
  0.9450  1.87683785
  0.9460  1.90731931
  0.9470  1.93743252
  0.9480  1.96716412
  0.9490  1.99650123
  0.9500  2.02543136
  0.9510  2.05394248
  0.9520  2.08202299
  0.9530  2.10966170
  0.9540  2.13684781
  0.9550  2.16357097
  0.9560  2.18982119
  0.9570  2.21558888
  0.9580  2.24086484
  0.9590  2.26564024
  0.9600  2.28990662
  0.9610  2.31365586
  0.9620  2.33688021
  0.9630  2.35957226
  0.9640  2.38172491
  0.9650  2.40333142
  0.9660  2.42438533
  0.9670  2.44488051
  0.9680  2.46481112
  0.9690  2.48417160
  0.9700  2.50295668
  0.9710  2.52116137
  0.9720  2.53878091
  0.9730  2.55581084
  0.9740  2.57224690
  0.9750  2.58808510
  0.9760  2.60332166
  0.9770  2.61795304
  0.9780  2.63197590
  0.9790  2.64538711
  0.9800  2.65818374
  0.9810  2.67036306
  0.9820  2.68192250
  0.9830  2.69285970
  0.9840  2.70317247
  0.9850  2.71285877
  0.9860  2.72191674
  0.9870  2.73034468
  0.9880  2.73814103
  0.9890  2.74530439
  0.9900  2.75183351
  0.9910  2.75772728
  0.9920  2.76298474
  0.9930  2.76760504
  0.9940  2.77158751
  0.9950  2.77493159
  0.9960  2.77763685
  0.9970  2.77970302
  0.9980  2.78112993
  0.9990  2.78191757
