  0.0000  29.08735990
  0.0010  29.05169633
  0.0020  28.94472460
  0.0030  28.76650164
  0.0040  28.51712230
  0.0050  28.19671928
  0.0060  27.80546307
  0.0070  27.34356189
  0.0080  26.81126150
  0.0090  26.20884513
  0.0100  25.53663331
  0.0110  24.79498366
  0.0120  23.98429074
  0.0130  23.10498585
  0.0140  22.15753673
  0.0150  21.14244740
  0.0160  20.06025786
  0.0170  18.91154383
  0.0180  17.69691655
  0.0190  16.41702246
  0.0200  15.07254308
  0.0210  13.66419493
  0.0220  12.19272969
  0.0230  10.65893491
  0.0240  9.06363605
  0.0250  7.40770208
  0.0260  5.69206282
  0.0270  3.91777702
  0.0280  2.08647353
  0.0290  0.22467848
  0.0300  1.75582832
  0.0310  3.75454144
  0.0320  5.80851011
  0.0330  7.91559942
  0.0340  10.07450123
  0.0350  12.28401087
  0.0360  14.54293327
  0.0370  16.85006079
  0.0380  19.20416654
  0.0390  21.60400206
  0.0400  24.04829674
  0.0410  26.53575785
  0.0420  29.06507091
  0.0430  31.63490021
  0.0440  34.24388942
  0.0450  36.89066224
  0.0460  39.57382318
  0.0470  42.29195820
  0.0480  45.04363551
  0.0490  47.82740634
  0.0500  50.64180570
  0.0510  53.48535317
  0.0520  56.35655372
  0.0530  59.25389850
  0.0540  62.17586566
  0.0550  65.12092116
  0.0560  68.08751963
  0.0570  71.07410515
  0.0580  74.07911216
  0.0590  77.10096623
  0.0600  80.13808495
  0.0610  83.18887877
  0.0620  86.25175186
  0.0630  89.32510292
  0.0640  92.40732609
  0.0650  95.49681179
  0.0660  98.59194756
  0.0670  101.69111893
  0.0680  104.79271029
  0.0690  107.89510570
  0.0700  110.99668980
  0.0710  114.09584864
  0.0720  117.19097051
  0.0730  120.28044682
  0.0740  123.36267293
  0.0750  126.43604898
  0.0760  129.49898073
  0.0770  132.54988042
  0.0780  135.58716755
  0.0790  138.60926973
  0.0800  141.61462350
  0.0810  144.60167510
  0.0820  147.56888131
  0.0830  150.51471024
  0.0840  153.43764208
  0.0850  156.33616993
  0.0860  159.20880051
  0.0870  162.05405498
  0.0880  164.87046963
  0.0890  167.65659669
  0.0900  170.41100499
  0.0910  173.13228072
  0.0920  175.81902814
  0.0930  178.46987025
  0.0940  181.08344950
  0.0950  183.65842846
  0.0960  186.19349049
  0.0970  188.68734034
  0.0980  191.13870485
  0.0990  193.54633355
  0.1000  195.90899924
  0.1010  198.22549862
  0.1020  200.49465286
  0.1030  202.71530816
  0.1040  204.88633631
  0.1050  207.00663520
  0.1060  209.07512941
  0.1070  211.09077062
  0.1080  213.05253817
  0.1090  214.95943952
  0.1100  216.81051069
  0.1110  218.60481671
  0.1120  220.34145206
  0.1130  222.01954105
  0.1140  223.63823823
  0.1150  225.19672877
  0.1160  226.69422880
  0.1170  228.12998578
  0.1180  229.50327876
  0.1190  230.81341876
  0.1200  232.05974901
  0.1210  233.24164524
  0.1220  234.35851593
  0.1230  235.40980251
  0.1240  236.39497963
  0.1250  237.31355534
  0.1260  238.16507123
  0.1270  238.94910264
  0.1280  239.66525879
  0.1290  240.31318290
  0.1300  240.89255229
  0.1310  241.40307849
  0.1320  241.84450727
  0.1330  242.21661875
  0.1340  242.51922739
  0.1350  242.75218202
  0.1360  242.91536584
  0.1370  243.00869639
  0.1380  243.03212553
  0.1390  242.98563936
  0.1400  242.86925817
  0.1410  242.68303635
  0.1420  242.42706224
  0.1430  242.10145806
  0.1440  241.70637974
  0.1450  241.24201673
  0.1460  240.70859188
  0.1470  240.10636122
  0.1480  239.43561372
  0.1490  238.69667111
  0.1500  237.88988760
  0.1510  237.01564963
  0.1520  236.07437562
  0.1530  235.06651561
  0.1540  233.99255104
  0.1550  232.85299434
  0.1560  231.64838865
  0.1570  230.37930747
  0.1580  229.04635422
  0.1590  227.65016194
  0.1600  226.19139285
  0.1610  224.67073795
  0.1620  223.08891659
  0.1630  221.44667603
  0.1640  219.74479098
  0.1650  217.98406317
  0.1660  216.16532084
  0.1670  214.28941825
  0.1680  212.35723518
  0.1690  210.36967646
  0.1700  208.32767136
  0.1710  206.23217314
  0.1720  204.08415844
  0.1730  201.88462676
  0.1740  199.63459989
  0.1750  197.33512129
  0.1760  194.98725557
  0.1770  192.59208783
  0.1780  190.15072311
  0.1790  187.66428572
  0.1800  185.13391868
  0.1810  182.56078305
  0.1820  179.94605728
  0.1830  177.29093663
  0.1840  174.59663244
  0.1850  171.86437153
  0.1860  169.09539553
  0.1870  166.29096018
  0.1880  163.45233469
  0.1890  160.58080103
  0.1900  157.67765331
  0.1910  154.74419700
  0.1920  151.78174831
  0.1930  148.79163349
  0.1940  145.77518810
  0.1950  142.73375634
  0.1960  139.66869032
  0.1970  136.58134939
  0.1980  133.47309942
  0.1990  130.34531210
  0.2000  127.19936421
  0.2010  124.03663694
  0.2020  120.85851519
  0.2030  117.66638683
  0.2040  114.46164201
  0.2050  111.24567248
  0.2060  108.01987087
  0.2070  104.78562997
  0.2080  101.54434207
  0.2090  98.29739822
  0.2100  95.04618760
  0.2110  91.79209678
  0.2120  88.53650906
  0.2130  85.28080377
  0.2140  82.02635562
  0.2150  78.77453404
  0.2160  75.52670247
  0.2170  72.28421776
  0.2180  69.04842946
  0.2190  65.82067924
  0.2200  62.60230022
  0.2210  59.39461635
  0.2220  56.19894182
  0.2230  53.01658042
  0.2240  49.84882500
  0.2250  46.69695687
  0.2260  43.56224531
  0.2270  40.44594699
  0.2280  37.34930559
  0.2290  34.27355136
  0.2300  31.21990089
  0.2310  28.18955696
  0.2320  25.18370886
  0.2330  22.20353316
  0.2340  19.25019584
  0.2350  16.32485704
  0.2360  13.42868249
  0.2370  10.56287379
  0.2380  7.72876497
  0.2390  4.92824430
  0.2400  2.16737392
  0.2410  0.63948490
  0.2420  3.29424282
  0.2430  5.95340032
  0.2440  8.57818414
  0.2450  11.16561253
  0.2460  13.71429491
  0.2470  16.22317082
  0.2480  18.69129710
  0.2490  21.11779072
  0.2500  23.50180904
  0.2510  25.84254180
  0.2520  28.13920757
  0.2530  30.39105208
  0.2540  32.59734742
  0.2550  34.75739165
  0.2560  36.87050869
  0.2570  38.93604831
  0.2580  40.95338616
  0.2590  42.92192390
  0.2600  44.84108929
  0.2610  46.71033631
  0.2620  48.52914530
  0.2630  50.29702302
  0.2640  52.01350282
  0.2650  53.67814471
  0.2660  55.29053543
  0.2670  56.85028855
  0.2680  58.35704450
  0.2690  59.81047066
  0.2700  61.21026136
  0.2710  62.55613791
  0.2720  63.84784862
  0.2730  65.08516878
  0.2740  66.26790065
  0.2750  67.39587343
  0.2760  68.46894320
  0.2770  69.48699287
  0.2780  70.44993210
  0.2790  71.35769722
  0.2800  72.21025114
  0.2810  73.00758319
  0.2820  73.74970905
  0.2830  74.43667060
  0.2840  75.06853571
  0.2850  75.64539816
  0.2860  76.16737741
  0.2870  76.63461839
  0.2880  77.04729137
  0.2890  77.40559167
  0.2900  77.70973949
  0.2910  77.95997961
  0.2920  78.15658123
  0.2930  78.29983760
  0.2940  78.39006583
  0.2950  78.42760659
  0.2960  78.41282378
  0.2970  78.34610426
  0.2980  78.22785753
  0.2990  78.05851539
  0.3000  77.83853163
  0.3010  77.56838164
  0.3020  77.24856212
  0.3030  76.87959067
  0.3040  76.46200542
  0.3050  75.99636468
  0.3060  75.48324652
  0.3070  74.92324839
  0.3080  74.31698669
  0.3090  73.66509642
  0.3100  72.96823068
  0.3110  72.22706029
  0.3120  71.44227336
  0.3130  70.61457483
  0.3140  69.74468604
  0.3150  68.83334426
  0.3160  67.88130224
  0.3170  66.88932777
  0.3180  65.85820319
  0.3190  64.78872489
  0.3200  63.68170291
  0.3210  62.53796038
  0.3220  61.35833311
  0.3230  60.14366902
  0.3240  58.89482772
  0.3250  57.61267999
  0.3260  56.29810730
  0.3270  54.95200128
  0.3280  53.57526328
  0.3290  52.16880381
  0.3300  50.73354210
  0.3310  49.27040560
  0.3320  47.78032943
  0.3330  46.26425599
  0.3340  44.72313438
  0.3350  43.15792003
  0.3360  41.56957413
  0.3370  39.95906326
  0.3380  38.32735896
  0.3390  36.67543727
  0.3400  35.00427842
  0.3410  33.31486649
  0.3420  31.60818915
  0.3430  29.88523754
  0.3440  28.14700622
  0.3450  26.39449338
  0.3460  24.62870136
  0.3470  22.85063760
  0.3480  21.06131649
  0.3490  19.26176237
  0.3500  17.45301494
  0.3510  15.63613864
  0.3520  13.81224017
  0.3530  11.98250234
  0.3540  10.14825552
  0.3550  8.31114455
  0.3560  6.47358096
  0.3570  4.64026736
  0.3580  2.82561116
  0.3590  1.13296684
  0.3600  1.19877150
  0.3610  2.90462891
  0.3620  4.71823929
  0.3630  6.54804754
  0.3640  8.38057541
  0.3650  10.21135161
  0.3660  12.03808677
  0.3670  13.85923901
  0.3680  15.67358321
  0.3690  17.48005064
  0.3700  19.27765998
  0.3710  21.06548430
  0.3720  22.84263400
  0.3730  24.60824751
  0.3740  26.36148588
  0.3750  28.10152968
  0.3760  29.82757703
  0.3770  31.53884252
  0.3780  33.23455649
  0.3790  34.91396467
  0.3800  36.57632796
  0.3810  38.22092241
  0.3820  39.84703919
  0.3830  41.45398471
  0.3840  43.04108070
  0.3850  44.60766439
  0.3860  46.15308861
  0.3870  47.67672201
  0.3880  49.17794919
  0.3890  50.65617088
  0.3900  52.11080413
  0.3910  53.54128245
  0.3920  54.94705597
  0.3930  56.32759160
  0.3940  57.68237321
  0.3950  59.01090173
  0.3960  60.31269527
  0.3970  61.58728931
  0.3980  62.83423675
  0.3990  64.05310805
  0.4000  65.24349135
  0.4010  66.40499248
  0.4020  67.53723514
  0.4030  68.63986089
  0.4040  69.71252926
  0.4050  70.75491777
  0.4060  71.76672199
  0.4070  72.74765557
  0.4080  73.69745025
  0.4090  74.61585588
  0.4100  75.50264043
  0.4110  76.35758998
  0.4120  77.18050867
  0.4130  77.97121874
  0.4140  78.72956042
  0.4150  79.45539195
  0.4160  80.14858949
  0.4170  80.80904705
  0.4180  81.43667643
  0.4190  82.03140715
  0.4200  82.59318634
  0.4210  83.12197862
  0.4220  83.61776604
  0.4230  84.08054793
  0.4240  84.51034077
  0.4250  84.90717806
  0.4260  85.27111019
  0.4270  85.60220425
  0.4280  85.90054392
  0.4290  86.16622925
  0.4300  86.39937651
  0.4310  86.60011803
  0.4320  86.76860193
  0.4330  86.90499200
  0.4340  87.00946745
  0.4350  87.08222270
  0.4360  87.12346718
  0.4370  87.13342506
  0.4380  87.11233505
  0.4390  87.06045015
  0.4400  86.97803739
  0.4410  86.86537757
  0.4420  86.72276502
  0.4430  86.55050734
  0.4440  86.34892508
  0.4450  86.11835151
  0.4460  85.85913232
  0.4470  85.57162533
  0.4480  85.25620018
  0.4490  84.91323809
  0.4500  84.54313147
  0.4510  84.14628369
  0.4520  83.72310874
  0.4530  83.27403090
  0.4540  82.79948444
  0.4550  82.29991331
  0.4560  81.77577079
  0.4570  81.22751917
  0.4580  80.65562943
  0.4590  80.06058090
  0.4600  79.44286091
  0.4610  78.80296449
  0.4620  78.14139399
  0.4630  77.45865875
  0.4640  76.75527480
  0.4650  76.03176443
  0.4660  75.28865594
  0.4670  74.52648322
  0.4680  73.74578546
  0.4690  72.94710675
  0.4700  72.13099578
  0.4710  71.29800548
  0.4720  70.44869266
  0.4730  69.58361767
  0.4740  68.70334409
  0.4750  67.80843831
  0.4760  66.89946927
  0.4770  65.97700807
  0.4780  65.04162766
  0.4790  64.09390245
  0.4800  63.13440806
  0.4810  62.16372090
  0.4820  61.18241789
  0.4830  60.19107612
  0.4840  59.19027253
  0.4850  58.18058357
  0.4860  57.16258491
  0.4870  56.13685107
  0.4880  55.10395520
  0.4890  54.06446866
  0.4900  53.01896081
  0.4910  51.96799866
  0.4920  50.91214657
  0.4930  49.85196601
  0.4940  48.78801520
  0.4950  47.72084888
  0.4960  46.65101802
  0.4970  45.57906954
  0.4980  44.50554605
  0.4990  43.43098558
  0.5000  42.35592135
  0.5010  41.28088147
  0.5020  40.20638876
  0.5030  39.13296046
  0.5040  38.06110801
  0.5050  36.99133685
  0.5060  35.92414616
  0.5070  34.86002869
  0.5080  33.79947052
  0.5090  32.74295090
  0.5100  31.69094202
  0.5110  30.64390884
  0.5120  29.60230895
  0.5130  28.56659236
  0.5140  27.53720137
  0.5150  26.51457041
  0.5160  25.49912594
  0.5170  24.49128629
  0.5180  23.49146157
  0.5190  22.50005358
  0.5200  21.51745573
  0.5210  20.54405298
  0.5220  19.58022185
  0.5230  18.62633038
  0.5240  17.68273819
  0.5250  16.74979656
  0.5260  15.82784864
  0.5270  14.91722959
  0.5280  14.01826703
  0.5290  13.13128150
  0.5300  12.25658723
  0.5310  11.39449316
  0.5320  10.54530455
  0.5330  9.70932516
  0.5340  8.88686077
  0.5350  8.07822437
  0.5360  7.28374460
  0.5370  6.50377955
  0.5380  5.73874065
  0.5390  4.98913626
  0.5400  4.25565661
  0.5410  3.53935427
  0.5420  2.84207224
  0.5430  2.16762195
  0.5440  1.52577902
  0.5450  0.95052216
  0.5460  0.60296242
  0.5470  0.80465497
  0.5480  1.30204300
  0.5490  1.85692211
  0.5500  2.41828530
  0.5510  2.97294241
  0.5520  3.51617224
  0.5530  4.04587506
  0.5540  4.56096859
  0.5550  5.06083344
  0.5560  5.54508754
  0.5570  6.01348271
  0.5580  6.46585275
  0.5590  6.90208534
  0.5600  7.32210596
  0.5610  7.72586819
  0.5620  8.11334762
  0.5630  8.48453784
  0.5640  8.83944779
  0.5650  9.17809987
  0.5660  9.50052855
  0.5670  9.80677943
  0.5680  10.09690842
  0.5690  10.37098119
  0.5700  10.62907266
  0.5710  10.87126660
  0.5720  11.09765529
  0.5730  11.30833923
  0.5740  11.50342687
  0.5750  11.68303437
  0.5760  11.84728537
  0.5770  11.99631079
  0.5780  12.13024863
  0.5790  12.24924375
  0.5800  12.35344772
  0.5810  12.44301863
  0.5820  12.51812089
  0.5830  12.57892507
  0.5840  12.62560772
  0.5850  12.65835121
  0.5860  12.67734353
  0.5870  12.68277816
  0.5880  12.67485383
  0.5890  12.65377444
  0.5900  12.61974882
  0.5910  12.57299057
  0.5920  12.51371793
  0.5930  12.44215357
  0.5940  12.35852442
  0.5950  12.26306152
  0.5960  12.15599986
  0.5970  12.03757817
  0.5980  11.90803878
  0.5990  11.76762745
  0.6000  11.61659320
  0.6010  11.45518813
  0.6020  11.28366726
  0.6030  11.10228838
  0.6040  10.91131184
  0.6050  10.71100042
  0.6060  10.50161917
  0.6070  10.28343522
  0.6080  10.05671763
  0.6090  9.82173720
  0.6100  9.57876637
  0.6110  9.32807901
  0.6120  9.06995026
  0.6130  8.80465642
  0.6140  8.53247472
  0.6150  8.25368327
  0.6160  7.96856080
  0.6170  7.67738660
  0.6180  7.38044034
  0.6190  7.07800195
  0.6200  6.77035148
  0.6210  6.45776899
  0.6220  6.14053447
  0.6230  5.81892768
  0.6240  5.49322820
  0.6250  5.16371531
  0.6260  4.83066807
  0.6270  4.49436543
  0.6280  4.15508649
  0.6290  3.81311094
  0.6300  3.46871996
  0.6310  3.12219768
  0.6320  2.77383396
  0.6330  2.42392976
  0.6340  2.07280797
  0.6350  1.72083794
  0.6360  1.36849790
  0.6370  1.01656748
  0.6380  0.66692549
  0.6390  0.32839314
  0.6400  0.15088837
  0.6410  0.43481189
  0.6420  0.77815648
  0.6430  1.12707114
  0.6440  1.47675521
  0.6450  1.82589381
  0.6460  2.17387133
  0.6470  2.52028976
  0.6480  2.86483835
  0.6490  3.20724826
  0.6500  3.54727397
  0.6510  3.88468461
  0.6520  4.21925969
  0.6530  4.55078677
  0.6540  4.87906014
  0.6550  5.20388008
  0.6560  5.52505243
  0.6570  5.84238826
  0.6580  6.15570379
  0.6590  6.46482028
  0.6600  6.76956394
  0.6610  7.06976601
  0.6620  7.36526268
  0.6630  7.65589515
  0.6640  7.94150965
  0.6650  8.22195748
  0.6660  8.49709500
  0.6670  8.76678373
  0.6680  9.03089034
  0.6690  9.28928670
  0.6700  9.54184988
  0.6710  9.78846224
  0.6720  10.02901141
  0.6730  10.26339034
  0.6740  10.49149731
  0.6750  10.71323596
  0.6760  10.92851530
  0.6770  11.13724974
  0.6780  11.33935909
  0.6790  11.53476856
  0.6800  11.72340880
  0.6810  11.90521587
  0.6820  12.08013123
  0.6830  12.24810180
  0.6840  12.40907988
  0.6850  12.56302317
  0.6860  12.70989477
  0.6870  12.84966315
  0.6880  12.98230211
  0.6890  13.10779081
  0.6900  13.22611366
  0.6910  13.33726040
  0.6920  13.44122595
  0.6930  13.53801047
  0.6940  13.62761926
  0.6950  13.71006273
  0.6960  13.78535638
  0.6970  13.85352072
  0.6980  13.91458121
  0.6990  13.96856825
  0.7000  14.01551707
  0.7010  14.05546770
  0.7020  14.08846488
  0.7030  14.11455801
  0.7040  14.13380108
  0.7050  14.14625257
  0.7060  14.15197542
  0.7070  14.15103689
  0.7080  14.14350852
  0.7090  14.12946603
  0.7100  14.10898923
  0.7110  14.08216192
  0.7120  14.04907183
  0.7130  14.00981048
  0.7140  13.96447311
  0.7150  13.91315857
  0.7160  13.85596921
  0.7170  13.79301079
  0.7180  13.72439235
  0.7190  13.65022613
  0.7200  13.57062743
  0.7210  13.48571452
  0.7220  13.39560848
  0.7230  13.30043316
  0.7240  13.20031498
  0.7250  13.09538288
  0.7260  12.98576812
  0.7270  12.87160425
  0.7280  12.75302692
  0.7290  12.63017375
  0.7300  12.50318427
  0.7310  12.37219972
  0.7320  12.23736298
  0.7330  12.09881838
  0.7340  11.95671164
  0.7350  11.81118971
  0.7360  11.66240061
  0.7370  11.51049336
  0.7380  11.35561781
  0.7390  11.19792453
  0.7400  11.03756467
  0.7410  10.87468984
  0.7420  10.70945197
  0.7430  10.54200321
  0.7440  10.37249577
  0.7450  10.20108182
  0.7460  10.02791335
  0.7470  9.85314205
  0.7480  9.67691921
  0.7490  9.49939557
  0.7500  9.32072120
  0.7510  9.14104541
  0.7520  8.96051662
  0.7530  8.77928224
  0.7540  8.59748855
  0.7550  8.41528064
  0.7560  8.23280223
  0.7570  8.05019563
  0.7580  7.86760158
  0.7590  7.68515922
  0.7600  7.50300591
  0.7610  7.32127721
  0.7620  7.14010675
  0.7630  6.95962612
  0.7640  6.77996484
  0.7650  6.60125025
  0.7660  6.42360742
  0.7670  6.24715909
  0.7680  6.07202558
  0.7690  5.89832474
  0.7700  5.72617187
  0.7710  5.55567968
  0.7720  5.38695819
  0.7730  5.22011473
  0.7740  5.05525383
  0.7750  4.89247721
  0.7760  4.73188373
  0.7770  4.57356934
  0.7780  4.41762705
  0.7790  4.26414687
  0.7800  4.11321583
  0.7810  3.96491791
  0.7820  3.81933403
  0.7830  3.67654200
  0.7840  3.53661655
  0.7850  3.39962926
  0.7860  3.26564857
  0.7870  3.13473975
  0.7880  3.00696488
  0.7890  2.88238282
  0.7900  2.76104922
  0.7910  2.64301643
  0.7920  2.52833352
  0.7930  2.41704620
  0.7940  2.30919679
  0.7950  2.20482413
  0.7960  2.10396349
  0.7970  2.00664649
  0.7980  1.91290095
  0.7990  1.82275074
  0.8000  1.73621560
  0.8010  1.65331090
  0.8020  1.57404743
  0.8030  1.49843107
  0.8040  1.42646247
  0.8050  1.35813677
  0.8060  1.29344314
  0.8070  1.23236453
  0.8080  1.17487727
  0.8090  1.12095081
  0.8100  1.07054760
  0.8110  1.02362298
  0.8120  0.98012544
  0.8130  0.93999702
  0.8140  0.90317405
  0.8150  0.86958823
  0.8160  0.83916810
  0.8170  0.81184084
  0.8180  0.78753437
  0.8190  0.76617970
  0.8200  0.74771333
  0.8210  0.73207959
  0.8220  0.71923273
  0.8230  0.70913856
  0.8240  0.70177544
  0.8250  0.69713451
  0.8260  0.69521910
  0.8270  0.69604332
  0.8280  0.69962984
  0.8290  0.70600716
  0.8300  0.71520650
  0.8310  0.72725855
  0.8320  0.74219050
  0.8330  0.76002342
  0.8340  0.78077019
  0.8350  0.80443416
  0.8360  0.83100848
  0.8370  0.86047601
  0.8380  0.89280980
  0.8390  0.92797387
  0.8400  0.96592432
  0.8410  1.00661050
  0.8420  1.04997620
  0.8430  1.09596081
  0.8440  1.14450035
  0.8450  1.19552833
  0.8460  1.24897660
  0.8470  1.30477589
  0.8480  1.36285634
  0.8490  1.42314791
  0.8500  1.48558064
  0.8510  1.55008486
  0.8520  1.61659140
  0.8530  1.68503161
  0.8540  1.75533750
  0.8550  1.82744174
  0.8560  1.90127768
  0.8570  1.97677934
  0.8580  2.05388142
  0.8590  2.13251928
  0.8600  2.21262890
  0.8610  2.29414686
  0.8620  2.37701032
  0.8630  2.46115699
  0.8640  2.54652510
  0.8650  2.63305337
  0.8660  2.72068101
  0.8670  2.80934765
  0.8680  2.89899338
  0.8690  2.98955866
  0.8700  3.08098437
  0.8710  3.17321173
  0.8720  3.26618233
  0.8730  3.35983810
  0.8740  3.45412128
  0.8750  3.54897443
  0.8760  3.64434042
  0.8770  3.74016238
  0.8780  3.83638375
  0.8790  3.93294822
  0.8800  4.02979976
  0.8810  4.12688257
  0.8820  4.22414113
  0.8830  4.32152015
  0.8840  4.41896456
  0.8850  4.51641957
  0.8860  4.61383059
  0.8870  4.71114326
  0.8880  4.80830348
  0.8890  4.90525735
  0.8900  5.00195122
  0.8910  5.09833165
  0.8920  5.19434547
  0.8930  5.28993970
  0.8940  5.38506165
  0.8950  5.47965885
  0.8960  5.57367908
  0.8970  5.66707039
  0.8980  5.75978109
  0.8990  5.85175977
  0.9000  5.94295531
  0.9010  6.03331686
  0.9020  6.12279391
  0.9030  6.21133625
  0.9040  6.29889400
  0.9050  6.38541763
  0.9060  6.47085797
  0.9070  6.55516623
  0.9080  6.63829399
  0.9090  6.72019327
  0.9100  6.80081650
  0.9110  6.88011655
  0.9120  6.95804678
  0.9130  7.03456101
  0.9140  7.10961357
  0.9150  7.18315933
  0.9160  7.25515371
  0.9170  7.32555269
  0.9180  7.39431286
  0.9190  7.46139142
  0.9200  7.52674623
  0.9210  7.59033581
  0.9220  7.65211939
  0.9230  7.71205689
  0.9240  7.77010902
  0.9250  7.82623724
  0.9260  7.88040382
  0.9270  7.93257186
  0.9280  7.98270533
  0.9290  8.03076907
  0.9300  8.07672884
  0.9310  8.12055134
  0.9320  8.16220426
  0.9330  8.20165627
  0.9340  8.23887708
  0.9350  8.27383745
  0.9360  8.30650924
  0.9370  8.33686540
  0.9380  8.36488006
  0.9390  8.39052849
  0.9400  8.41378718
  0.9410  8.43463384
  0.9420  8.45304744
  0.9430  8.46900824
  0.9440  8.48249779
  0.9450  8.49349899
  0.9460  8.50199612
  0.9470  8.50797482
  0.9480  8.51142217
  0.9490  8.51232667
  0.9500  8.51067830
  0.9510  8.50646852
  0.9520  8.49969030
  0.9530  8.49033813
  0.9540  8.47840808
  0.9550  8.46389776
  0.9560  8.44680641
  0.9570  8.42713484
  0.9580  8.40488552
  0.9590  8.38006255
  0.9600  8.35267169
  0.9610  8.32272038
  0.9620  8.29021775
  0.9630  8.25517460
  0.9640  8.21760348
  0.9650  8.17751863
  0.9660  8.13493602
  0.9670  8.08987336
  0.9680  8.04235009
  0.9690  7.99238738
  0.9700  7.94000816
  0.9710  7.88523707
  0.9720  7.82810053
  0.9730  7.76862666
  0.9740  7.70684533
  0.9750  7.64278812
  0.9760  7.57648833
  0.9770  7.50798096
  0.9780  7.43730272
  0.9790  7.36449196
  0.9800  7.28958871
  0.9810  7.21263466
  0.9820  7.13367308
  0.9830  7.05274888
  0.9840  6.96990851
  0.9850  6.88520000
  0.9860  6.79867287
  0.9870  6.71037814
  0.9880  6.62036831
  0.9890  6.52869726
  0.9900  6.43542028
  0.9910  6.34059402
  0.9920  6.24427640
  0.9930  6.14652664
  0.9940  6.04740516
  0.9950  5.94697356
  0.9960  5.84529456
  0.9970  5.74243195
  0.9980  5.63845056
  0.9990  5.53341618
