  0.0000  86.47993074
  0.0010  86.44297220
  0.0020  86.33211583
  0.0030  86.14741938
  0.0040  85.88897906
  0.0050  85.55692950
  0.0060  85.15144368
  0.0070  84.67273281
  0.0080  84.12104625
  0.0090  83.49667133
  0.0100  82.79993326
  0.0110  82.03119490
  0.0120  81.19085660
  0.0130  80.27935598
  0.0140  79.29716769
  0.0150  78.24480318
  0.0160  77.12281042
  0.0170  75.93177365
  0.0180  74.67231305
  0.0190  73.34508447
  0.0200  71.95077908
  0.0210  70.49012309
  0.0220  68.96387737
  0.0230  67.37283715
  0.0240  65.71783167
  0.0250  63.99972390
  0.0260  62.21941019
  0.0270  60.37782001
  0.0280  58.47591572
  0.0290  56.51469239
  0.0300  54.49517772
  0.0310  52.41843205
  0.0320  50.28554858
  0.0330  48.09765379
  0.0340  45.85590828
  0.0350  43.56150803
  0.0360  41.21568647
  0.0370  38.81971763
  0.0380  36.37492108
  0.0390  33.88266945
  0.0400  31.34440051
  0.0410  28.76163656
  0.0420  26.13601684
  0.0430  23.46935404
  0.0440  20.76373778
  0.0450  18.02173759
  0.0460  15.24683595
  0.0470  12.44446318
  0.0480  9.62488662
  0.0490  6.81335075
  0.0500  4.10151609
  0.0510  2.10245942
  0.0520  3.12503879
  0.0530  5.77742847
  0.0540  8.70323940
  0.0550  11.71850242
  0.0560  14.78273937
  0.0570  17.88152899
  0.0580  21.00786399
  0.0590  24.15747800
  0.0600  27.32730398
  0.0610  30.51486510
  0.0620  33.71800119
  0.0630  36.93473369
  0.0640  40.16319386
  0.0650  43.40158248
  0.0660  46.64814611
  0.0670  49.90116269
  0.0680  53.15893257
  0.0690  56.41977283
  0.0700  59.68201371
  0.0710  62.94399634
  0.0720  66.20407139
  0.0730  69.46059834
  0.0740  72.71194510
  0.0750  75.95648802
  0.0760  79.19261203
  0.0770  82.41871097
  0.0780  85.63318801
  0.0790  88.83445617
  0.0800  92.02093889
  0.0810  95.19107062
  0.0820  98.34329748
  0.0830  101.47607794
  0.0840  104.58788347
  0.0850  107.67719924
  0.0860  110.74252481
  0.0870  113.78237488
  0.0880  116.79527990
  0.0890  119.77978685
  0.0900  122.73445989
  0.0910  125.65788105
  0.0920  128.54865093
  0.0930  131.40538935
  0.0940  134.22673604
  0.0950  137.01135126
  0.0960  139.75791650
  0.0970  142.46513505
  0.0980  145.13173265
  0.0990  147.75645811
  0.1000  150.33808390
  0.1010  152.87540672
  0.1020  155.36724810
  0.1030  157.81245492
  0.1040  160.20989998
  0.1050  162.55848251
  0.1060  164.85712871
  0.1070  167.10479221
  0.1080  169.30045459
  0.1090  171.44312582
  0.1100  173.53184471
  0.1110  175.56567938
  0.1120  177.54372764
  0.1130  179.46511742
  0.1140  181.32900711
  0.1150  183.13458601
  0.1160  184.88107458
  0.1170  186.56772487
  0.1180  188.19382077
  0.1190  189.75867834
  0.1200  191.26164609
  0.1210  192.70210523
  0.1220  194.07946994
  0.1230  195.39318757
  0.1240  196.64273889
  0.1250  197.82763822
  0.1260  198.94743369
  0.1270  200.00170732
  0.1280  200.99007519
  0.1290  201.91218758
  0.1300  202.76772902
  0.1310  203.55641844
  0.1320  204.27800918
  0.1330  204.93228906
  0.1340  205.51908041
  0.1350  206.03824009
  0.1360  206.48965944
  0.1370  206.87326433
  0.1380  207.18901503
  0.1390  207.43690624
  0.1400  207.61696692
  0.1410  207.72926026
  0.1420  207.77388353
  0.1430  207.75096798
  0.1440  207.66067866
  0.1450  207.50321425
  0.1460  207.27880690
  0.1470  206.98772204
  0.1480  206.63025809
  0.1490  206.20674632
  0.1500  205.71755052
  0.1510  205.16306678
  0.1520  204.54372319
  0.1530  203.85997952
  0.1540  203.11232694
  0.1550  202.30128764
  0.1560  201.42741452
  0.1570  200.49129084
  0.1580  199.49352976
  0.1590  198.43477405
  0.1600  197.31569559
  0.1610  196.13699502
  0.1620  194.89940126
  0.1630  193.60367104
  0.1640  192.25058852
  0.1650  190.84096469
  0.1660  189.37563699
  0.1670  187.85546873
  0.1680  186.28134862
  0.1690  184.65419019
  0.1700  182.97493133
  0.1710  181.24453362
  0.1720  179.46398189
  0.1730  177.63428355
  0.1740  175.75646805
  0.1750  173.83158629
  0.1760  171.86070995
  0.1770  169.84493098
  0.1780  167.78536088
  0.1790  165.68313010
  0.1800  163.53938742
  0.1810  161.35529927
  0.1820  159.13204906
  0.1830  156.87083658
  0.1840  154.57287724
  0.1850  152.23940145
  0.1860  149.87165394
  0.1870  147.47089301
  0.1880  145.03838991
  0.1890  142.57542808
  0.1900  140.08330248
  0.1910  137.56331888
  0.1920  135.01679313
  0.1930  132.44505046
  0.1940  129.84942477
  0.1950  127.23125792
  0.1960  124.59189896
  0.1970  121.93270349
  0.1980  119.25503291
  0.1990  116.56025366
  0.2000  113.84973660
  0.2010  111.12485621
  0.2020  108.38698995
  0.2030  105.63751752
  0.2040  102.87782020
  0.2050  100.10928012
  0.2060  97.33327964
  0.2070  94.55120066
  0.2080  91.76442396
  0.2090  88.97432859
  0.2100  86.18229125
  0.2110  83.38968572
  0.2120  80.59788228
  0.2130  77.80824721
  0.2140  75.02214230
  0.2150  72.24092444
  0.2160  69.46594528
  0.2170  66.69855093
  0.2180  63.94008177
  0.2190  61.19187251
  0.2200  58.45525221
  0.2210  55.73154471
  0.2220  53.02206925
  0.2230  50.32814150
  0.2240  47.65107507
  0.2250  44.99218385
  0.2260  42.35278516
  0.2270  39.73420440
  0.2280  37.13778172
  0.2290  34.56488152
  0.2300  32.01690655
  0.2310  29.49531864
  0.2320  27.00167052
  0.2330  24.53765538
  0.2340  22.10518691
  0.2350  19.70653384
  0.2360  17.34455651
  0.2370  15.02314763
  0.2380  12.74811241
  0.2390  10.52908516
  0.2400  8.38418291
  0.2410  6.35294660
  0.2420  4.53817461
  0.2430  3.24475304
  0.2440  3.11147956
  0.2450  4.19149362
  0.2460  5.80518803
  0.2470  7.58827857
  0.2480  9.41897054
  0.2490  11.25196607
  0.2500  13.06721316
  0.2510  14.85444084
  0.2520  16.60773628
  0.2530  18.32335590
  0.2540  19.99873581
  0.2550  21.63200240
  0.2560  23.22171203
  0.2570  24.76670420
  0.2580  26.26601453
  0.2590  27.71882103
  0.2600  29.12440972
  0.2610  30.48215198
  0.2620  31.79148920
  0.2630  33.05192209
  0.2640  34.26300325
  0.2650  35.42433164
  0.2660  36.53554865
  0.2670  37.59633513
  0.2680  38.60640908
  0.2690  39.56552399
  0.2700  40.47346742
  0.2710  41.33005995
  0.2720  42.13515428
  0.2730  42.88863457
  0.2740  43.59041574
  0.2750  44.24044305
  0.2760  44.83869155
  0.2770  45.38516577
  0.2780  45.87989925
  0.2790  46.32295428
  0.2800  46.71442151
  0.2810  47.05441967
  0.2820  47.34309524
  0.2830  47.58062216
  0.2840  47.76720151
  0.2850  47.90306120
  0.2860  47.98845569
  0.2870  48.02366566
  0.2880  48.00899767
  0.2890  47.94478385
  0.2900  47.83138158
  0.2910  47.66917312
  0.2920  47.45856528
  0.2930  47.19998905
  0.2940  46.89389924
  0.2950  46.54077411
  0.2960  46.14111497
  0.2970  45.69544578
  0.2980  45.20431278
  0.2990  44.66828408
  0.3000  44.08794920
  0.3010  43.46391871
  0.3020  42.79682374
  0.3030  42.08731559
  0.3040  41.33606528
  0.3050  40.54376309
  0.3060  39.71111812
  0.3070  38.83885788
  0.3080  37.92772778
  0.3090  36.97849073
  0.3100  35.99192670
  0.3110  34.96883229
  0.3120  33.91002028
  0.3130  32.81631932
  0.3140  31.68857351
  0.3150  30.52764208
  0.3160  29.33439919
  0.3170  28.10973372
  0.3180  26.85454921
  0.3190  25.56976404
  0.3200  24.25631175
  0.3210  22.91514179
  0.3220  21.54722085
  0.3230  20.15353495
  0.3240  18.73509294
  0.3250  17.29293218
  0.3260  15.82812789
  0.3270  14.34180911
  0.3280  12.83518682
  0.3290  11.30960633
  0.3300  9.76665165
  0.3310  8.20837246
  0.3320  6.63784066
  0.3330  5.06076254
  0.3340  3.49148368
  0.3350  1.98711448
  0.3360  1.01198164
  0.3370  1.88226166
  0.3380  3.40858676
  0.3390  5.03501630
  0.3400  6.69546656
  0.3410  8.37415595
  0.3420  10.06499104
  0.3430  11.76475541
  0.3440  13.47132956
  0.3450  15.18308693
  0.3460  16.89865031
  0.3470  18.61678085
  0.3480  20.33632271
  0.3490  22.05617339
  0.3500  23.77526699
  0.3510  25.49256436
  0.3520  27.20704716
  0.3530  28.91771411
  0.3540  30.62357876
  0.3550  32.32366797
  0.3560  34.01702115
  0.3570  35.70268969
  0.3580  37.37973680
  0.3590  39.04723737
  0.3600  40.70427813
  0.3610  42.34995772
  0.3620  43.98338691
  0.3630  45.60368888
  0.3640  47.20999948
  0.3650  48.80146750
  0.3660  50.37725503
  0.3670  51.93653773
  0.3680  53.47850517
  0.3690  55.00236117
  0.3700  56.50732408
  0.3710  57.99262712
  0.3720  59.45751870
  0.3730  60.90126272
  0.3740  62.32313886
  0.3750  63.72244286
  0.3760  65.09848687
  0.3770  66.45059964
  0.3780  67.77812684
  0.3790  69.08043130
  0.3800  70.35689327
  0.3810  71.60691065
  0.3820  72.82989921
  0.3830  74.02529282
  0.3840  75.19254365
  0.3850  76.33112238
  0.3860  77.44051835
  0.3870  78.52023979
  0.3880  79.56981392
  0.3890  80.58878718
  0.3900  81.57672528
  0.3910  82.53321341
  0.3920  83.45785633
  0.3930  84.35027844
  0.3940  85.21012397
  0.3950  86.03705695
  0.3960  86.83076140
  0.3970  87.59094128
  0.3980  88.31732065
  0.3990  89.00964363
  0.4000  89.66767446
  0.4010  90.29119754
  0.4020  90.88001739
  0.4030  91.43395869
  0.4040  91.95286623
  0.4050  92.43660490
  0.4060  92.88505968
  0.4070  93.29813555
  0.4080  93.67575743
  0.4090  94.01787016
  0.4100  94.32443836
  0.4110  94.59544640
  0.4120  94.83089825
  0.4130  95.03081738
  0.4140  95.19524666
  0.4150  95.32424820
  0.4160  95.41790325
  0.4170  95.47631199
  0.4180  95.49959343
  0.4190  95.48788517
  0.4200  95.44134331
  0.4210  95.36014217
  0.4220  95.24447415
  0.4230  95.09454950
  0.4240  94.91059611
  0.4250  94.69285927
  0.4260  94.44160146
  0.4270  94.15710208
  0.4280  93.83965723
  0.4290  93.48957943
  0.4300  93.10719734
  0.4310  92.69285552
  0.4320  92.24691414
  0.4330  91.76974865
  0.4340  91.26174954
  0.4350  90.72332200
  0.4360  90.15488563
  0.4370  89.55687409
  0.4380  88.92973483
  0.4390  88.27392869
  0.4400  87.58992964
  0.4410  86.87822439
  0.4420  86.13931204
  0.4430  85.37370377
  0.4440  84.58192242
  0.4450  83.76450221
  0.4460  82.92198827
  0.4470  82.05493637
  0.4480  81.16391249
  0.4490  80.24949242
  0.4500  79.31226144
  0.4510  78.35281389
  0.4520  77.37175279
  0.4530  76.36968944
  0.4540  75.34724303
  0.4550  74.30504025
  0.4560  73.24371490
  0.4570  72.16390743
  0.4580  71.06626461
  0.4590  69.95143908
  0.4600  68.82008896
  0.4610  67.67287741
  0.4620  66.51047230
  0.4630  65.33354569
  0.4640  64.14277353
  0.4650  62.93883518
  0.4660  61.72241302
  0.4670  60.49419206
  0.4680  59.25485951
  0.4690  58.00510439
  0.4700  56.74561712
  0.4710  55.47708913
  0.4720  54.20021244
  0.4730  52.91567929
  0.4740  51.62418170
  0.4750  50.32641116
  0.4760  49.02305817
  0.4770  47.71481190
  0.4780  46.40235978
  0.4790  45.08638718
  0.4800  43.76757700
  0.4810  42.44660936
  0.4820  41.12416119
  0.4830  39.80090596
  0.4840  38.47751330
  0.4850  37.15464873
  0.4860  35.83297332
  0.4870  34.51314343
  0.4880  33.19581047
  0.4890  31.88162062
  0.4900  30.57121465
  0.4910  29.26522777
  0.4920  27.96428949
  0.4930  26.66902357
  0.4940  25.38004805
  0.4950  24.09797538
  0.4960  22.82341268
  0.4970  21.55696222
  0.4980  20.29922212
  0.4990  19.05078743
  0.5000  17.81225180
  0.5010  16.58420982
  0.5020  15.36726060
  0.5030  14.16201315
  0.5040  12.96909458
  0.5050  11.78916310
  0.5060  10.62292896
  0.5070  9.47118998
  0.5080  8.33489427
  0.5090  7.21525809
  0.5100  6.11400373
  0.5110  5.03388728
  0.5120  3.98002123
  0.5130  2.96378589
  0.5140  2.01733912
  0.5150  1.26289508
  0.5160  1.12055870
  0.5170  1.71653231
  0.5180  2.56143206
  0.5190  3.46291022
  0.5200  4.37391358
  0.5210  5.27929463
  0.5220  6.17276956
  0.5230  7.05120825
  0.5240  7.91282153
  0.5250  8.75647031
  0.5260  9.58136448
  0.5270  10.38691760
  0.5280  11.17267103
  0.5290  11.93825165
  0.5300  12.68334706
  0.5310  13.40769041
  0.5320  14.11105067
  0.5330  14.79322628
  0.5340  15.45404087
  0.5350  16.09334020
  0.5360  16.71099010
  0.5370  17.30687485
  0.5380  17.88089604
  0.5390  18.43297171
  0.5400  18.96303563
  0.5410  19.47103673
  0.5420  19.95693872
  0.5430  20.42071962
  0.5440  20.86237150
  0.5450  21.28190014
  0.5460  21.67932484
  0.5470  22.05467808
  0.5480  22.40800540
  0.5490  22.73936508
  0.5500  23.04882803
  0.5510  23.33647752
  0.5520  23.60240898
  0.5530  23.84672984
  0.5540  24.06955928
  0.5550  24.27102805
  0.5560  24.45127829
  0.5570  24.61046325
  0.5580  24.74874716
  0.5590  24.86630497
  0.5600  24.96332212
  0.5610  25.03999437
  0.5620  25.09652754
  0.5630  25.13313731
  0.5640  25.15004894
  0.5650  25.14749709
  0.5660  25.12572558
  0.5670  25.08498708
  0.5680  25.02554299
  0.5690  24.94766307
  0.5700  24.85162527
  0.5710  24.73771546
  0.5720  24.60622717
  0.5730  24.45746134
  0.5740  24.29172605
  0.5750  24.10933629
  0.5760  23.91061368
  0.5770  23.69588621
  0.5780  23.46548796
  0.5790  23.21975888
  0.5800  22.95904447
  0.5810  22.68369559
  0.5820  22.39406809
  0.5830  22.09052264
  0.5840  21.77342442
  0.5850  21.44314285
  0.5860  21.10005135
  0.5870  20.74452705
  0.5880  20.37695054
  0.5890  19.99770563
  0.5900  19.60717904
  0.5910  19.20576020
  0.5920  18.79384095
  0.5930  18.37181531
  0.5940  17.94007924
  0.5950  17.49903038
  0.5960  17.04906783
  0.5970  16.59059189
  0.5980  16.12400385
  0.5990  15.64970579
  0.6000  15.16810035
  0.6010  14.67959053
  0.6020  14.18457952
  0.6030  13.68347054
  0.6040  13.17666669
  0.6050  12.66457083
  0.6060  12.14758551
  0.6070  11.62611294
  0.6080  11.10055500
  0.6090  10.57131337
  0.6100  10.03878973
  0.6110  9.50338615
  0.6120  8.96550567
  0.6130  8.42555318
  0.6140  7.88393683
  0.6150  7.34107002
  0.6160  6.79737456
  0.6170  6.25328546
  0.6180  5.70925866
  0.6190  5.16578347
  0.6200  4.62340390
  0.6210  4.08275665
  0.6220  3.54464296
  0.6230  3.01017544
  0.6240  2.48110770
  0.6250  1.96067402
  0.6260  1.45612262
  0.6270  0.98830558
  0.6280  0.63636360
  0.6290  0.62846974
  0.6300  0.96725935
  0.6310  1.41929653
  0.6320  1.90206658
  0.6330  2.39401542
  0.6340  2.88774665
  0.6350  3.38001696
  0.6360  3.86911367
  0.6370  4.35399044
  0.6380  4.83392940
  0.6390  5.30839104
  0.6400  5.77694090
  0.6410  6.23921079
  0.6420  6.69487710
  0.6430  7.14364800
  0.6440  7.58525551
  0.6450  8.01945049
  0.6460  8.44599941
  0.6470  8.86468203
  0.6480  9.27528995
  0.6490  9.67762549
  0.6500  10.07150097
  0.6510  10.45673810
  0.6520  10.83316761
  0.6530  11.20062891
  0.6540  11.55896990
  0.6550  11.90804674
  0.6560  12.24772375
  0.6570  12.57787329
  0.6580  12.89837565
  0.6590  13.20911898
  0.6600  13.50999924
  0.6610  13.80092011
  0.6620  14.08179300
  0.6630  14.35253690
  0.6640  14.61307843
  0.6650  14.86335175
  0.6660  15.10329849
  0.6670  15.33286776
  0.6680  15.55201604
  0.6690  15.76070718
  0.6700  15.95891232
  0.6710  16.14660984
  0.6720  16.32378530
  0.6730  16.49043140
  0.6740  16.64654789
  0.6750  16.79214154
  0.6760  16.92722604
  0.6770  17.05182193
  0.6780  17.16595656
  0.6790  17.26966400
  0.6800  17.36298493
  0.6810  17.44596662
  0.6820  17.51866277
  0.6830  17.58113349
  0.6840  17.63344519
  0.6850  17.67567047
  0.6860  17.70788804
  0.6870  17.73018262
  0.6880  17.74264484
  0.6890  17.74537114
  0.6900  17.73846365
  0.6910  17.72203011
  0.6920  17.69618375
  0.6930  17.66104314
  0.6940  17.61673214
  0.6950  17.56337972
  0.6960  17.50111991
  0.6970  17.43009160
  0.6980  17.35043847
  0.6990  17.26230887
  0.7000  17.16585564
  0.7010  17.06123605
  0.7020  16.94861160
  0.7030  16.82814795
  0.7040  16.70001474
  0.7050  16.56438547
  0.7060  16.42143738
  0.7070  16.27135127
  0.7080  16.11431142
  0.7090  15.95050537
  0.7100  15.78012386
  0.7110  15.60336063
  0.7120  15.42041229
  0.7130  15.23147819
  0.7140  15.03676023
  0.7150  14.83646279
  0.7160  14.63079248
  0.7170  14.41995810
  0.7180  14.20417040
  0.7190  13.98364198
  0.7200  13.75858711
  0.7210  13.52922163
  0.7220  13.29576273
  0.7230  13.05842886
  0.7240  12.81743954
  0.7250  12.57301523
  0.7260  12.32537717
  0.7270  12.07474723
  0.7280  11.82134779
  0.7290  11.56540152
  0.7300  11.30713132
  0.7310  11.04676010
  0.7320  10.78451068
  0.7330  10.52060562
  0.7340  10.25526708
  0.7350  9.98871669
  0.7360  9.72117540
  0.7370  9.45286332
  0.7380  9.18399962
  0.7390  8.91480237
  0.7400  8.64548842
  0.7410  8.37627325
  0.7420  8.10737086
  0.7430  7.83899364
  0.7440  7.57135226
  0.7450  7.30465551
  0.7460  7.03911027
  0.7470  6.77492133
  0.7480  6.51229130
  0.7490  6.25142057
  0.7500  5.99250716
  0.7510  5.73574671
  0.7520  5.48133237
  0.7530  5.22945478
  0.7540  4.98030204
  0.7550  4.73405972
  0.7560  4.49091086
  0.7570  4.25103610
  0.7580  4.01461371
  0.7590  3.78181987
  0.7600  3.55282887
  0.7610  3.32781357
  0.7620  3.10694592
  0.7630  2.89039777
  0.7640  2.67834202
  0.7650  2.47095426
  0.7660  2.26841509
  0.7670  2.07091365
  0.7680  1.87865284
  0.7690  1.69185740
  0.7700  1.51078682
  0.7710  1.33575636
  0.7720  1.16717327
  0.7730  1.00560121
  0.7740  0.85188172
  0.7750  0.70737502
  0.7760  0.57446249
  0.7770  0.45761213
  0.7780  0.36538488
  0.7790  0.31198687
  0.7800  0.30994599
  0.7810  0.35357321
  0.7820  0.42385861
  0.7830  0.50561513
  0.7840  0.59061717
  0.7850  0.67471959
  0.7860  0.75574974
  0.7870  0.83249185
  0.7880  0.90422071
  0.7890  0.97047916
  0.7900  1.03096591
  0.7910  1.08547562
  0.7920  1.13386522
  0.7930  1.17603414
  0.7940  1.21191217
  0.7950  1.24145184
  0.7960  1.26462346
  0.7970  1.28141183
  0.7980  1.29181402
  0.7990  1.29583796
  0.8000  1.29350144
  0.8010  1.28483163
  0.8020  1.26986481
  0.8030  1.24864659
  0.8040  1.22123230
  0.8050  1.18768798
  0.8060  1.14809183
  0.8070  1.10253667
  0.8080  1.05113361
  0.8090  0.99401790
  0.8100  0.93135839
  0.8110  0.86337315
  0.8120  0.79035655
  0.8130  0.71272832
  0.8140  0.63112763
  0.8150  0.54660582
  0.8160  0.46105052
  0.8170  0.37818092
  0.8180  0.30588301
  0.8190  0.26020726
  0.8200  0.26273234
  0.8210  0.31805039
  0.8220  0.40958438
  0.8230  0.52204345
  0.8240  0.64742955
  0.8250  0.78189389
  0.8260  0.92345980
  0.8270  1.07100758
  0.8280  1.22383676
  0.8290  1.38146658
  0.8300  1.54353864
  0.8310  1.70976628
  0.8320  1.87990662
  0.8330  2.05374444
  0.8340  2.23108243
  0.8350  2.41173517
  0.8360  2.59552516
  0.8370  2.78228036
  0.8380  2.97183236
  0.8390  3.16401534
  0.8400  3.35866516
  0.8410  3.55561890
  0.8420  3.75471443
  0.8430  3.95579020
  0.8440  4.15868504
  0.8450  4.36323810
  0.8460  4.56928880
  0.8470  4.77667676
  0.8480  4.98524189
  0.8490  5.19482437
  0.8500  5.40526471
  0.8510  5.61640381
  0.8520  5.82808306
  0.8530  6.04014433
  0.8540  6.25243016
  0.8550  6.46478376
  0.8560  6.67704912
  0.8570  6.88907113
  0.8580  7.10069562
  0.8590  7.31176950
  0.8600  7.52214082
  0.8610  7.73165886
  0.8620  7.94017424
  0.8630  8.14753901
  0.8640  8.35360673
  0.8650  8.55823254
  0.8660  8.76127329
  0.8670  8.96258762
  0.8680  9.16203599
  0.8690  9.35948085
  0.8700  9.55478664
  0.8710  9.74781993
  0.8720  9.93844946
  0.8730  10.12654625
  0.8740  10.31198363
  0.8750  10.49463737
  0.8760  10.67438569
  0.8770  10.85110937
  0.8780  11.02469181
  0.8790  11.19501906
  0.8800  11.36197993
  0.8810  11.52546602
  0.8820  11.68537179
  0.8830  11.84159459
  0.8840  11.99403474
  0.8850  12.14259557
  0.8860  12.28718347
  0.8870  12.42770791
  0.8880  12.56408152
  0.8890  12.69622011
  0.8900  12.82404270
  0.8910  12.94747158
  0.8920  13.06643230
  0.8930  13.18085376
  0.8940  13.29066816
  0.8950  13.39581111
  0.8960  13.49622158
  0.8970  13.59184195
  0.8980  13.68261805
  0.8990  13.76849914
  0.9000  13.84943791
  0.9010  13.92539054
  0.9020  13.99631669
  0.9030  14.06217946
  0.9040  14.12294546
  0.9050  14.17858477
  0.9060  14.22907094
  0.9070  14.27438101
  0.9080  14.31449546
  0.9090  14.34939826
  0.9100  14.37907680
  0.9110  14.40352192
  0.9120  14.42272786
  0.9130  14.43669229
  0.9140  14.44541623
  0.9150  14.44890408
  0.9160  14.44716355
  0.9170  14.44020569
  0.9180  14.42804480
  0.9190  14.41069845
  0.9200  14.38818741
  0.9210  14.36053566
  0.9220  14.32777030
  0.9230  14.28992156
  0.9240  14.24702272
  0.9250  14.19911010
  0.9260  14.14622302
  0.9270  14.08840370
  0.9280  14.02569730
  0.9290  13.95815179
  0.9300  13.88581795
  0.9310  13.80874929
  0.9320  13.72700204
  0.9330  13.64063503
  0.9340  13.54970968
  0.9350  13.45428995
  0.9360  13.35444223
  0.9370  13.25023534
  0.9380  13.14174042
  0.9390  13.02903091
  0.9400  12.91218244
  0.9410  12.79127280
  0.9420  12.66638188
  0.9430  12.53759155
  0.9440  12.40498566
  0.9450  12.26864992
  0.9460  12.12867186
  0.9470  11.98514076
  0.9480  11.83814754
  0.9490  11.68778475
  0.9500  11.53414645
  0.9510  11.37732815
  0.9520  11.21742678
  0.9530  11.05454054
  0.9540  10.88876889
  0.9550  10.72021247
  0.9560  10.54897299
  0.9570  10.37515322
  0.9580  10.19885686
  0.9590  10.02018853
  0.9600  9.83925365
  0.9610  9.65615841
  0.9620  9.47100969
  0.9630  9.28391499
  0.9640  9.09498241
  0.9650  8.90432055
  0.9660  8.71203847
  0.9670  8.51824564
  0.9680  8.32305191
  0.9690  8.12656746
  0.9700  7.92890276
  0.9710  7.73016854
  0.9720  7.53047580
  0.9730  7.32993577
  0.9740  7.12865992
  0.9750  6.92676000
  0.9760  6.72434802
  0.9770  6.52153636
  0.9780  6.31843780
  0.9790  6.11516562
  0.9800  5.91183377
  0.9810  5.70855698
  0.9820  5.50545103
  0.9830  5.30263301
  0.9840  5.10022166
  0.9850  4.89833781
  0.9860  4.69710499
  0.9870  4.49665004
  0.9880  4.29710412
  0.9890  4.09860376
  0.9900  3.90129238
  0.9910  3.70532214
  0.9920  3.51085644
  0.9930  3.31807306
  0.9940  3.12716849
  0.9950  2.93836355
  0.9960  2.75191111
  0.9970  2.56810654
  0.9980  2.38730226
  0.9990  2.20992805
