  0.0000  22.49097487
  0.0010  22.45982494
  0.0020  22.36639050
  0.0030  22.21071757
  0.0040  21.99288287
  0.0050  21.71299378
  0.0060  21.37118833
  0.0070  20.96763521
  0.0080  20.50253375
  0.0090  19.97611393
  0.0100  19.38863645
  0.0110  18.74039278
  0.0120  18.03170534
  0.0130  17.26292774
  0.0140  16.43444530
  0.0150  15.54667571
  0.0160  14.60007030
  0.0170  13.59511612
  0.0180  12.53233935
  0.0190  11.41231157
  0.0200  10.23566118
  0.0210  9.00309602
  0.0220  7.71545190
  0.0230  6.37380926
  0.0240  4.97982194
  0.0250  3.53689941
  0.0260  2.05672133
  0.0270  0.66335729
  0.0280  1.27550482
  0.0290  2.87824872
  0.0300  4.57283536
  0.0310  6.32524723
  0.0320  8.12914099
  0.0330  9.98195676
  0.0340  11.88210589
  0.0350  13.82833051
  0.0360  15.81950212
  0.0370  17.85454438
  0.0380  19.93239925
  0.0390  22.05201074
  0.0400  24.21231648
  0.0410  26.41224329
  0.0420  28.65070468
  0.0430  30.92659959
  0.0440  33.23881172
  0.0450  35.58620932
  0.0460  37.96764523
  0.0470  40.38195706
  0.0480  42.82796751
  0.0490  45.30448476
  0.0500  47.81030294
  0.0510  50.34420257
  0.0520  52.90495116
  0.0530  55.49130371
  0.0540  58.10200327
  0.0550  60.73578157
  0.0560  63.39135958
  0.0570  66.06744812
  0.0580  68.76274852
  0.0590  71.47595319
  0.0600  74.20574627
  0.0610  76.95080430
  0.0620  79.70979683
  0.0630  82.48138706
  0.0640  85.26423254
  0.0650  88.05698576
  0.0660  90.85829487
  0.0670  93.66680429
  0.0680  96.48115541
  0.0690  99.29998721
  0.0700  102.12193698
  0.0710  104.94564093
  0.0720  107.76973488
  0.0730  110.59285495
  0.0740  113.41363817
  0.0750  116.23072316
  0.0760  119.04275082
  0.0770  121.84836497
  0.0780  124.64621299
  0.0790  127.43494650
  0.0800  130.21322201
  0.0810  132.97970155
  0.0820  135.73305333
  0.0830  138.47195239
  0.0840  141.19508121
  0.0850  143.90113037
  0.0860  146.58879916
  0.0870  149.25679622
  0.0880  151.90384012
  0.0890  154.52866003
  0.0900  157.12999628
  0.0910  159.70660097
  0.0920  162.25723857
  0.0930  164.78068648
  0.0940  167.27573564
  0.0950  169.74119110
  0.0960  172.17587255
  0.0970  174.57861489
  0.0980  176.94826878
  0.0990  179.28370118
  0.1000  181.58379587
  0.1010  183.84745395
  0.1020  186.07359440
  0.1030  188.26115450
  0.1040  190.40909042
  0.1050  192.51637758
  0.1060  194.58201123
  0.1070  196.60500684
  0.1080  198.58440054
  0.1090  200.51924961
  0.1100  202.40863284
  0.1110  204.25165099
  0.1120  206.04742717
  0.1130  207.79510721
  0.1140  209.49386008
  0.1150  211.14287820
  0.1160  212.74137783
  0.1170  214.28859939
  0.1180  215.78380780
  0.1190  217.22629276
  0.1200  218.61536908
  0.1210  219.95037696
  0.1220  221.23068224
  0.1230  222.45567671
  0.1240  223.62477828
  0.1250  224.73743127
  0.1260  225.79310661
  0.1270  226.79130203
  0.1280  227.73154227
  0.1290  228.61337926
  0.1300  229.43639224
  0.1310  230.20018795
  0.1320  230.90440074
  0.1330  231.54869272
  0.1340  232.13275381
  0.1350  232.65630189
  0.1360  233.11908281
  0.1370  233.52087054
  0.1380  233.86146712
  0.1390  234.14070276
  0.1400  234.35843585
  0.1410  234.51455292
  0.1420  234.60896870
  0.1430  234.64162603
  0.1440  234.61249587
  0.1450  234.52157724
  0.1460  234.36889710
  0.1470  234.15451037
  0.1480  233.87849976
  0.1490  233.54097566
  0.1500  233.14207608
  0.1510  232.68196646
  0.1520  232.16083956
  0.1530  231.57891526
  0.1540  230.93644041
  0.1550  230.23368867
  0.1560  229.47096024
  0.1570  228.64858172
  0.1580  227.76690583
  0.1590  226.82631122
  0.1600  225.82720217
  0.1610  224.77000838
  0.1620  223.65518466
  0.1630  222.48321064
  0.1640  221.25459052
  0.1650  219.96985271
  0.1660  218.62954953
  0.1670  217.23425689
  0.1680  215.78457395
  0.1690  214.28112275
  0.1700  212.72454784
  0.1710  211.11551596
  0.1720  209.45471560
  0.1730  207.74285665
  0.1740  205.98066998
  0.1750  204.16890704
  0.1760  202.30833943
  0.1770  200.39975849
  0.1780  198.44397485
  0.1790  196.44181799
  0.1800  194.39413582
  0.1810  192.30179416
  0.1820  190.16567633
  0.1830  187.98668266
  0.1840  185.76573000
  0.1850  183.50375126
  0.1860  181.20169489
  0.1870  178.86052440
  0.1880  176.48121785
  0.1890  174.06476735
  0.1900  171.61217854
  0.1910  169.12447008
  0.1920  166.60267311
  0.1930  164.04783076
  0.1940  161.46099757
  0.1950  158.84323900
  0.1960  156.19563088
  0.1970  153.51925884
  0.1980  150.81521784
  0.1990  148.08461153
  0.2000  145.32855180
  0.2010  142.54815815
  0.2020  139.74455720
  0.2030  136.91888210
  0.2040  134.07227200
  0.2050  131.20587149
  0.2060  128.32083003
  0.2070  125.41830145
  0.2080  122.49944334
  0.2090  119.56541651
  0.2100  116.61738448
  0.2110  113.65651289
  0.2120  110.68396895
  0.2130  107.70092091
  0.2140  104.70853753
  0.2150  101.70798750
  0.2160  98.70043893
  0.2170  95.68705881
  0.2180  92.66901248
  0.2190  89.64746308
  0.2200  86.62357104
  0.2210  83.59849357
  0.2220  80.57338416
  0.2230  77.54939200
  0.2240  74.52766157
  0.2250  71.50933208
  0.2260  68.49553702
  0.2270  65.48740365
  0.2280  62.48605256
  0.2290  59.49259721
  0.2300  56.50814349
  0.2310  53.53378930
  0.2320  50.57062416
  0.2330  47.61972885
  0.2340  44.68217507
  0.2350  41.75902526
  0.2360  38.85133233
  0.2370  35.96013975
  0.2380  33.08648162
  0.2390  30.23138328
  0.2400  27.39586234
  0.2410  24.58093078
  0.2420  21.78759886
  0.2430  19.01688265
  0.2440  16.26981937
  0.2450  13.54750111
  0.2460  10.85115798
  0.2470  8.18240123
  0.2480  5.54414960
  0.2490  2.94641123
  0.2500  0.58751883
  0.2510  2.29750560
  0.2520  4.79780142
  0.2530  7.28647913
  0.2540  9.74764606
  0.2550  12.17775330
  0.2560  14.57515352
  0.2570  16.93873468
  0.2580  19.26759238
  0.2590  21.56092352
  0.2600  23.81798465
  0.2610  26.03807330
  0.2620  28.22051899
  0.2630  30.36467835
  0.2640  32.46993255
  0.2650  34.53568577
  0.2660  36.56136432
  0.2670  38.54641615
  0.2680  40.49031052
  0.2690  42.39253784
  0.2700  44.25260962
  0.2710  46.07005837
  0.2720  47.84443768
  0.2730  49.57532219
  0.2740  51.26230760
  0.2750  52.90501076
  0.2760  54.50306966
  0.2770  56.05614347
  0.2780  57.56391259
  0.2790  59.02607862
  0.2800  60.44236443
  0.2810  61.81251414
  0.2820  63.13629311
  0.2830  64.41348796
  0.2840  65.64390653
  0.2850  66.82737785
  0.2860  67.96375212
  0.2870  69.05290066
  0.2880  70.09471585
  0.2890  71.08911109
  0.2900  72.03602068
  0.2910  72.93539979
  0.2920  73.78722433
  0.2930  74.59149091
  0.2940  75.34821663
  0.2950  76.05743909
  0.2960  76.71921614
  0.2970  77.33362584
  0.2980  77.90076626
  0.2990  78.42075537
  0.3000  78.89373083
  0.3010  79.31984987
  0.3020  79.69928909
  0.3030  80.03224427
  0.3040  80.31893018
  0.3050  80.55958040
  0.3060  80.75444708
  0.3070  80.90380074
  0.3080  81.00793006
  0.3090  81.06714162
  0.3100  81.08175967
  0.3110  81.05212591
  0.3120  80.97859922
  0.3130  80.86155537
  0.3140  80.70138682
  0.3150  80.49850239
  0.3160  80.25332703
  0.3170  79.96630150
  0.3180  79.63788208
  0.3190  79.26854031
  0.3200  78.85876265
  0.3210  78.40905019
  0.3220  77.91991835
  0.3230  77.39189654
  0.3240  76.82552786
  0.3250  76.22136876
  0.3260  75.57998870
  0.3270  74.90196984
  0.3280  74.18790671
  0.3290  73.43840580
  0.3300  72.65408530
  0.3310  71.83557470
  0.3320  70.98351444
  0.3330  70.09855558
  0.3340  69.18135939
  0.3350  68.23259705
  0.3360  67.25294925
  0.3370  66.24310584
  0.3380  65.20376544
  0.3390  64.13563510
  0.3400  63.03942991
  0.3410  61.91587264
  0.3420  60.76569337
  0.3430  59.58962910
  0.3440  58.38842342
  0.3450  57.16282608
  0.3460  55.91359270
  0.3470  54.64148432
  0.3480  53.34726712
  0.3490  52.03171198
  0.3500  50.69559420
  0.3510  49.33969310
  0.3520  47.96479171
  0.3530  46.57167643
  0.3540  45.16113670
  0.3550  43.73396472
  0.3560  42.29095517
  0.3570  40.83290491
  0.3580  39.36061280
  0.3590  37.87487949
  0.3600  36.37650728
  0.3610  34.86630006
  0.3620  33.34506331
  0.3630  31.81360429
  0.3640  30.27273226
  0.3650  28.72325907
  0.3660  27.16599999
  0.3670  25.60177495
  0.3680  24.03141055
  0.3690  22.45574295
  0.3700  20.87562226
  0.3710  19.29191935
  0.3720  17.70553645
  0.3730  16.11742410
  0.3740  14.52860956
  0.3750  12.94024611
  0.3760  11.35370351
  0.3770  9.77074582
  0.3780  8.19391220
  0.3790  6.62743034
  0.3800  5.07977422
  0.3810  3.57260720
  0.3820  2.18438096
  0.3830  1.33777414
  0.3840  1.94182984
  0.3850  3.26481418
  0.3860  4.73186587
  0.3870  6.23644384
  0.3880  7.75158618
  0.3890  9.26739234
  0.3900  10.77918060
  0.3910  12.28428308
  0.3920  13.78094284
  0.3930  15.26786606
  0.3940  16.74401705
  0.3950  18.20851538
  0.3960  19.66058046
  0.3970  21.09949999
  0.3980  22.52461098
  0.3990  23.93528807
  0.4000  25.33093594
  0.4010  26.71098440
  0.4020  28.07488497
  0.4030  29.42210863
  0.4040  30.75214423
  0.4050  32.06449729
  0.4060  33.35868929
  0.4070  34.63425701
  0.4080  35.89075219
  0.4090  37.12774118
  0.4100  38.34480478
  0.4110  39.54153804
  0.4120  40.71755020
  0.4130  41.87246461
  0.4140  43.00591865
  0.4150  44.11756375
  0.4160  45.20706533
  0.4170  46.27410280
  0.4180  47.31836958
  0.4190  48.33957304
  0.4200  49.33743455
  0.4210  50.31168945
  0.4220  51.26208704
  0.4230  52.18839057
  0.4240  53.09037723
  0.4250  53.96783813
  0.4260  54.82057830
  0.4270  55.64841660
  0.4280  56.45118575
  0.4290  57.22873226
  0.4300  57.98091637
  0.4310  58.70761206
  0.4320  59.40870691
  0.4330  60.08410208
  0.4340  60.73371226
  0.4350  61.35746555
  0.4360  61.95530342
  0.4370  62.52718057
  0.4380  63.07306489
  0.4390  63.59293733
  0.4400  64.08679181
  0.4410  64.55463508
  0.4420  64.99648663
  0.4430  65.41237857
  0.4440  65.80235546
  0.4450  66.16647423
  0.4460  66.50480400
  0.4470  66.81742595
  0.4480  67.10443316
  0.4490  67.36593048
  0.4500  67.60203432
  0.4510  67.81287253
  0.4520  67.99858421
  0.4530  68.15931955
  0.4540  68.29523960
  0.4550  68.40651617
  0.4560  68.49333156
  0.4570  68.55587841
  0.4580  68.59435949
  0.4590  68.60898752
  0.4600  68.59998493
  0.4610  68.56758368
  0.4620  68.51202505
  0.4630  68.43355939
  0.4640  68.33244595
  0.4650  68.20895264
  0.4660  68.06335579
  0.4670  67.89593994
  0.4680  67.70699763
  0.4690  67.49682912
  0.4700  67.26574221
  0.4710  67.01405196
  0.4720  66.74208051
  0.4730  66.45015677
  0.4740  66.13861624
  0.4750  65.80780073
  0.4760  65.45805814
  0.4770  65.08974220
  0.4780  64.70321226
  0.4790  64.29883299
  0.4800  63.87697417
  0.4810  63.43801045
  0.4820  62.98232107
  0.4830  62.51028966
  0.4840  62.02230393
  0.4850  61.51875549
  0.4860  61.00003956
  0.4870  60.46655474
  0.4880  59.91870276
  0.4890  59.35688824
  0.4900  58.78151843
  0.4910  58.19300301
  0.4920  57.59175378
  0.4930  56.97818448
  0.4940  56.35271055
  0.4950  55.71574882
  0.4960  55.06771737
  0.4970  54.40903524
  0.4980  53.74012220
  0.4990  53.06139855
  0.5000  52.37328485
  0.5010  51.67620173
  0.5020  50.97056965
  0.5030  50.25680869
  0.5040  49.53533831
  0.5050  48.80657717
  0.5060  48.07094288
  0.5070  47.32885180
  0.5080  46.58071888
  0.5090  45.82695736
  0.5100  45.06797868
  0.5110  44.30419220
  0.5120  43.53600503
  0.5130  42.76382186
  0.5140  41.98804476
  0.5150  41.20907299
  0.5160  40.42730282
  0.5170  39.64312737
  0.5180  38.85693641
  0.5190  38.06911622
  0.5200  37.28004942
  0.5210  36.49011480
  0.5220  35.69968715
  0.5230  34.90913715
  0.5240  34.11883118
  0.5250  33.32913119
  0.5260  32.54039458
  0.5270  31.75297402
  0.5280  30.96721736
  0.5290  30.18346749
  0.5300  29.40206219
  0.5310  28.62333406
  0.5320  27.84761036
  0.5330  27.07521294
  0.5340  26.30645809
  0.5350  25.54165647
  0.5360  24.78111301
  0.5370  24.02512681
  0.5380  23.27399104
  0.5390  22.52799288
  0.5400  21.78741344
  0.5410  21.05252764
  0.5420  20.32360422
  0.5430  19.60090558
  0.5440  18.88468779
  0.5450  18.17520051
  0.5460  17.47268692
  0.5470  16.77738371
  0.5480  16.08952098
  0.5490  15.40932225
  0.5500  14.73700443
  0.5510  14.07277773
  0.5520  13.41684570
  0.5530  12.76940519
  0.5540  12.13064633
  0.5550  11.50075253
  0.5560  10.87990047
  0.5570  10.26826014
  0.5580  9.66599483
  0.5590  9.07326116
  0.5600  8.49020915
  0.5610  7.91698229
  0.5620  7.35371761
  0.5630  6.80054583
  0.5640  6.25759157
  0.5650  5.72497364
  0.5660  5.20280544
  0.5670  4.69119568
  0.5680  4.19024946
  0.5690  3.70007011
  0.5700  3.22076254
  0.5710  2.75243963
  0.5720  2.29523561
  0.5730  1.84933748
  0.5740  1.41507075
  0.5750  0.99319330
  0.5760  0.58637339
  0.5770  0.21676998
  0.5780  0.26247852
  0.5790  0.61904164
  0.5800  0.98198721
  0.5810  1.33687447
  0.5820  1.68161902
  0.5830  2.01561967
  0.5840  2.33864486
  0.5850  2.65059383
  0.5860  2.95142391
  0.5870  3.24112321
  0.5880  3.51969868
  0.5890  3.78717028
  0.5900  4.04356790
  0.5910  4.28892965
  0.5920  4.52330074
  0.5930  4.74673277
  0.5940  4.95928333
  0.5950  5.16101558
  0.5960  5.35199802
  0.5970  5.53230427
  0.5980  5.70201288
  0.5990  5.86120719
  0.6000  6.00997520
  0.6010  6.14840939
  0.6020  6.27660664
  0.6030  6.39466811
  0.6040  6.50269910
  0.6050  6.60080893
  0.6060  6.68911090
  0.6070  6.76772207
  0.6080  6.83676326
  0.6090  6.89635885
  0.6100  6.94663674
  0.6110  6.98772822
  0.6120  7.01976783
  0.6130  7.04289331
  0.6140  7.05724546
  0.6150  7.06296803
  0.6160  7.06020765
  0.6170  7.04911367
  0.6180  7.02983809
  0.6190  7.00253548
  0.6200  6.96736282
  0.6210  6.92447943
  0.6220  6.87404688
  0.6230  6.81622885
  0.6240  6.75119109
  0.6250  6.67910127
  0.6260  6.60012891
  0.6270  6.51444529
  0.6280  6.42222336
  0.6290  6.32363766
  0.6300  6.21886421
  0.6310  6.10808049
  0.6320  5.99146533
  0.6330  5.86919884
  0.6340  5.74146240
  0.6350  5.60843858
  0.6360  5.47031116
  0.6370  5.32726506
  0.6380  5.17948640
  0.6390  5.02716250
  0.6400  4.87048199
  0.6410  4.70963492
  0.6420  4.54481289
  0.6430  4.37620937
  0.6440  4.20401997
  0.6450  4.02844297
  0.6460  3.84967996
  0.6470  3.66793672
  0.6480  3.48342449
  0.6490  3.29636168
  0.6500  3.10697630
  0.6510  2.91550946
  0.6520  2.72222037
  0.6530  2.52739384
  0.6540  2.33135161
  0.6550  2.13447002
  0.6560  1.93720846
  0.6570  1.74015689
  0.6580  1.54411840
  0.6590  1.35025989
  0.6600  1.16040106
  0.6610  0.97759820
  0.6620  0.80736681
  0.6630  0.66016957
  0.6640  0.55519434
  0.6650  0.51905607
  0.6660  0.56517520
  0.6670  0.67679879
  0.6680  0.82756872
  0.6690  0.99958196
  0.6700  1.18321468
  0.6710  1.37338644
  0.6720  1.56727042
  0.6730  1.76318083
  0.6740  1.96004030
  0.6750  2.15711450
  0.6760  2.35387298
  0.6770  2.54991230
  0.6780  2.74491157
  0.6790  2.93860573
  0.6800  3.13076877
  0.6810  3.32120300
  0.6820  3.50973189
  0.6830  3.69619519
  0.6840  3.88044559
  0.6850  4.06234634
  0.6860  4.24176950
  0.6870  4.41859471
  0.6880  4.59270828
  0.6890  4.76400243
  0.6900  4.93237484
  0.6910  5.09772816
  0.6920  5.25996976
  0.6930  5.41901147
  0.6940  5.57476935
  0.6950  5.72716359
  0.6960  5.87611833
  0.6970  6.02156160
  0.6980  6.16342523
  0.6990  6.30164475
  0.7000  6.43615938
  0.7010  6.56691194
  0.7020  6.69384881
  0.7030  6.81691991
  0.7040  6.93607866
  0.7050  7.05128195
  0.7060  7.16249007
  0.7070  7.26966673
  0.7080  7.37277903
  0.7090  7.47179738
  0.7100  7.56669551
  0.7110  7.65745047
  0.7120  7.74404252
  0.7130  7.82645517
  0.7140  7.90467512
  0.7150  7.97869223
  0.7160  8.04849949
  0.7170  8.11409299
  0.7180  8.17547187
  0.7190  8.23263829
  0.7200  8.28559740
  0.7210  8.33435729
  0.7220  8.37892896
  0.7230  8.41932627
  0.7240  8.45556588
  0.7250  8.48766724
  0.7260  8.51565252
  0.7270  8.53954658
  0.7280  8.55937689
  0.7290  8.57517351
  0.7300  8.58696904
  0.7310  8.59479853
  0.7320  8.59869949
  0.7330  8.59871175
  0.7340  8.59487748
  0.7350  8.58724112
  0.7360  8.57584927
  0.7370  8.56075069
  0.7380  8.54199621
  0.7390  8.51963869
  0.7400  8.49373292
  0.7410  8.46433561
  0.7420  8.43150528
  0.7430  8.39530223
  0.7440  8.35578845
  0.7450  8.31302757
  0.7460  8.26708478
  0.7470  8.21802680
  0.7480  8.16592177
  0.7490  8.11083920
  0.7500  8.05284990
  0.7510  7.99202593
  0.7520  7.92844051
  0.7530  7.86216797
  0.7540  7.79328365
  0.7550  7.72186388
  0.7560  7.64798587
  0.7570  7.57172767
  0.7580  7.49316809
  0.7590  7.41238663
  0.7600  7.32946342
  0.7610  7.24447915
  0.7620  7.15751501
  0.7630  7.06865260
  0.7640  6.97797391
  0.7650  6.88556122
  0.7660  6.79149702
  0.7670  6.69586401
  0.7680  6.59874496
  0.7690  6.50022271
  0.7700  6.40038009
  0.7710  6.29929984
  0.7720  6.19706457
  0.7730  6.09375670
  0.7740  5.98945840
  0.7750  5.88425155
  0.7760  5.77821765
  0.7770  5.67143781
  0.7780  5.56399266
  0.7790  5.45596232
  0.7800  5.34742638
  0.7810  5.23846377
  0.7820  5.12915280
  0.7830  5.01957109
  0.7840  4.90979551
  0.7850  4.79990214
  0.7860  4.68996628
  0.7870  4.58006234
  0.7880  4.47026388
  0.7890  4.36064355
  0.7900  4.25127302
  0.7910  4.14222305
  0.7920  4.03356337
  0.7930  3.92536273
  0.7940  3.81768886
  0.7950  3.71060843
  0.7960  3.60418711
  0.7970  3.49848951
  0.7980  3.39357919
  0.7990  3.28951870
  0.8000  3.18636954
  0.8010  3.08419225
  0.8020  2.98304635
  0.8030  2.88299045
  0.8040  2.78408225
  0.8050  2.68637860
  0.8060  2.58993558
  0.8070  2.49480857
  0.8080  2.40105231
  0.8090  2.30872106
  0.8100  2.21786870
  0.8110  2.12854887
  0.8120  2.04081516
  0.8130  1.95472130
  0.8140  1.87032142
  0.8150  1.78767028
  0.8160  1.70682363
  0.8170  1.62783855
  0.8180  1.55077388
  0.8190  1.47569069
  0.8200  1.40265285
  0.8210  1.33172766
  0.8220  1.26298651
  0.8230  1.19650570
  0.8240  1.13236725
  0.8250  1.07065980
  0.8260  1.01147947
  0.8270  0.95493066
  0.8280  0.90112670
  0.8290  0.85019008
  0.8300  0.80225218
  0.8310  0.75745200
  0.8320  0.71593366
  0.8330  0.67784214
  0.8340  0.64331679
  0.8350  0.61248250
  0.8360  0.58543847
  0.8370  0.56224529
  0.8380  0.54291180
  0.8390  0.52738368
  0.8400  0.51553616
  0.8410  0.50717280
  0.8420  0.50203141
  0.8430  0.49979618
  0.8440  0.50011445
  0.8450  0.50261504
  0.8460  0.50692573
  0.8470  0.51268777
  0.8480  0.51956661
  0.8490  0.52725874
  0.8500  0.53549511
  0.8510  0.54404191
  0.8520  0.55269962
  0.8530  0.56130091
  0.8540  0.56970802
  0.8550  0.57780991
  0.8560  0.58551952
  0.8570  0.59277121
  0.8580  0.59951850
  0.8590  0.60573205
  0.8600  0.61139804
  0.8610  0.61651668
  0.8620  0.62110113
  0.8630  0.62517643
  0.8640  0.62877883
  0.8650  0.63195504
  0.8660  0.63476174
  0.8670  0.63726505
  0.8680  0.63954012
  0.8690  0.64167059
  0.8700  0.64374815
  0.8710  0.64587187
  0.8720  0.64814752
  0.8730  0.65068667
  0.8740  0.65360561
  0.8750  0.65702414
  0.8760  0.66106406
  0.8770  0.66584752
  0.8780  0.67149522
  0.8790  0.67812444
  0.8800  0.68584708
  0.8810  0.69476771
  0.8820  0.70498178
  0.8830  0.71657401
  0.8840  0.72961713
  0.8850  0.74417101
  0.8860  0.76028207
  0.8870  0.77798332
  0.8880  0.79729458
  0.8890  0.81822318
  0.8900  0.84076487
  0.8910  0.86490501
  0.8920  0.89061975
  0.8930  0.91787743
  0.8940  0.94663983
  0.8950  0.97686341
  0.8960  1.00850052
  0.8970  1.04150036
  0.8980  1.07580991
  0.8990  1.11137470
  0.9000  1.14813946
  0.9010  1.18604861
  0.9020  1.22504672
  0.9030  1.26507879
  0.9040  1.30609056
  0.9050  1.34802861
  0.9060  1.39084055
  0.9070  1.43447508
  0.9080  1.47888202
  0.9090  1.52401235
  0.9100  1.56981818
  0.9110  1.61625276
  0.9120  1.66327043
  0.9130  1.71082661
  0.9140  1.75887769
  0.9150  1.80738105
  0.9160  1.85629500
  0.9170  1.90557868
  0.9180  1.95519208
  0.9190  2.00509595
  0.9200  2.05525176
  0.9210  2.10562168
  0.9220  2.15616851
  0.9230  2.20685565
  0.9240  2.25764709
  0.9250  2.30850734
  0.9260  2.35940143
  0.9270  2.41029488
  0.9280  2.46115363
  0.9290  2.51194410
  0.9300  2.56263309
  0.9310  2.61318781
  0.9320  2.66357586
  0.9330  2.71376519
  0.9340  2.76372410
  0.9350  2.81342127
  0.9360  2.86282566
  0.9370  2.91190662
  0.9380  2.96063378
  0.9390  3.00897711
  0.9400  3.05690689
  0.9410  3.10439370
  0.9420  3.15140848
  0.9430  3.19792244
  0.9440  3.24390712
  0.9450  3.28933441
  0.9460  3.33417649
  0.9470  3.37840588
  0.9480  3.42199546
  0.9490  3.46491841
  0.9500  3.50714830
  0.9510  3.54865904
  0.9520  3.58942490
  0.9530  3.62942056
  0.9540  3.66862105
  0.9550  3.70700182
  0.9560  3.74453873
  0.9570  3.78120804
  0.9580  3.81698648
  0.9590  3.85185120
  0.9600  3.88577981
  0.9610  3.91875040
  0.9620  3.95074156
  0.9630  3.98173237
  0.9640  4.01170241
  0.9650  4.04063181
  0.9660  4.06850124
  0.9670  4.09529194
  0.9680  4.12098570
  0.9690  4.14556492
  0.9700  4.16901261
  0.9710  4.19131238
  0.9720  4.21244848
  0.9730  4.23240582
  0.9740  4.25116998
  0.9750  4.26872720
  0.9760  4.28506443
  0.9770  4.30016931
  0.9780  4.31403024
  0.9790  4.32663631
  0.9800  4.33797740
  0.9810  4.34804412
  0.9820  4.35682788
  0.9830  4.36432088
  0.9840  4.37051609
  0.9850  4.37540733
  0.9860  4.37898922
  0.9870  4.38125721
  0.9880  4.38220760
  0.9890  4.38183756
  0.9900  4.38014509
  0.9910  4.37712907
  0.9920  4.37278925
  0.9930  4.36712629
  0.9940  4.36014170
  0.9950  4.35183791
  0.9960  4.34221822
  0.9970  4.33128687
  0.9980  4.31904897
  0.9990  4.30551055
