  0.0000  22.76086037
  0.0010  22.72962669
  0.0020  22.63594146
  0.0030  22.47985209
  0.0040  22.26143755
  0.0050  21.98080837
  0.0060  21.63810655
  0.0070  21.23350547
  0.0080  20.76720986
  0.0090  20.23945564
  0.0100  19.65050979
  0.0110  19.00067028
  0.0120  18.29026582
  0.0130  17.51965576
  0.0140  16.68922991
  0.0150  15.79940825
  0.0160  14.85064084
  0.0170  13.84340749
  0.0180  12.77821759
  0.0190  11.65560985
  0.0200  10.47615207
  0.0210  9.24044096
  0.0220  7.94910201
  0.0230  6.60278975
  0.0240  5.20218877
  0.0250  3.74801834
  0.0260  2.24105785
  0.0270  0.68253402
  0.0280  0.92955351
  0.0290  2.59008991
  0.0300  4.30062319
  0.0310  6.06000504
  0.0320  7.86731213
  0.0330  9.72162285
  0.0340  11.62199818
  0.0350  13.56747822
  0.0360  15.55708139
  0.0370  17.58980456
  0.0380  19.66462332
  0.0390  21.78049244
  0.0400  23.93634640
  0.0410  26.13109984
  0.0420  28.36364819
  0.0430  30.63286820
  0.0440  32.93761850
  0.0450  35.27674023
  0.0460  37.64905760
  0.0470  40.05337855
  0.0480  42.48849530
  0.0490  44.95318505
  0.0500  47.44621055
  0.0510  49.96632079
  0.0520  52.51225162
  0.0530  55.08272641
  0.0540  57.67645673
  0.0550  60.29214298
  0.0560  62.92847510
  0.0570  65.58413322
  0.0580  68.25778836
  0.0590  70.94810310
  0.0600  73.65373229
  0.0610  76.37332371
  0.0620  79.10551881
  0.0630  81.84895337
  0.0640  84.60225822
  0.0650  87.36405995
  0.0660  90.13298159
  0.0670  92.90764335
  0.0680  95.68666329
  0.0690  98.46865804
  0.0700  101.25224353
  0.0710  104.03603566
  0.0720  106.81865103
  0.0730  109.59870764
  0.0740  112.37482558
  0.0750  115.14562773
  0.0760  117.90974050
  0.0770  120.66579448
  0.0780  123.41242512
  0.0790  126.14827348
  0.0800  128.87198686
  0.0810  131.58221952
  0.0820  134.27763331
  0.0830  136.95689840
  0.0840  139.61869388
  0.0850  142.26170848
  0.0860  144.88464119
  0.0870  147.48620190
  0.0880  150.06511209
  0.0890  152.62010540
  0.0900  155.14992830
  0.0910  157.65334069
  0.0920  160.12911651
  0.0930  162.57604436
  0.0940  164.99292807
  0.0950  167.37858728
  0.0960  169.73185805
  0.0970  172.05159339
  0.0980  174.33666383
  0.0990  176.58595795
  0.1000  178.79838295
  0.1010  180.97286511
  0.1020  183.10835038
  0.1030  185.20380480
  0.1040  187.25821505
  0.1050  189.27058890
  0.1060  191.23995568
  0.1070  193.16536673
  0.1080  195.04589583
  0.1090  196.88063965
  0.1100  198.66871815
  0.1110  200.40927496
  0.1120  202.10147781
  0.1130  203.74451886
  0.1140  205.33761510
  0.1150  206.88000866
  0.1160  208.37096714
  0.1170  209.80978398
  0.1180  211.19577868
  0.1190  212.52829717
  0.1200  213.80671201
  0.1210  215.03042270
  0.1220  216.19885590
  0.1230  217.31146565
  0.1240  218.36773362
  0.1250  219.36716925
  0.1260  220.30930999
  0.1270  221.19372143
  0.1280  222.01999745
  0.1290  222.78776038
  0.1300  223.49666110
  0.1310  224.14637917
  0.1320  224.73662287
  0.1330  225.26712931
  0.1340  225.73766451
  0.1350  226.14802337
  0.1360  226.49802978
  0.1370  226.78753656
  0.1380  227.01642551
  0.1390  227.18460736
  0.1400  227.29202172
  0.1410  227.33863708
  0.1420  227.32445070
  0.1430  227.24948856
  0.1440  227.11380523
  0.1450  226.91748379
  0.1460  226.66063568
  0.1470  226.34340057
  0.1480  225.96594624
  0.1490  225.52846832
  0.1500  225.03119021
  0.1510  224.47436282
  0.1520  223.85826435
  0.1530  223.18320013
  0.1540  222.44950229
  0.1550  221.65752958
  0.1560  220.80766708
  0.1570  219.90032590
  0.1580  218.93594293
  0.1590  217.91498047
  0.1600  216.83792600
  0.1610  215.70529176
  0.1620  214.51761448
  0.1630  213.27545499
  0.1640  211.97939785
  0.1650  210.63005101
  0.1660  209.22804536
  0.1670  207.77403442
  0.1680  206.26869385
  0.1690  204.71272106
  0.1700  203.10683480
  0.1710  201.45177471
  0.1720  199.74830085
  0.1730  197.99719328
  0.1740  196.19925157
  0.1750  194.35529432
  0.1760  192.46615872
  0.1770  190.53270001
  0.1780  188.55579100
  0.1790  186.53632159
  0.1800  184.47519822
  0.1810  182.37334338
  0.1820  180.23169506
  0.1830  178.05120627
  0.1840  175.83284442
  0.1850  173.57759088
  0.1860  171.28644033
  0.1870  168.96040032
  0.1880  166.60049061
  0.1890  164.20774267
  0.1900  161.78319913
  0.1910  159.32791316
  0.1920  156.84294795
  0.1930  154.32937612
  0.1940  151.78827913
  0.1950  149.22074675
  0.1960  146.62787644
  0.1970  144.01077279
  0.1980  141.37054695
  0.1990  138.70831601
  0.2000  136.02520249
  0.2010  133.32233370
  0.2020  130.60084117
  0.2030  127.86186012
  0.2040  125.10652881
  0.2050  122.33598802
  0.2060  119.55138046
  0.2070  116.75385019
  0.2080  113.94454207
  0.2090  111.12460116
  0.2100  108.29517219
  0.2110  105.45739901
  0.2120  102.61242397
  0.2130  99.76138746
  0.2140  96.90542729
  0.2150  94.04567818
  0.2160  91.18327122
  0.2170  88.31933336
  0.2180  85.45498684
  0.2190  82.59134872
  0.2200  79.72953034
  0.2210  76.87063686
  0.2220  74.01576671
  0.2230  71.16601118
  0.2240  68.32245389
  0.2250  65.48617037
  0.2260  62.65822763
  0.2270  59.83968370
  0.2280  57.03158727
  0.2290  54.23497730
  0.2300  51.45088270
  0.2310  48.68032202
  0.2320  45.92430322
  0.2330  43.18382352
  0.2340  40.45986938
  0.2350  37.75341656
  0.2360  35.06543054
  0.2370  32.39686716
  0.2380  29.74867395
  0.2390  27.12179227
  0.2400  24.51716104
  0.2410  21.93572322
  0.2420  19.37843746
  0.2430  16.84630009
  0.2440  14.34038956
  0.2450  11.86196519
  0.2460  9.41271575
  0.2470  6.99551116
  0.2480  4.61743349
  0.2490  2.31093182
  0.2500  0.76016850
  0.2510  2.57027910
  0.2520  4.79497074
  0.2530  7.02092991
  0.2540  9.22307795
  0.2550  11.39542650
  0.2560  13.53551195
  0.2570  15.64192883
  0.2580  17.71368835
  0.2590  19.75000009
  0.2600  21.75018342
  0.2610  23.71362706
  0.2620  25.63976866
  0.2630  27.52808384
  0.2640  29.37807993
  0.2650  31.18929221
  0.2660  32.96128164
  0.2670  34.69363332
  0.2680  36.38595551
  0.2690  38.03787902
  0.2700  39.64905667
  0.2710  41.21916303
  0.2720  42.74789413
  0.2730  44.23496728
  0.2740  45.68012094
  0.2750  47.08311458
  0.2760  48.44372859
  0.2770  49.76176413
  0.2780  51.03704309
  0.2790  52.26940796
  0.2800  53.45872174
  0.2810  54.60486783
  0.2820  55.70774995
  0.2830  56.76729198
  0.2840  57.78343789
  0.2850  58.75615159
  0.2860  59.68541681
  0.2870  60.57123693
  0.2880  61.41363486
  0.2890  62.21265289
  0.2900  62.96835249
  0.2910  63.68081420
  0.2920  64.35013737
  0.2930  64.97644004
  0.2940  65.55985874
  0.2950  66.10054823
  0.2960  66.59868137
  0.2970  67.05444885
  0.2980  67.46805897
  0.2990  67.83973746
  0.3000  68.16972718
  0.3010  68.45828789
  0.3020  68.70569603
  0.3030  68.91224445
  0.3040  69.07824212
  0.3050  69.20401390
  0.3060  69.28990023
  0.3070  69.33625688
  0.3080  69.34345465
  0.3090  69.31187907
  0.3100  69.24193013
  0.3110  69.13402193
  0.3120  68.98858245
  0.3130  68.80605315
  0.3140  68.58688872
  0.3150  68.33155675
  0.3160  68.04053739
  0.3170  67.71432302
  0.3180  67.35341795
  0.3190  66.95833804
  0.3200  66.52961043
  0.3210  66.06777312
  0.3220  65.57337469
  0.3230  65.04697394
  0.3240  64.48913953
  0.3250  63.90044963
  0.3260  63.28149158
  0.3270  62.63286154
  0.3280  61.95516412
  0.3290  61.24901206
  0.3300  60.51502582
  0.3310  59.75383325
  0.3320  58.96606927
  0.3330  58.15237545
  0.3340  57.31339967
  0.3350  56.44979580
  0.3360  55.56222329
  0.3370  54.65134686
  0.3380  53.71783612
  0.3390  52.76236520
  0.3400  51.78561245
  0.3410  50.78826006
  0.3420  49.77099368
  0.3430  48.73450215
  0.3440  47.67947709
  0.3450  46.60661264
  0.3460  45.51660504
  0.3470  44.41015237
  0.3480  43.28795421
  0.3490  42.15071136
  0.3500  40.99912546
  0.3510  39.83389881
  0.3520  38.65573400
  0.3530  37.46533370
  0.3540  36.26340042
  0.3550  35.05063627
  0.3560  33.82774278
  0.3570  32.59542076
  0.3580  31.35437018
  0.3590  30.10529014
  0.3600  28.84887888
  0.3610  27.58583394
  0.3620  26.31685238
  0.3630  25.04263127
  0.3640  23.76386834
  0.3650  22.48126302
  0.3660  21.19551795
  0.3670  19.90734119
  0.3680  18.61744946
  0.3690  17.32657290
  0.3700  16.03546235
  0.3710  14.74490034
  0.3720  13.45571865
  0.3730  12.16882683
  0.3740  10.88526071
  0.3750  9.60626905
  0.3760  8.33347807
  0.3770  7.06922861
  0.3780  5.81733813
  0.3790  4.58505904
  0.3800  3.38907155
  0.3810  2.27873751
  0.3820  1.44909392
  0.3830  1.46926691
  0.3840  2.30550640
  0.3850  3.39276435
  0.3860  4.54770044
  0.3870  5.72357779
  0.3880  6.90446043
  0.3890  8.08341241
  0.3900  9.25681584
  0.3910  10.42249776
  0.3920  11.57899658
  0.3930  12.72523582
  0.3940  13.86036430
  0.3950  14.98367163
  0.3960  16.09454072
  0.3970  17.19241975
  0.3980  18.27680484
  0.3990  19.34722904
  0.4000  20.40325505
  0.4010  21.44447035
  0.4020  22.47048376
  0.4030  23.48092313
  0.4040  24.47543357
  0.4050  25.45367620
  0.4060  26.41532729
  0.4070  27.36007750
  0.4080  28.28763139
  0.4090  29.19770701
  0.4100  30.09003558
  0.4110  30.96436126
  0.4120  31.82044091
  0.4130  32.65804394
  0.4140  33.47695218
  0.4150  34.27695977
  0.4160  35.05787302
  0.4170  35.81951033
  0.4180  36.56170211
  0.4190  37.28429069
  0.4200  37.98713024
  0.4210  38.67008667
  0.4220  39.33303760
  0.4230  39.97587222
  0.4240  40.59849126
  0.4250  41.20080686
  0.4260  41.78274251
  0.4270  42.34423296
  0.4280  42.88522412
  0.4290  43.40567296
  0.4300  43.90554741
  0.4310  44.38482626
  0.4320  44.84349906
  0.4330  45.28156600
  0.4340  45.69903776
  0.4350  46.09593547
  0.4360  46.47229050
  0.4370  46.82814440
  0.4380  47.16354872
  0.4390  47.47856489
  0.4400  47.77326411
  0.4410  48.04772715
  0.4420  48.30204426
  0.4430  48.53631499
  0.4440  48.75064803
  0.4450  48.94516107
  0.4460  49.11998064
  0.4470  49.27524194
  0.4480  49.41108867
  0.4490  49.52767288
  0.4500  49.62515475
  0.4510  49.70370249
  0.4520  49.76349210
  0.4530  49.80470721
  0.4540  49.82753891
  0.4550  49.83218555
  0.4560  49.81885254
  0.4570  49.78775222
  0.4580  49.73910359
  0.4590  49.67313217
  0.4600  49.59006980
  0.4610  49.49015444
  0.4620  49.37362994
  0.4630  49.24074590
  0.4640  49.09175745
  0.4650  48.92692500
  0.4660  48.74651412
  0.4670  48.55079529
  0.4680  48.34004368
  0.4690  48.11453902
  0.4700  47.87456530
  0.4710  47.62041064
  0.4720  47.35236706
  0.4730  47.07073027
  0.4740  46.77579948
  0.4750  46.46787716
  0.4760  46.14726891
  0.4770  45.81428317
  0.4780  45.46923109
  0.4790  45.11242627
  0.4800  44.74418460
  0.4810  44.36482404
  0.4820  43.97466442
  0.4830  43.57402727
  0.4840  43.16323557
  0.4850  42.74261360
  0.4860  42.31248673
  0.4870  41.87318122
  0.4880  41.42502404
  0.4890  40.96834269
  0.4900  40.50346497
  0.4910  40.03071884
  0.4920  39.55043223
  0.4930  39.06293283
  0.4940  38.56854793
  0.4950  38.06760425
  0.4960  37.56042776
  0.4970  37.04734349
  0.4980  36.52867538
  0.4990  36.00474612
  0.5000  35.47587695
  0.5010  34.94238754
  0.5020  34.40459581
  0.5030  33.86281776
  0.5040  33.31736735
  0.5050  32.76855634
  0.5060  32.21669411
  0.5070  31.66208755
  0.5080  31.10504094
  0.5090  30.54585575
  0.5100  29.98483055
  0.5110  29.42226088
  0.5120  28.85843910
  0.5130  28.29365429
  0.5140  27.72819209
  0.5150  27.16233465
  0.5160  26.59636046
  0.5170  26.03054424
  0.5180  25.46515689
  0.5190  24.90046531
  0.5200  24.33673236
  0.5210  23.77421676
  0.5220  23.21317295
  0.5230  22.65385107
  0.5240  22.09649683
  0.5250  21.54135142
  0.5260  20.98865150
  0.5270  20.43862906
  0.5280  19.89151138
  0.5290  19.34752096
  0.5300  18.80687548
  0.5310  18.26978769
  0.5320  17.73646543
  0.5330  17.20711153
  0.5340  16.68192378
  0.5350  16.16109490
  0.5360  15.64481247
  0.5370  15.13325895
  0.5380  14.62661162
  0.5390  14.12504257
  0.5400  13.62871865
  0.5410  13.13780152
  0.5420  12.65244758
  0.5430  12.17280800
  0.5440  11.69902873
  0.5450  11.23125049
  0.5460  10.76960878
  0.5470  10.31423394
  0.5480  9.86525117
  0.5490  9.42278054
  0.5500  8.98693712
  0.5510  8.55783095
  0.5520  8.13556724
  0.5530  7.72024639
  0.5540  7.31196418
  0.5550  6.91081191
  0.5560  6.51687667
  0.5570  6.13024155
  0.5580  5.75098606
  0.5590  5.37918658
  0.5600  5.01491698
  0.5610  4.65824951
  0.5620  4.30925599
  0.5630  3.96800943
  0.5640  3.63458654
  0.5650  3.30907130
  0.5660  2.99156049
  0.5670  2.68217250
  0.5680  2.38106180
  0.5690  2.08844393
  0.5700  1.80464115
  0.5710  1.53017119
  0.5720  1.26593461
  0.5730  1.01365100
  0.5740  0.77700558
  0.5750  0.56509305
  0.5760  0.40328491
  0.5770  0.34989376
  0.5780  0.43341627
  0.5790  0.59031506
  0.5800  0.77088292
  0.5810  0.95686708
  0.5820  1.14160710
  0.5830  1.32230279
  0.5840  1.49762199
  0.5850  1.66687321
  0.5860  1.82967794
  0.5870  1.98582511
  0.5880  2.13520013
  0.5890  2.27774763
  0.5900  2.41345060
  0.5910  2.54231813
  0.5920  2.66437786
  0.5930  2.77967111
  0.5940  2.88824971
  0.5950  2.99017378
  0.5960  3.08551020
  0.5970  3.17433151
  0.5980  3.25671506
  0.5990  3.33274241
  0.6000  3.40249879
  0.6010  3.46607277
  0.6020  3.52355589
  0.6030  3.57504244
  0.6040  3.62062919
  0.6050  3.66041519
  0.6060  3.69450166
  0.6070  3.72299174
  0.6080  3.74599043
  0.6090  3.76360441
  0.6100  3.77594192
  0.6110  3.78311267
  0.6120  3.78522770
  0.6130  3.78239929
  0.6140  3.77474088
  0.6150  3.76236694
  0.6160  3.74539288
  0.6170  3.72393501
  0.6180  3.69811038
  0.6190  3.66803676
  0.6200  3.63383254
  0.6210  3.59561664
  0.6220  3.55350844
  0.6230  3.50762775
  0.6240  3.45809468
  0.6250  3.40502963
  0.6260  3.34855321
  0.6270  3.28878620
  0.6280  3.22584947
  0.6290  3.15986398
  0.6300  3.09095075
  0.6310  3.01923078
  0.6320  2.94482511
  0.6330  2.86785477
  0.6340  2.78844081
  0.6350  2.70670434
  0.6360  2.62276659
  0.6370  2.53674901
  0.6380  2.44877336
  0.6390  2.35896195
  0.6400  2.26743784
  0.6410  2.17432518
  0.6420  2.07974970
  0.6430  1.98383925
  0.6440  1.88672467
  0.6450  1.78854087
  0.6460  1.68942843
  0.6470  1.58953568
  0.6480  1.48902178
  0.6490  1.38806114
  0.6500  1.28684981
  0.6510  1.18561519
  0.6520  1.08463089
  0.6530  0.98424036
  0.6540  0.88489518
  0.6550  0.78721958
  0.6560  0.69212211
  0.6570  0.60099351
  0.6580  0.51605783
  0.6590  0.44095859
  0.6600  0.38150882
  0.6610  0.34572542
  0.6620  0.34088460
  0.6630  0.36788093
  0.6640  0.42026364
  0.6650  0.48957969
  0.6660  0.56930409
  0.6670  0.65527972
  0.6680  0.74498360
  0.6690  0.83686458
  0.6700  0.92993373
  0.6710  1.02353253
  0.6720  1.11720270
  0.6730  1.21061164
  0.6740  1.30350844
  0.6750  1.39569710
  0.6760  1.48701967
  0.6770  1.57734541
  0.6780  1.66656356
  0.6790  1.75457847
  0.6800  1.84130619
  0.6810  1.92667207
  0.6820  2.01060900
  0.6830  2.09305618
  0.6840  2.17395813
  0.6850  2.25326401
  0.6860  2.33092706
  0.6870  2.40690415
  0.6880  2.48115548
  0.6890  2.55364429
  0.6900  2.62433667
  0.6910  2.69320135
  0.6920  2.76020957
  0.6930  2.82533497
  0.6940  2.88855347
  0.6950  2.94984317
  0.6960  3.00918431
  0.6970  3.06655916
  0.6980  3.12195198
  0.6990  3.17534898
  0.7000  3.22673821
  0.7010  3.27610958
  0.7020  3.32345477
  0.7030  3.36876721
  0.7040  3.41204203
  0.7050  3.45327601
  0.7060  3.49246758
  0.7070  3.52961672
  0.7080  3.56472501
  0.7090  3.59779549
  0.7100  3.62883273
  0.7110  3.65784271
  0.7120  3.68483283
  0.7130  3.70981186
  0.7140  3.73278994
  0.7150  3.75377848
  0.7160  3.77279017
  0.7170  3.78983896
  0.7180  3.80493998
  0.7190  3.81810954
  0.7200  3.82936510
  0.7210  3.83872519
  0.7220  3.84620943
  0.7230  3.85183848
  0.7240  3.85563397
  0.7250  3.85761854
  0.7260  3.85781571
  0.7270  3.85624995
  0.7280  3.85294655
  0.7290  3.84793165
  0.7300  3.84123220
  0.7310  3.83287589
  0.7320  3.82289114
  0.7330  3.81130708
  0.7340  3.79815350
  0.7350  3.78346081
  0.7360  3.76726004
  0.7370  3.74958275
  0.7380  3.73046107
  0.7390  3.70992760
  0.7400  3.68801542
  0.7410  3.66475806
  0.7420  3.64018944
  0.7430  3.61434386
  0.7440  3.58725595
  0.7450  3.55896068
  0.7460  3.52949329
  0.7470  3.49888927
  0.7480  3.46718434
  0.7490  3.43441442
  0.7500  3.40061560
  0.7510  3.36582410
  0.7520  3.33007625
  0.7530  3.29340848
  0.7540  3.25585727
  0.7550  3.21745913
  0.7560  3.17825057
  0.7570  3.13826811
  0.7580  3.09754820
  0.7590  3.05612722
  0.7600  3.01404148
  0.7610  2.97132715
  0.7620  2.92802028
  0.7630  2.88415676
  0.7640  2.83977229
  0.7650  2.79490236
  0.7660  2.74958226
  0.7670  2.70384702
  0.7680  2.65773140
  0.7690  2.61126990
  0.7700  2.56449671
  0.7710  2.51744569
  0.7720  2.47015037
  0.7730  2.42264395
  0.7740  2.37495922
  0.7750  2.32712863
  0.7760  2.27918419
  0.7770  2.23115752
  0.7780  2.18307982
  0.7790  2.13498183
  0.7800  2.08689384
  0.7810  2.03884568
  0.7820  1.99086671
  0.7830  1.94298578
  0.7840  1.89523125
  0.7850  1.84763099
  0.7860  1.80021232
  0.7870  1.75300206
  0.7880  1.70602648
  0.7890  1.65931130
  0.7900  1.61288171
  0.7910  1.56676234
  0.7920  1.52097724
  0.7930  1.47554990
  0.7940  1.43050324
  0.7950  1.38585960
  0.7960  1.34164075
  0.7970  1.29786785
  0.7980  1.25456149
  0.7990  1.21174167
  0.8000  1.16942779
  0.8010  1.12763867
  0.8020  1.08639253
  0.8030  1.04570700
  0.8040  1.00559912
  0.8050  0.96608532
  0.8060  0.92718149
  0.8070  0.88890288
  0.8080  0.85126421
  0.8090  0.81427959
  0.8100  0.77796259
  0.8110  0.74232620
  0.8120  0.70738286
  0.8130  0.67314448
  0.8140  0.63962244
  0.8150  0.60682761
  0.8160  0.57477037
  0.8170  0.54346061
  0.8180  0.51290780
  0.8190  0.48312100
  0.8200  0.45410887
  0.8210  0.42587979
  0.8220  0.39844187
  0.8230  0.37180303
  0.8240  0.34597115
  0.8250  0.32095413
  0.8260  0.29676016
  0.8270  0.27339788
  0.8280  0.25087675
  0.8290  0.22920746
  0.8300  0.20840259
  0.8310  0.18847749
  0.8320  0.16945159
  0.8330  0.15135032
  0.8340  0.13420804
  0.8350  0.11807249
  0.8360  0.10301176
  0.8370  0.08912506
  0.8380  0.07655884
  0.8390  0.06552878
  0.8400  0.05634132
  0.8410  0.04938742
  0.8420  0.04504845
  0.8430  0.04347671
  0.8440  0.04439539
  0.8450  0.04716852
  0.8460  0.05108177
  0.8470  0.05554945
  0.8480  0.06016102
  0.8490  0.06464775
  0.8500  0.06883788
  0.8510  0.07262224
  0.8520  0.07593181
  0.8530  0.07872379
  0.8540  0.08097299
  0.8550  0.08266669
  0.8560  0.08380138
  0.8570  0.08438091
  0.8580  0.08441553
  0.8590  0.08392152
  0.8600  0.08292144
  0.8610  0.08144487
  0.8620  0.07952979
  0.8630  0.07722469
  0.8640  0.07459157
  0.8650  0.07171011
  0.8660  0.06868326
  0.8670  0.06564400
  0.8680  0.06276282
  0.8690  0.06025325
  0.8700  0.05837071
  0.8710  0.05739718
  0.8720  0.05760603
  0.8730  0.05921189
  0.8740  0.06232712
  0.8750  0.06694941
  0.8760  0.07298569
  0.8770  0.08029381
  0.8780  0.08871954
  0.8790  0.09811907
  0.8800  0.10836825
  0.8810  0.11936392
  0.8820  0.13102155
  0.8830  0.14327186
  0.8840  0.15605759
  0.8850  0.16933071
  0.8860  0.18305024
  0.8870  0.19718062
  0.8880  0.21169039
  0.8890  0.22655131
  0.8900  0.24173758
  0.8910  0.25722532
  0.8920  0.27299220
  0.8930  0.28901708
  0.8940  0.30527980
  0.8950  0.32176098
  0.8960  0.33844190
  0.8970  0.35530437
  0.8980  0.37233065
  0.8990  0.38950338
  0.9000  0.40680555
  0.9010  0.42422042
  0.9020  0.44173151
  0.9030  0.45932259
  0.9040  0.47697763
  0.9050  0.49468081
  0.9060  0.51241647
  0.9070  0.53016918
  0.9080  0.54792364
  0.9090  0.56566475
  0.9100  0.58337756
  0.9110  0.60104733
  0.9120  0.61865943
  0.9130  0.63619947
  0.9140  0.65365319
  0.9150  0.67100652
  0.9160  0.68824558
  0.9170  0.70535668
  0.9180  0.72232631
  0.9190  0.73914118
  0.9200  0.75578818
  0.9210  0.77225441
  0.9220  0.78852719
  0.9230  0.80459408
  0.9240  0.82044282
  0.9250  0.83606143
  0.9260  0.85143813
  0.9270  0.86656140
  0.9280  0.88141997
  0.9290  0.89600283
  0.9300  0.91029921
  0.9310  0.92429864
  0.9320  0.93799089
  0.9330  0.95136603
  0.9340  0.96441441
  0.9350  0.97712665
  0.9360  0.98949371
  0.9370  1.00150680
  0.9380  1.01315747
  0.9390  1.02443757
  0.9400  1.03533925
  0.9410  1.04585500
  0.9420  1.05597762
  0.9430  1.06570026
  0.9440  1.07501637
  0.9450  1.08391975
  0.9460  1.09240456
  0.9470  1.10046526
  0.9480  1.10809669
  0.9490  1.11529403
  0.9500  1.12205280
  0.9510  1.12836888
  0.9520  1.13423851
  0.9530  1.13965829
  0.9540  1.14462515
  0.9550  1.14913642
  0.9560  1.15318977
  0.9570  1.15678322
  0.9580  1.15991517
  0.9590  1.16258438
  0.9600  1.16478996
  0.9610  1.16653140
  0.9620  1.16780852
  0.9630  1.16862154
  0.9640  1.16897099
  0.9650  1.16885780
  0.9660  1.16828323
  0.9670  1.16724890
  0.9680  1.16575676
  0.9690  1.16380913
  0.9700  1.16140867
  0.9710  1.15855837
  0.9720  1.15526155
  0.9730  1.15152189
  0.9740  1.14734335
  0.9750  1.14273026
  0.9760  1.13768723
  0.9770  1.13221922
  0.9780  1.12633145
  0.9790  1.12002949
  0.9800  1.11331916
  0.9810  1.10620660
  0.9820  1.09869822
  0.9830  1.09080071
  0.9840  1.08252101
  0.9850  1.07386634
  0.9860  1.06484418
  0.9870  1.05546223
  0.9880  1.04572844
  0.9890  1.03565101
  0.9900  1.02523833
  0.9910  1.01449901
  0.9920  1.00344189
  0.9930  0.99207597
  0.9940  0.98041046
  0.9950  0.96845475
  0.9960  0.95621839
  0.9970  0.94371108
  0.9980  0.93094270
  0.9990  0.91792324
