  0.0000  61.48396537
  0.0010  61.45463886
  0.0020  61.36667278
  0.0030  61.22010746
  0.0040  61.01501010
  0.0050  60.75147472
  0.0060  60.42962215
  0.0070  60.04959992
  0.0080  59.61158225
  0.0090  59.11576989
  0.0100  58.56239010
  0.0110  57.95169649
  0.0120  57.28396889
  0.0130  56.55951326
  0.0140  55.77866151
  0.0150  54.94177132
  0.0160  54.04922601
  0.0170  53.10143432
  0.0180  52.09883023
  0.0190  51.04187273
  0.0200  49.93104562
  0.0210  48.76685726
  0.0220  47.54984033
  0.0230  46.28055156
  0.0240  44.95957147
  0.0250  43.58750410
  0.0260  42.16497670
  0.0270  40.69263945
  0.0280  39.17116512
  0.0290  37.60124877
  0.0300  35.98360742
  0.0310  34.31897970
  0.0320  32.60812553
  0.0330  30.85182574
  0.0340  29.05088177
  0.0350  27.20611528
  0.0360  25.31836786
  0.0370  23.38850070
  0.0380  21.41739438
  0.0390  19.40594874
  0.0400  17.35508295
  0.0410  15.26573606
  0.0420  13.13886857
  0.0430  10.97546641
  0.0440  8.77655193
  0.0450  6.54321892
  0.0460  4.27678292
  0.0470  1.97999484
  0.0480  0.38838757
  0.0490  2.72350007
  0.0500  5.11282636
  0.0510  7.53172752
  0.0520  9.97819754
  0.0530  12.45092623
  0.0540  14.94872495
  0.0550  17.47043444
  0.0560  20.01490085
  0.0570  22.58096780
  0.0580  25.16747355
  0.0590  27.77324987
  0.0600  30.39712186
  0.0610  33.03790801
  0.0620  35.69442056
  0.0630  38.36546588
  0.0640  41.04984496
  0.0650  43.74635390
  0.0660  46.45378444
  0.0670  49.17092451
  0.0680  51.89655879
  0.0690  54.62946927
  0.0700  57.36843579
  0.0710  60.11223663
  0.0720  62.85964907
  0.0730  65.60944998
  0.0740  68.36041635
  0.0750  71.11132590
  0.0760  73.86095764
  0.0770  76.60809243
  0.0780  79.35151354
  0.0790  82.09000725
  0.0800  84.82236339
  0.0810  87.54737588
  0.0820  90.26384334
  0.0830  92.97056961
  0.0840  95.66636429
  0.0850  98.35004335
  0.0860  101.02042959
  0.0870  103.67635326
  0.0880  106.31665253
  0.0890  108.94017407
  0.0900  111.54577355
  0.0910  114.13231616
  0.0920  116.69867716
  0.0930  119.24374233
  0.0940  121.76640852
  0.0950  124.26558412
  0.0960  126.74018959
  0.0970  129.18915788
  0.0980  131.61143497
  0.0990  134.00598030
  0.1000  136.37176724
  0.1010  138.70778355
  0.1020  141.01303182
  0.1030  143.28652992
  0.1040  145.52731141
  0.1050  147.73442597
  0.1060  149.90693981
  0.1070  152.04393610
  0.1080  154.14451530
  0.1090  156.20779561
  0.1100  158.23291331
  0.1110  160.21902314
  0.1120  162.16529864
  0.1130  164.07093251
  0.1140  165.93513695
  0.1150  167.75714394
  0.1160  169.53620564
  0.1170  171.27159459
  0.1180  172.96260409
  0.1190  174.60854844
  0.1200  176.20876322
  0.1210  177.76260554
  0.1220  179.26945430
  0.1230  180.72871043
  0.1240  182.13979711
  0.1250  183.50215999
  0.1260  184.81526737
  0.1270  186.07861044
  0.1280  187.29170339
  0.1290  188.45408366
  0.1300  189.56531203
  0.1310  190.62497279
  0.1320  191.63267386
  0.1330  192.58804694
  0.1340  193.49074758
  0.1350  194.34045532
  0.1360  195.13687371
  0.1370  195.87973045
  0.1380  196.56877741
  0.1390  197.20379069
  0.1400  197.78457065
  0.1410  198.31094194
  0.1420  198.78275353
  0.1430  199.19987865
  0.1440  199.56221485
  0.1450  199.86968393
  0.1460  200.12223193
  0.1470  200.31982905
  0.1480  200.46246964
  0.1490  200.55017208
  0.1500  200.58297872
  0.1510  200.56095580
  0.1520  200.48419331
  0.1530  200.35280490
  0.1540  200.16692775
  0.1550  199.92672241
  0.1560  199.63237267
  0.1570  199.28408542
  0.1580  198.88209041
  0.1590  198.42664015
  0.1600  197.91800963
  0.1610  197.35649622
  0.1620  196.74241934
  0.1630  196.07612035
  0.1640  195.35796222
  0.1650  194.58832936
  0.1660  193.76762732
  0.1670  192.89628254
  0.1680  191.97474208
  0.1690  191.00347336
  0.1700  189.98296382
  0.1710  188.91372068
  0.1720  187.79627059
  0.1730  186.63115932
  0.1740  185.41895146
  0.1750  184.16023006
  0.1760  182.85559632
  0.1770  181.50566920
  0.1780  180.11108512
  0.1790  178.67249755
  0.1800  177.19057665
  0.1810  175.66600895
  0.1820  174.09949687
  0.1830  172.49175842
  0.1840  170.84352676
  0.1850  169.15554981
  0.1860  167.42858985
  0.1870  165.66342309
  0.1880  163.86083930
  0.1890  162.02164132
  0.1900  160.14664470
  0.1910  158.23667723
  0.1920  156.29257851
  0.1930  154.31519955
  0.1940  152.30540225
  0.1950  150.26405906
  0.1960  148.19205242
  0.1970  146.09027441
  0.1980  143.95962621
  0.1990  141.80101772
  0.2000  139.61536704
  0.2010  137.40360004
  0.2020  135.16664990
  0.2030  132.90545663
  0.2040  130.62096661
  0.2050  128.31413215
  0.2060  125.98591097
  0.2070  123.63726580
  0.2080  121.26916384
  0.2090  118.88257637
  0.2100  116.47847821
  0.2110  114.05784731
  0.2120  111.62166425
  0.2130  109.17091179
  0.2140  106.70657441
  0.2150  104.22963784
  0.2160  101.74108860
  0.2170  99.24191354
  0.2180  96.73309938
  0.2190  94.21563230
  0.2200  91.69049741
  0.2210  89.15867836
  0.2220  86.62115689
  0.2230  84.07891237
  0.2240  81.53292135
  0.2250  78.98415717
  0.2260  76.43358949
  0.2270  73.88218386
  0.2280  71.33090134
  0.2290  68.78069804
  0.2300  66.23252472
  0.2310  63.68732637
  0.2320  61.14604185
  0.2330  58.60960342
  0.2340  56.07893640
  0.2350  53.55495880
  0.2360  51.03858085
  0.2370  48.53070474
  0.2380  46.03222415
  0.2390  43.54402395
  0.2400  41.06697982
  0.2410  38.60195793
  0.2420  36.14981453
  0.2430  33.71139572
  0.2440  31.28753703
  0.2450  28.87906318
  0.2460  26.48678775
  0.2470  24.11151291
  0.2480  21.75402916
  0.2490  19.41511515
  0.2500  17.09553752
  0.2510  14.79605093
  0.2520  12.51739842
  0.2530  10.26031247
  0.2540  8.02551851
  0.2550  5.81374645
  0.2560  3.62578462
  0.2570  1.46300959
  0.2580  0.68207747
  0.2590  2.79225072
  0.2600  4.87890472
  0.2610  6.93896120
  0.2620  8.97164040
  0.2630  10.97631524
  0.2640  12.95240284
  0.2650  14.89934515
  0.2660  16.81660361
  0.2670  18.70365738
  0.2680  20.56000266
  0.2690  22.38515245
  0.2700  24.17863644
  0.2710  25.94000105
  0.2720  27.66880944
  0.2730  29.36464159
  0.2740  31.02709437
  0.2750  32.65578156
  0.2760  34.25033396
  0.2770  35.81039939
  0.2780  37.33564277
  0.2790  38.82574618
  0.2800  40.28040883
  0.2810  41.69934712
  0.2820  43.08229468
  0.2830  44.42900232
  0.2840  45.73923808
  0.2850  47.01278721
  0.2860  48.24945212
  0.2870  49.44905240
  0.2880  50.61142478
  0.2890  51.73642306
  0.2900  52.82391810
  0.2910  53.87379772
  0.2920  54.88596668
  0.2930  55.86034660
  0.2940  56.79687584
  0.2950  57.69550949
  0.2960  58.55621919
  0.2970  59.37899309
  0.2980  60.16383571
  0.2990  60.91076785
  0.3000  61.61982645
  0.3010  62.29106446
  0.3020  62.92455071
  0.3030  63.52036976
  0.3040  64.07862176
  0.3050  64.59942230
  0.3060  65.08290222
  0.3070  65.52920747
  0.3080  65.93849893
  0.3090  66.31095221
  0.3100  66.64675750
  0.3110  66.94611934
  0.3120  67.20925645
  0.3130  67.43640150
  0.3140  67.62780095
  0.3150  67.78371479
  0.3160  67.90441633
  0.3170  67.99019200
  0.3180  68.04134111
  0.3190  68.05817561
  0.3200  68.04101985
  0.3210  67.99021037
  0.3220  67.90609564
  0.3230  67.78903577
  0.3240  67.63940233
  0.3250  67.45757805
  0.3260  67.24395655
  0.3270  66.99894212
  0.3280  66.72294942
  0.3290  66.41640322
  0.3300  66.07973812
  0.3310  65.71339830
  0.3320  65.31783721
  0.3330  64.89351732
  0.3340  64.44090982
  0.3350  63.96049434
  0.3360  63.45275868
  0.3370  62.91819847
  0.3380  62.35731695
  0.3390  61.77062464
  0.3400  61.15863906
  0.3410  60.52188441
  0.3420  59.86089132
  0.3430  59.17619651
  0.3440  58.46834255
  0.3450  57.73787749
  0.3460  56.98535463
  0.3470  56.21133219
  0.3480  55.41637299
  0.3490  54.60104423
  0.3500  53.76591711
  0.3510  52.91156657
  0.3520  52.03857100
  0.3530  51.14751193
  0.3540  50.23897375
  0.3550  49.31354339
  0.3560  48.37181007
  0.3570  47.41436495
  0.3580  46.44180092
  0.3590  45.45471222
  0.3600  44.45369423
  0.3610  43.43934313
  0.3620  42.41225568
  0.3630  41.37302888
  0.3640  40.32225970
  0.3650  39.26054487
  0.3660  38.18848051
  0.3670  37.10666195
  0.3680  36.01568341
  0.3690  34.91613778
  0.3700  33.80861632
  0.3710  32.69370844
  0.3720  31.57200147
  0.3730  30.44408037
  0.3740  29.31052756
  0.3750  28.17192265
  0.3760  27.02884228
  0.3770  25.88185985
  0.3780  24.73154544
  0.3790  23.57846555
  0.3800  22.42318305
  0.3810  21.26625704
  0.3820  20.10824283
  0.3830  18.94969193
  0.3840  17.79115222
  0.3850  16.63316822
  0.3860  15.47628149
  0.3870  14.32103157
  0.3880  13.16795720
  0.3890  12.01759860
  0.3900  10.87050115
  0.3910  9.72722171
  0.3920  8.58834019
  0.3930  7.45448138
  0.3940  6.32636001
  0.3950  5.20488316
  0.3960  4.09141737
  0.3970  2.98863880
  0.3980  1.90426188
  0.3990  0.88166951
  0.4000  0.58023124
  0.4010  1.50070089
  0.4020  2.54328451
  0.4030  3.59538582
  0.4040  4.64394543
  0.4050  5.68528208
  0.4060  6.71778627
  0.4070  7.74052318
  0.4080  8.75283491
  0.4090  9.75419742
  0.4100  10.74416027
  0.4110  11.72231831
  0.4120  12.68829711
  0.4130  13.64174498
  0.4140  14.58232836
  0.4150  15.50972901
  0.4160  16.42364233
  0.4170  17.32377615
  0.4180  18.20985004
  0.4190  19.08159478
  0.4200  19.93875202
  0.4210  20.78107403
  0.4220  21.60832353
  0.4230  22.42027357
  0.4240  23.21670742
  0.4250  23.99741848
  0.4260  24.76221026
  0.4270  25.51089629
  0.4280  26.24330011
  0.4290  26.95925521
  0.4300  27.65860498
  0.4310  28.34120269
  0.4320  29.00691144
  0.4330  29.65560413
  0.4340  30.28716340
  0.4350  30.90148158
  0.4360  31.49846066
  0.4370  32.07801222
  0.4380  32.64005740
  0.4390  33.18452677
  0.4400  33.71136036
  0.4410  34.22050752
  0.4420  34.71192688
  0.4430  35.18558627
  0.4440  35.64146263
  0.4450  36.07954194
  0.4460  36.49981914
  0.4470  36.90229800
  0.4480  37.28699107
  0.4490  37.65391956
  0.4500  38.00311324
  0.4510  38.33461035
  0.4520  38.64845746
  0.4530  38.94470940
  0.4540  39.22342908
  0.4550  39.48468747
  0.4560  39.72856337
  0.4570  39.95514337
  0.4580  40.16452167
  0.4590  40.35679999
  0.4600  40.53208740
  0.4610  40.69050019
  0.4620  40.83216178
  0.4630  40.95720249
  0.4640  41.06575950
  0.4650  41.15797661
  0.4660  41.23400416
  0.4670  41.29399883
  0.4680  41.33812355
  0.4690  41.36654728
  0.4700  41.37944489
  0.4710  41.37699699
  0.4720  41.35938979
  0.4730  41.32681494
  0.4740  41.27946931
  0.4750  41.21755492
  0.4760  41.14127871
  0.4770  41.05085239
  0.4780  40.94649228
  0.4790  40.82841915
  0.4800  40.69685803
  0.4810  40.55203807
  0.4820  40.39419233
  0.4830  40.22355768
  0.4840  40.04037453
  0.4850  39.84488677
  0.4860  39.63734152
  0.4870  39.41798899
  0.4880  39.18708232
  0.4890  38.94487737
  0.4900  38.69163260
  0.4910  38.42760888
  0.4920  38.15306931
  0.4930  37.86827906
  0.4940  37.57350522
  0.4950  37.26901660
  0.4960  36.95508359
  0.4970  36.63197799
  0.4980  36.29997283
  0.4990  35.95934223
  0.5000  35.61036123
  0.5010  35.25330563
  0.5020  34.88845180
  0.5030  34.51607660
  0.5040  34.13645713
  0.5050  33.74987064
  0.5060  33.35659437
  0.5070  32.95690537
  0.5080  32.55108037
  0.5090  32.13939563
  0.5100  31.72212679
  0.5110  31.29954876
  0.5120  30.87193551
  0.5130  30.43956000
  0.5140  30.00269400
  0.5150  29.56160799
  0.5160  29.11657099
  0.5170  28.66785045
  0.5180  28.21571213
  0.5190  27.76041997
  0.5200  27.30223594
  0.5210  26.84141998
  0.5220  26.37822983
  0.5230  25.91292092
  0.5240  25.44574631
  0.5250  24.97695651
  0.5260  24.50679943
  0.5270  24.03552024
  0.5280  23.56336128
  0.5290  23.09056201
  0.5300  22.61735882
  0.5310  22.14398502
  0.5320  21.67067072
  0.5330  21.19764276
  0.5340  20.72512459
  0.5350  20.25333624
  0.5360  19.78249422
  0.5370  19.31281143
  0.5380  18.84449713
  0.5390  18.37775683
  0.5400  17.91279227
  0.5410  17.44980131
  0.5420  16.98897791
  0.5430  16.53051208
  0.5440  16.07458978
  0.5450  15.62139294
  0.5460  15.17109934
  0.5470  14.72388262
  0.5480  14.27991225
  0.5490  13.83935343
  0.5500  13.40236713
  0.5510  12.96911001
  0.5520  12.53973441
  0.5530  12.11438831
  0.5540  11.69321537
  0.5550  11.27635481
  0.5560  10.86394148
  0.5570  10.45610581
  0.5580  10.05297382
  0.5590  9.65466707
  0.5600  9.26130271
  0.5610  8.87299346
  0.5620  8.48984759
  0.5630  8.11196895
  0.5640  7.73945696
  0.5650  7.37240666
  0.5660  7.01090866
  0.5670  6.65504921
  0.5680  6.30491020
  0.5690  5.96056917
  0.5700  5.62209937
  0.5710  5.28956977
  0.5720  4.96304510
  0.5730  4.64258590
  0.5740  4.32824856
  0.5750  4.02008541
  0.5760  3.71814475
  0.5770  3.42247101
  0.5780  3.13310481
  0.5790  2.85008322
  0.5800  2.57343994
  0.5810  2.30320573
  0.5820  2.03940908
  0.5830  1.78207722
  0.5840  1.53123821
  0.5850  1.28692498
  0.5860  1.04918439
  0.5870  0.81810059
  0.5880  0.59386817
  0.5890  0.37710684
  0.5900  0.17141695
  0.5910  0.07725969
  0.5920  0.25298395
  0.5930  0.44247972
  0.5940  0.62762928
  0.5950  0.80700709
  0.5960  0.98028961
  0.5970  1.14738000
  0.5980  1.30825409
  0.5990  1.46291814
  0.6000  1.61139391
  0.6010  1.75371247
  0.6020  1.88991123
  0.6030  2.02003242
  0.6040  2.14412223
  0.6050  2.26223027
  0.6060  2.37440920
  0.6070  2.48071453
  0.6080  2.58120437
  0.6090  2.67593935
  0.6100  2.76498245
  0.6110  2.84839890
  0.6120  2.92625610
  0.6130  2.99862352
  0.6140  3.06557260
  0.6150  3.12717669
  0.6160  3.18351096
  0.6170  3.23465231
  0.6180  3.28067934
  0.6190  3.32167223
  0.6200  3.35771266
  0.6210  3.38888380
  0.6220  3.41527017
  0.6230  3.43695760
  0.6240  3.45403316
  0.6250  3.46658510
  0.6260  3.47470276
  0.6270  3.47847650
  0.6280  3.47799765
  0.6290  3.47335844
  0.6300  3.46465193
  0.6310  3.45197195
  0.6320  3.43541301
  0.6330  3.41507026
  0.6340  3.39103945
  0.6350  3.36341680
  0.6360  3.33229900
  0.6370  3.29778313
  0.6380  3.25996656
  0.6390  3.21894698
  0.6400  3.17482224
  0.6410  3.12769036
  0.6420  3.07764946
  0.6430  3.02479767
  0.6440  2.96923314
  0.6450  2.91105391
  0.6460  2.85035791
  0.6470  2.78724290
  0.6480  2.72180639
  0.6490  2.65414562
  0.6500  2.58435751
  0.6510  2.51253859
  0.6520  2.43878498
  0.6530  2.36319232
  0.6540  2.28585572
  0.6550  2.20686978
  0.6560  2.12632846
  0.6570  2.04432509
  0.6580  1.96095235
  0.6590  1.87630217
  0.6600  1.79046576
  0.6610  1.70353356
  0.6620  1.61559518
  0.6630  1.52673944
  0.6640  1.43705431
  0.6650  1.34662691
  0.6660  1.25554356
  0.6670  1.16388977
  0.6680  1.07175031
  0.6690  0.97920939
  0.6700  0.88635081
  0.6710  0.79325847
  0.6720  0.70001702
  0.6730  0.60671345
  0.6740  0.51344018
  0.6750  0.42030236
  0.6760  0.32743756
  0.6770  0.23508149
  0.6780  0.14388300
  0.6790  0.05817264
  0.6800  0.05576005
  0.6810  0.14010399
  0.6820  0.22945145
  0.6830  0.31909938
  0.6840  0.40837954
  0.6850  0.49706180
  0.6860  0.58502081
  0.6870  0.67216735
  0.6880  0.75842806
  0.6890  0.84373789
  0.6900  0.92803684
  0.6910  1.01126845
  0.6920  1.09337901
  0.6930  1.17431711
  0.6940  1.25403335
  0.6950  1.33248025
  0.6960  1.40961210
  0.6970  1.48538492
  0.6980  1.55975641
  0.6990  1.63268592
  0.7000  1.70413447
  0.7010  1.77406464
  0.7020  1.84244067
  0.7030  1.90922838
  0.7040  1.97439517
  0.7050  2.03791005
  0.7060  2.09974359
  0.7070  2.15986794
  0.7080  2.21825680
  0.7090  2.27488545
  0.7100  2.32973072
  0.7110  2.38277096
  0.7120  2.43398608
  0.7130  2.48335750
  0.7140  2.53086818
  0.7150  2.57650257
  0.7160  2.62024662
  0.7170  2.66208777
  0.7180  2.70201493
  0.7190  2.74001848
  0.7200  2.77609026
  0.7210  2.81022353
  0.7220  2.84241299
  0.7230  2.87265472
  0.7240  2.90094623
  0.7250  2.92728638
  0.7260  2.95167542
  0.7270  2.97411493
  0.7280  2.99460780
  0.7290  3.01315827
  0.7300  3.02977184
  0.7310  3.04445530
  0.7320  3.05721668
  0.7330  3.06806526
  0.7340  3.07701152
  0.7350  3.08406714
  0.7360  3.08924496
  0.7370  3.09255899
  0.7380  3.09402434
  0.7390  3.09365725
  0.7400  3.09147502
  0.7410  3.08749603
  0.7420  3.08173967
  0.7430  3.07422635
  0.7440  3.06497747
  0.7450  3.05401538
  0.7460  3.04136337
  0.7470  3.02704565
  0.7480  3.01108729
  0.7490  2.99351424
  0.7500  2.97435326
  0.7510  2.95363194
  0.7520  2.93137861
  0.7530  2.90762240
  0.7540  2.88239313
  0.7550  2.85572131
  0.7560  2.82763815
  0.7570  2.79817549
  0.7580  2.76736576
  0.7590  2.73524202
  0.7600  2.70183786
  0.7610  2.66718741
  0.7620  2.63132531
  0.7630  2.59428667
  0.7640  2.55610706
  0.7650  2.51682247
  0.7660  2.47646928
  0.7670  2.43508426
  0.7680  2.39270452
  0.7690  2.34936748
  0.7700  2.30511087
  0.7710  2.25997269
  0.7720  2.21399117
  0.7730  2.16720480
  0.7740  2.11965225
  0.7750  2.07137238
  0.7760  2.02240421
  0.7770  1.97278693
  0.7780  1.92255984
  0.7790  1.87176238
  0.7800  1.82043407
  0.7810  1.76861455
  0.7820  1.71634357
  0.7830  1.66366096
  0.7840  1.61060667
  0.7850  1.55722074
  0.7860  1.50354338
  0.7870  1.44961497
  0.7880  1.39547609
  0.7890  1.34116762
  0.7900  1.28673079
  0.7910  1.23220729
  0.7920  1.17763946
  0.7930  1.12307042
  0.7940  1.06854436
  0.7950  1.01410686
  0.7960  0.95980535
  0.7970  0.90568973
  0.7980  0.85181315
  0.7990  0.79823320
  0.8000  0.74501344
  0.8010  0.69222576
  0.8020  0.63995356
  0.8030  0.58829665
  0.8040  0.53737856
  0.8050  0.48735777
  0.8060  0.43844560
  0.8070  0.39093504
  0.8080  0.34524837
  0.8090  0.30201631
  0.8100  0.26220672
  0.8110  0.22731422
  0.8120  0.19955513
  0.8130  0.18178319
  0.8140  0.17655963
  0.8150  0.18447749
  0.8160  0.20356591
  0.8170  0.23066474
  0.8180  0.26294295
  0.8190  0.29839190
  0.8200  0.33570538
  0.8210  0.37404781
  0.8220  0.41287640
  0.8230  0.45182848
  0.8240  0.49065375
  0.8250  0.52917373
  0.8260  0.56725715
  0.8270  0.60480465
  0.8280  0.64173896
  0.8290  0.67799861
  0.8300  0.71353361
  0.8310  0.74830259
  0.8320  0.78227076
  0.8330  0.81540844
  0.8340  0.84769007
  0.8350  0.87909341
  0.8360  0.90959899
  0.8370  0.93918967
  0.8380  0.96785033
  0.8390  0.99556757
  0.8400  1.02232958
  0.8410  1.04812591
  0.8420  1.07294739
  0.8430  1.09678600
  0.8440  1.11963482
  0.8450  1.14148792
  0.8460  1.16234032
  0.8470  1.18218793
  0.8480  1.20102754
  0.8490  1.21885674
  0.8500  1.23567391
  0.8510  1.25147819
  0.8520  1.26626946
  0.8530  1.28004829
  0.8540  1.29281596
  0.8550  1.30457441
  0.8560  1.31532622
  0.8570  1.32507463
  0.8580  1.33382347
  0.8590  1.34157719
  0.8600  1.34834082
  0.8610  1.35411998
  0.8620  1.35892084
  0.8630  1.36275012
  0.8640  1.36561507
  0.8650  1.36752349
  0.8660  1.36848366
  0.8670  1.36850439
  0.8680  1.36759496
  0.8690  1.36576514
  0.8700  1.36302518
  0.8710  1.35938578
  0.8720  1.35485807
  0.8730  1.34945366
  0.8740  1.34318456
  0.8750  1.33606322
  0.8760  1.32810250
  0.8770  1.31931566
  0.8780  1.30971636
  0.8790  1.29931867
  0.8800  1.28813703
  0.8810  1.27618625
  0.8820  1.26348154
  0.8830  1.25003847
  0.8840  1.23587298
  0.8850  1.22100138
  0.8860  1.20544034
  0.8870  1.18920690
  0.8880  1.17231846
  0.8890  1.15479282
  0.8900  1.13664812
  0.8910  1.11790293
  0.8920  1.09857619
  0.8930  1.07868727
  0.8940  1.05825596
  0.8950  1.03730253
  0.8960  1.01584770
  0.8970  0.99391274
  0.8980  0.97151948
  0.8990  0.94869035
  0.9000  0.92544847
  0.9010  0.90181770
  0.9020  0.87782273
  0.9030  0.85348923
  0.9040  0.82884392
  0.9050  0.80391477
  0.9060  0.77873116
  0.9070  0.75332416
  0.9080  0.72772675
  0.9090  0.70197421
  0.9100  0.67610452
  0.9110  0.65015890
  0.9120  0.62418241
  0.9130  0.59822478
  0.9140  0.57234135
  0.9150  0.54659431
  0.9160  0.52105416
  0.9170  0.49580158
  0.9180  0.47092967
  0.9190  0.44654675
  0.9200  0.42277960
  0.9210  0.39977732
  0.9220  0.37771553
  0.9230  0.35680067
  0.9240  0.33727360
  0.9250  0.31941117
  0.9260  0.30352378
  0.9270  0.28994610
  0.9280  0.27901817
  0.9290  0.27105573
  0.9300  0.26631221
  0.9310  0.26494016
  0.9320  0.26696389
  0.9330  0.27227347
  0.9340  0.28064249
  0.9350  0.29176301
  0.9360  0.30528580
  0.9370  0.32085549
  0.9380  0.33813530
  0.9390  0.35682097
  0.9400  0.37664619
  0.9410  0.39738249
  0.9420  0.41883615
  0.9430  0.44084382
  0.9440  0.46326796
  0.9450  0.48599253
  0.9460  0.50891926
  0.9470  0.53196449
  0.9480  0.55505651
  0.9490  0.57813347
  0.9500  0.60114161
  0.9510  0.62403386
  0.9520  0.64676873
  0.9530  0.66930938
  0.9540  0.69162291
  0.9550  0.71367972
  0.9560  0.73545304
  0.9570  0.75691854
  0.9580  0.77805402
  0.9590  0.79883907
  0.9600  0.81925494
  0.9610  0.83928428
  0.9620  0.85891104
  0.9630  0.87812030
  0.9640  0.89689819
  0.9650  0.91523178
  0.9660  0.93310903
  0.9670  0.95051868
  0.9680  0.96745025
  0.9690  0.98389395
  0.9700  0.99984064
  0.9710  1.01528182
  0.9720  1.03020959
  0.9730  1.04461663
  0.9740  1.05849614
  0.9750  1.07184186
  0.9760  1.08464806
  0.9770  1.09690949
  0.9780  1.10862138
  0.9790  1.11977943
  0.9800  1.13037981
  0.9810  1.14041913
  0.9820  1.14989444
  0.9830  1.15880324
  0.9840  1.16714344
  0.9850  1.17491337
  0.9860  1.18211178
  0.9870  1.18873782
  0.9880  1.19479107
  0.9890  1.20027146
  0.9900  1.20517935
  0.9910  1.20951548
  0.9920  1.21328096
  0.9930  1.21647729
  0.9940  1.21910635
  0.9950  1.22117037
  0.9960  1.22267196
  0.9970  1.22361408
  0.9980  1.22400007
  0.9990  1.22383359
