  0.0000  49.61239905
  0.0010  49.58895844
  0.0020  49.51864554
  0.0030  49.40148720
  0.0040  49.23752812
  0.0050  49.02683087
  0.0060  48.76947584
  0.0070  48.46556125
  0.0080  48.11520305
  0.0090  47.71853492
  0.0100  47.27570822
  0.0110  46.78689188
  0.0120  46.25227239
  0.0130  45.67205368
  0.0140  45.04645708
  0.0150  44.37572120
  0.0160  43.66010185
  0.0170  42.89987192
  0.0180  42.09532130
  0.0190  41.24675675
  0.0200  40.35450177
  0.0210  39.41889648
  0.0220  38.44029748
  0.0230  37.41907772
  0.0240  36.35562634
  0.0250  35.25034851
  0.0260  34.10366528
  0.0270  32.91601341
  0.0280  31.68784519
  0.0290  30.41962828
  0.0300  29.11184549
  0.0310  27.76499462
  0.0320  26.37958824
  0.0330  24.95615352
  0.0340  23.49523198
  0.0350  21.99737930
  0.0360  20.46316509
  0.0370  18.89317270
  0.0380  17.28799894
  0.0390  15.64825392
  0.0400  13.97456077
  0.0410  12.26755546
  0.0420  10.52788664
  0.0430  8.75621554
  0.0440  6.95321621
  0.0450  5.11957681
  0.0460  3.25600628
  0.0470  1.36329998
  0.0480  0.55896189
  0.0490  2.50765938
  0.0500  4.48384136
  0.0510  6.48637307
  0.0520  8.51447017
  0.0530  10.56735862
  0.0540  12.64425929
  0.0550  14.74438550
  0.0560  16.86694258
  0.0570  19.01112789
  0.0580  21.17613103
  0.0590  23.36113412
  0.0600  25.56531208
  0.0610  27.78783294
  0.0620  30.02785816
  0.0630  32.28454295
  0.0640  34.55703661
  0.0650  36.84448287
  0.0660  39.14602017
  0.0670  41.46078207
  0.0680  43.78789754
  0.0690  46.12649131
  0.0700  48.47568421
  0.0710  50.83459353
  0.0720  53.20233335
  0.0730  55.57801488
  0.0740  57.96074682
  0.0750  60.34963569
  0.0760  62.74378620
  0.0770  65.14230157
  0.0780  67.54428389
  0.0790  69.94883450
  0.0800  72.35505428
  0.0810  74.76204403
  0.0820  77.16890483
  0.0830  79.57473836
  0.0840  81.97864725
  0.0850  84.37973545
  0.0860  86.77710854
  0.0870  89.16987412
  0.0880  91.55714210
  0.0890  93.93802507
  0.0900  96.31163866
  0.0910  98.67710181
  0.0920  101.03353720
  0.0930  103.38007151
  0.0940  105.71583577
  0.0950  108.03996572
  0.0960  110.35160210
  0.0970  112.64989102
  0.0980  114.93398423
  0.0990  117.20303948
  0.1000  119.45622081
  0.1010  121.69269891
  0.1020  123.91165137
  0.1030  126.11226305
  0.1040  128.29372633
  0.1050  130.45524145
  0.1060  132.59601679
  0.1070  134.71526920
  0.1080  136.81222421
  0.1090  138.88611642
  0.1100  140.93618970
  0.1110  142.96169751
  0.1120  144.96190317
  0.1130  146.93608012
  0.1140  148.88351219
  0.1150  150.80349387
  0.1160  152.69533055
  0.1170  154.55833879
  0.1180  156.39184656
  0.1190  158.19519345
  0.1200  159.96773099
  0.1210  161.70882277
  0.1220  163.41784478
  0.1230  165.09418553
  0.1240  166.73724634
  0.1250  168.34644151
  0.1260  169.92119855
  0.1270  171.46095835
  0.1280  172.96517540
  0.1290  174.43331796
  0.1300  175.86486826
  0.1310  177.25932265
  0.1320  178.61619179
  0.1330  179.93500083
  0.1340  181.21528950
  0.1350  182.45661236
  0.1360  183.65853885
  0.1370  184.82065349
  0.1380  185.94255601
  0.1390  187.02386142
  0.1400  188.06420022
  0.1410  189.06321843
  0.1420  190.02057773
  0.1430  190.93595560
  0.1440  191.80904533
  0.1450  192.63955618
  0.1460  193.42721343
  0.1470  194.17175846
  0.1480  194.87294881
  0.1490  195.53055825
  0.1500  196.14437685
  0.1510  196.71421097
  0.1520  197.23988338
  0.1530  197.72123323
  0.1540  198.15811612
  0.1550  198.55040408
  0.1560  198.89798564
  0.1570  199.20076578
  0.1580  199.45866596
  0.1590  199.67162412
  0.1600  199.83959466
  0.1610  199.96254840
  0.1620  200.04047259
  0.1630  200.07337087
  0.1640  200.06126321
  0.1650  200.00418588
  0.1660  199.90219139
  0.1670  199.75534846
  0.1680  199.56374192
  0.1690  199.32747265
  0.1700  199.04665752
  0.1710  198.72142929
  0.1720  198.35193651
  0.1730  197.93834346
  0.1740  197.48083001
  0.1750  196.97959154
  0.1760  196.43483881
  0.1770  195.84679784
  0.1780  195.21570981
  0.1790  194.54183089
  0.1800  193.82543211
  0.1810  193.06679927
  0.1820  192.26623270
  0.1830  191.42404720
  0.1840  190.54057182
  0.1850  189.61614969
  0.1860  188.65113791
  0.1870  187.64590732
  0.1880  186.60084233
  0.1890  185.51634076
  0.1900  184.39281362
  0.1910  183.23068492
  0.1920  182.03039150
  0.1930  180.79238279
  0.1940  179.51712060
  0.1950  178.20507896
  0.1960  176.85674382
  0.1970  175.47261290
  0.1980  174.05319543
  0.1990  172.59901192
  0.2000  171.11059394
  0.2010  169.58848387
  0.2020  168.03323467
  0.2030  166.44540962
  0.2040  164.82558208
  0.2050  163.17433526
  0.2060  161.49226191
  0.2070  159.77996412
  0.2080  158.03805304
  0.2090  156.26714858
  0.2100  154.46787920
  0.2110  152.64088162
  0.2120  150.78680053
  0.2130  148.90628832
  0.2140  147.00000485
  0.2150  145.06861709
  0.2160  143.11279891
  0.2170  141.13323078
  0.2180  139.13059945
  0.2190  137.10559772
  0.2200  135.05892410
  0.2210  132.99128257
  0.2220  130.90338224
  0.2230  128.79593711
  0.2240  126.66966574
  0.2250  124.52529097
  0.2260  122.36353962
  0.2270  120.18514223
  0.2280  117.99083269
  0.2290  115.78134804
  0.2300  113.55742811
  0.2310  111.31981522
  0.2320  109.06925393
  0.2330  106.80649071
  0.2340  104.53227367
  0.2350  102.24735224
  0.2360  99.95247687
  0.2370  97.64839879
  0.2380  95.33586964
  0.2390  93.01564126
  0.2400  90.68846532
  0.2410  88.35509309
  0.2420  86.01627513
  0.2430  83.67276099
  0.2440  81.32529895
  0.2450  78.97463571
  0.2460  76.62151614
  0.2470  74.26668295
  0.2480  71.91087649
  0.2490  69.55483437
  0.2500  67.19929128
  0.2510  64.84497867
  0.2520  62.49262450
  0.2530  60.14295293
  0.2540  57.79668414
  0.2550  55.45453399
  0.2560  53.11721377
  0.2570  50.78543002
  0.2580  48.45988417
  0.2590  46.14127238
  0.2600  43.83028524
  0.2610  41.52760756
  0.2620  39.23391811
  0.2630  36.94988941
  0.2640  34.67618749
  0.2650  32.41347167
  0.2660  30.16239434
  0.2670  27.92360077
  0.2680  25.69772891
  0.2690  23.48540922
  0.2700  21.28726451
  0.2710  19.10390985
  0.2720  16.93595256
  0.2730  14.78399231
  0.2740  12.64862164
  0.2750  10.53042720
  0.2760  8.42999311
  0.2770  6.34791124
  0.2780  4.28482118
  0.2790  2.24166750
  0.2800  0.23365297
  0.2810  1.79010296
  0.2820  3.77161291
  0.2830  5.73247871
  0.2840  7.67157931
  0.2850  9.58831752
  0.2860  11.48218464
  0.2870  13.35270405
  0.2880  15.19941782
  0.2890  17.02188244
  0.2900  18.81966715
  0.2910  20.59235332
  0.2920  22.33953416
  0.2930  24.06081458
  0.2940  25.75581121
  0.2950  27.42415239
  0.2960  29.06547825
  0.2970  30.67944072
  0.2980  32.26570360
  0.2990  33.82394262
  0.3000  35.35384551
  0.3010  36.85511202
  0.3020  38.32745400
  0.3030  39.77059542
  0.3040  41.18427242
  0.3050  42.56823337
  0.3060  43.92223884
  0.3070  45.24606169
  0.3080  46.53948705
  0.3090  47.80231238
  0.3100  49.03434742
  0.3110  50.23541424
  0.3120  51.40534721
  0.3130  52.54399306
  0.3140  53.65121077
  0.3150  54.72687165
  0.3160  55.77085925
  0.3170  56.78306939
  0.3180  57.76341010
  0.3190  58.71180158
  0.3200  59.62817619
  0.3210  60.51247837
  0.3220  61.36466463
  0.3230  62.18470347
  0.3240  62.97257532
  0.3250  63.72827248
  0.3260  64.45179908
  0.3270  65.14317096
  0.3280  65.80241563
  0.3290  66.42957217
  0.3300  67.02469117
  0.3310  67.58783459
  0.3320  68.11907571
  0.3330  68.61849903
  0.3340  69.08620015
  0.3350  69.52228565
  0.3360  69.92687301
  0.3370  70.30009049
  0.3380  70.64207700
  0.3390  70.95298198
  0.3400  71.23296527
  0.3410  71.48219700
  0.3420  71.70085742
  0.3430  71.88913682
  0.3440  72.04723532
  0.3450  72.17536278
  0.3460  72.27373864
  0.3470  72.34259176
  0.3480  72.38216026
  0.3490  72.39269139
  0.3500  72.37444136
  0.3510  72.32767516
  0.3520  72.25266641
  0.3530  72.14969723
  0.3540  72.01905798
  0.3550  71.86104718
  0.3560  71.67597127
  0.3570  71.46414449
  0.3580  71.22588864
  0.3590  70.96153296
  0.3600  70.67141388
  0.3610  70.35587490
  0.3620  70.01526637
  0.3630  69.64994529
  0.3640  69.26027515
  0.3650  68.84662572
  0.3660  68.40937286
  0.3670  67.94889832
  0.3680  67.46558955
  0.3690  66.95983952
  0.3700  66.43204647
  0.3710  65.88261379
  0.3720  65.31194973
  0.3730  64.72046728
  0.3740  64.10858392
  0.3750  63.47672142
  0.3760  62.82530567
  0.3770  62.15476644
  0.3780  61.46553720
  0.3790  60.75805491
  0.3800  60.03275982
  0.3810  59.29009526
  0.3820  58.53050743
  0.3830  57.75444521
  0.3840  56.96235997
  0.3850  56.15470534
  0.3860  55.33193700
  0.3870  54.49451253
  0.3880  53.64289115
  0.3890  52.77753356
  0.3900  51.89890172
  0.3910  51.00745866
  0.3920  50.10366828
  0.3930  49.18799515
  0.3940  48.26090432
  0.3950  47.32286112
  0.3960  46.37433098
  0.3970  45.41577922
  0.3980  44.44767086
  0.3990  43.47047047
  0.4000  42.48464192
  0.4010  41.49064824
  0.4020  40.48895143
  0.4030  39.48001226
  0.4040  38.46429011
  0.4050  37.44224279
  0.4060  36.41432634
  0.4070  35.38099489
  0.4080  34.34270047
  0.4090  33.29989284
  0.4100  32.25301933
  0.4110  31.20252466
  0.4120  30.14885081
  0.4130  29.09243682
  0.4140  28.03371866
  0.4150  26.97312907
  0.4160  25.91109740
  0.4170  24.84804948
  0.4180  23.78440743
  0.4190  22.72058957
  0.4200  21.65701025
  0.4210  20.59407971
  0.4220  19.53220396
  0.4230  18.47178463
  0.4240  17.41321886
  0.4250  16.35689916
  0.4260  15.30321328
  0.4270  14.25254413
  0.4280  13.20526961
  0.4290  12.16176254
  0.4300  11.12239055
  0.4310  10.08751594
  0.4320  9.05749565
  0.4330  8.03268109
  0.4340  7.01341817
  0.4350  6.00004719
  0.4360  4.99290292
  0.4370  3.99231482
  0.4380  2.99860795
  0.4390  2.01210665
  0.4400  1.03315965
  0.4410  0.06446963
  0.4420  0.90153300
  0.4430  1.85615903
  0.4440  2.80217164
  0.4450  3.73924205
  0.4460  4.66708886
  0.4470  5.58544368
  0.4480  6.49404655
  0.4490  7.39264488
  0.4500  8.28099306
  0.4510  9.15885240
  0.4520  10.02599110
  0.4530  10.88218422
  0.4540  11.72721371
  0.4550  12.56086841
  0.4560  13.38294411
  0.4570  14.19324351
  0.4580  14.99157628
  0.4590  15.77775903
  0.4600  16.55161535
  0.4610  17.31297581
  0.4620  18.06167794
  0.4630  18.79756626
  0.4640  19.52049227
  0.4650  20.23031441
  0.4660  20.92689810
  0.4670  21.61011569
  0.4680  22.27984648
  0.4690  22.93597665
  0.4700  23.57839929
  0.4710  24.20701434
  0.4720  24.82172858
  0.4730  25.42245559
  0.4740  26.00911574
  0.4750  26.58163611
  0.4760  27.13995049
  0.4770  27.68399934
  0.4780  28.21372970
  0.4790  28.72909519
  0.4800  29.23005597
  0.4810  29.71657862
  0.4820  30.18863617
  0.4830  30.64620797
  0.4840  31.08927968
  0.4850  31.51784320
  0.4860  31.93189660
  0.4870  32.33144403
  0.4880  32.71649570
  0.4890  33.08706777
  0.4900  33.44318232
  0.4910  33.78486721
  0.4920  34.11215609
  0.4930  34.42508823
  0.4940  34.72370852
  0.4950  35.00806733
  0.4960  35.27822049
  0.4970  35.53422912
  0.4980  35.77615961
  0.4990  36.00408354
  0.5000  36.21807751
  0.5010  36.41822315
  0.5020  36.60460695
  0.5030  36.77732021
  0.5040  36.93645894
  0.5050  37.08212372
  0.5060  37.21441969
  0.5070  37.33345635
  0.5080  37.43934756
  0.5090  37.53221135
  0.5100  37.61216988
  0.5110  37.67934932
  0.5120  37.73387975
  0.5130  37.77589503
  0.5140  37.80553274
  0.5150  37.82293404
  0.5160  37.82824361
  0.5170  37.82160946
  0.5180  37.80318294
  0.5190  37.77311851
  0.5200  37.73157375
  0.5210  37.67870915
  0.5220  37.61468809
  0.5230  37.53967667
  0.5240  37.45384362
  0.5250  37.35736023
  0.5260  37.25040018
  0.5270  37.13313948
  0.5280  37.00575634
  0.5290  36.86843108
  0.5300  36.72134600
  0.5310  36.56468530
  0.5320  36.39863494
  0.5330  36.22338259
  0.5340  36.03911746
  0.5350  35.84603023
  0.5360  35.64431295
  0.5370  35.43415893
  0.5380  35.21576262
  0.5390  34.98931952
  0.5400  34.75502610
  0.5410  34.51307967
  0.5420  34.26367829
  0.5430  34.00702065
  0.5440  33.74330601
  0.5450  33.47273410
  0.5460  33.19550498
  0.5470  32.91181897
  0.5480  32.62187659
  0.5490  32.32587839
  0.5500  32.02402493
  0.5510  31.71651666
  0.5520  31.40355382
  0.5530  31.08533636
  0.5540  30.76206386
  0.5550  30.43393543
  0.5560  30.10114965
  0.5570  29.76390445
  0.5580  29.42239705
  0.5590  29.07682388
  0.5600  28.72738049
  0.5610  28.37426148
  0.5620  28.01766042
  0.5630  27.65776978
  0.5640  27.29478083
  0.5650  26.92888362
  0.5660  26.56026686
  0.5670  26.18911786
  0.5680  25.81562250
  0.5690  25.43996511
  0.5700  25.06232844
  0.5710  24.68289358
  0.5720  24.30183992
  0.5730  23.91934506
  0.5740  23.53558478
  0.5750  23.15073298
  0.5760  22.76496159
  0.5770  22.37844057
  0.5780  21.99133783
  0.5790  21.60381917
  0.5800  21.21604826
  0.5810  20.82818657
  0.5820  20.44039333
  0.5830  20.05282552
  0.5840  19.66563776
  0.5850  19.27898235
  0.5860  18.89300916
  0.5870  18.50786566
  0.5880  18.12369683
  0.5890  17.74064516
  0.5900  17.35885063
  0.5910  16.97845062
  0.5920  16.59957995
  0.5930  16.22237085
  0.5940  15.84695288
  0.5950  15.47345296
  0.5960  15.10199534
  0.5970  14.73270157
  0.5980  14.36569049
  0.5990  14.00107821
  0.6000  13.63897813
  0.6010  13.27950087
  0.6020  12.92275431
  0.6030  12.56884357
  0.6040  12.21787101
  0.6050  11.86993619
  0.6060  11.52513593
  0.6070  11.18356428
  0.6080  10.84531252
  0.6090  10.51046917
  0.6100  10.17912002
  0.6110  9.85134811
  0.6120  9.52723378
  0.6130  9.20685465
  0.6140  8.89028569
  0.6150  8.57759921
  0.6160  8.26886490
  0.6170  7.96414988
  0.6180  7.66351875
  0.6190  7.36703360
  0.6200  7.07475411
  0.6210  6.78673763
  0.6220  6.50303921
  0.6230  6.22371174
  0.6240  5.94880605
  0.6250  5.67837104
  0.6260  5.41245387
  0.6270  5.15110014
  0.6280  4.89435411
  0.6290  4.64225904
  0.6300  4.39485753
  0.6310  4.15219202
  0.6320  3.91430532
  0.6330  3.68124143
  0.6340  3.45304650
  0.6350  3.22977009
  0.6360  3.01146699
  0.6370  2.79819950
  0.6380  2.59004068
  0.6390  2.38707897
  0.6400  2.18942467
  0.6410  1.99721951
  0.6420  1.81065097
  0.6430  1.62997426
  0.6440  1.45554699
  0.6450  1.28788552
  0.6460  1.12775903
  0.6470  0.97635093
  0.6480  0.83553929
  0.6490  0.70837592
  0.6500  0.59981943
  0.6510  0.51744351
  0.6520  0.47064081
  0.6530  0.46584776
  0.6540  0.50040102
  0.6550  0.56385904
  0.6560  0.64501828
  0.6570  0.73574210
  0.6580  0.83094776
  0.6590  0.92758165
  0.6600  1.02379401
  0.6610  1.11843667
  0.6620  1.21077760
  0.6630  1.30033906
  0.6640  1.38680393
  0.6650  1.46995988
  0.6660  1.54966505
  0.6670  1.62582633
  0.6680  1.69838520
  0.6690  1.76730834
  0.6700  1.83258109
  0.6710  1.89420302
  0.6720  1.95218464
  0.6730  2.00654510
  0.6740  2.05731045
  0.6750  2.10451237
  0.6760  2.14818713
  0.6770  2.18837488
  0.6780  2.22511900
  0.6790  2.25846569
  0.6800  2.28846351
  0.6810  2.31516311
  0.6820  2.33861699
  0.6830  2.35887923
  0.6840  2.37600537
  0.6850  2.39005218
  0.6860  2.40107761
  0.6870  2.40914060
  0.6880  2.41430102
  0.6890  2.41661956
  0.6900  2.41615766
  0.6910  2.41297740
  0.6920  2.40714148
  0.6930  2.39871313
  0.6940  2.38775605
  0.6950  2.37433435
  0.6960  2.35851254
  0.6970  2.34035544
  0.6980  2.31992813
  0.6990  2.29729598
  0.7000  2.27252451
  0.7010  2.24567944
  0.7020  2.21682662
  0.7030  2.18603199
  0.7040  2.15336159
  0.7050  2.11888147
  0.7060  2.08265777
  0.7070  2.04475659
  0.7080  2.00524406
  0.7090  1.96418628
  0.7100  1.92164935
  0.7110  1.87769935
  0.7120  1.83240233
  0.7130  1.78582438
  0.7140  1.73803161
  0.7150  1.68909018
  0.7160  1.63906640
  0.7170  1.58802676
  0.7180  1.53603801
  0.7190  1.48316733
  0.7200  1.42948243
  0.7210  1.37505180
  0.7220  1.31994493
  0.7230  1.26423267
  0.7240  1.20798767
  0.7250  1.15128494
  0.7260  1.09420266
  0.7270  1.03682319
  0.7280  0.97923445
  0.7290  0.92153183
  0.7300  0.86382086
  0.7310  0.80622089
  0.7320  0.74887043
  0.7330  0.69193487
  0.7340  0.63561793
  0.7350  0.58017885
  0.7360  0.52595870
  0.7370  0.47342087
  0.7380  0.42321358
  0.7390  0.37626343
  0.7400  0.33390434
  0.7410  0.29801475
  0.7420  0.27104231
  0.7430  0.25564136
  0.7440  0.25370355
  0.7450  0.26527487
  0.7460  0.28847510
  0.7470  0.32052936
  0.7480  0.35881758
  0.7490  0.40131163
  0.7500  0.44657318
  0.7510  0.49361099
  0.7520  0.54174072
  0.7530  0.59048196
  0.7540  0.63948943
  0.7550  0.68850840
  0.7560  0.73734595
  0.7570  0.78585214
  0.7580  0.83390766
  0.7590  0.88141540
  0.7600  0.92829475
  0.7610  0.97447760
  0.7620  1.01990545
  0.7630  1.06452744
  0.7640  1.10829876
  0.7650  1.15117961
  0.7660  1.19313433
  0.7670  1.23413076
  0.7680  1.27413976
  0.7690  1.31313482
  0.7700  1.35109176
  0.7710  1.38798851
  0.7720  1.42380486
  0.7730  1.45852238
  0.7740  1.49212425
  0.7750  1.52459513
  0.7760  1.55592114
  0.7770  1.58608972
  0.7780  1.61508959
  0.7790  1.64291072
  0.7800  1.66954424
  0.7810  1.69498241
  0.7820  1.71921863
  0.7830  1.74224732
  0.7840  1.76406397
  0.7850  1.78466506
  0.7860  1.80404807
  0.7870  1.82221142
  0.7880  1.83915450
  0.7890  1.85487757
  0.7900  1.86938183
  0.7910  1.88266932
  0.7920  1.89474296
  0.7930  1.90560651
  0.7940  1.91526453
  0.7950  1.92372239
  0.7960  1.93098626
  0.7970  1.93706305
  0.7980  1.94196045
  0.7990  1.94568685
  0.8000  1.94825138
  0.8010  1.94966387
  0.8020  1.94993481
  0.8030  1.94907536
  0.8040  1.94709735
  0.8050  1.94401321
  0.8060  1.93983599
  0.8070  1.93457936
  0.8080  1.92825753
  0.8090  1.92088530
  0.8100  1.91247800
  0.8110  1.90305150
  0.8120  1.89262216
  0.8130  1.88120684
  0.8140  1.86882287
  0.8150  1.85548806
  0.8160  1.84122063
  0.8170  1.82603923
  0.8180  1.80996292
  0.8190  1.79301114
  0.8200  1.77520370
  0.8210  1.75656078
  0.8220  1.73710286
  0.8230  1.71685076
  0.8240  1.69582559
  0.8250  1.67404875
  0.8260  1.65154190
  0.8270  1.62832695
  0.8280  1.60442604
  0.8290  1.57986151
  0.8300  1.55465592
  0.8310  1.52883199
  0.8320  1.50241262
  0.8330  1.47542085
  0.8340  1.44787984
  0.8350  1.41981288
  0.8360  1.39124337
  0.8370  1.36219476
  0.8380  1.33269059
  0.8390  1.30275447
  0.8400  1.27241002
  0.8410  1.24168091
  0.8420  1.21059081
  0.8430  1.17916340
  0.8440  1.14742235
  0.8450  1.11539129
  0.8460  1.08309385
  0.8470  1.05055360
  0.8480  1.01779406
  0.8490  0.98483871
  0.8500  0.95171097
  0.8510  0.91843420
  0.8520  0.88503170
  0.8530  0.85152673
  0.8540  0.81794251
  0.8550  0.78430223
  0.8560  0.75062910
  0.8570  0.71694634
  0.8580  0.68327730
  0.8590  0.64964545
  0.8600  0.61607451
  0.8610  0.58258859
  0.8620  0.54921233
  0.8630  0.51597116
  0.8640  0.48289163
  0.8650  0.45000187
  0.8660  0.41733230
  0.8670  0.38491665
  0.8680  0.35279346
  0.8690  0.32100851
  0.8700  0.28961858
  0.8710  0.25869784
  0.8720  0.22834871
  0.8730  0.19872170
  0.8740  0.17005293
  0.8750  0.14273916
  0.8760  0.11749308
  0.8770  0.09565667
  0.8780  0.07968689
  0.8790  0.07307613
  0.8800  0.07780858
  0.8810  0.09177980
  0.8820  0.11125439
  0.8830  0.13358053
  0.8840  0.15731558
  0.8850  0.18170171
  0.8860  0.20632324
  0.8870  0.23093762
  0.8880  0.25539430
  0.8890  0.27959443
  0.8900  0.30346980
  0.8910  0.32697123
  0.8920  0.35006191
  0.8930  0.37271336
  0.8940  0.39490295
  0.8950  0.41661230
  0.8960  0.43782616
  0.8970  0.45853178
  0.8980  0.47871829
  0.8990  0.49837645
  0.9000  0.51749833
  0.9010  0.53607713
  0.9020  0.55410705
  0.9030  0.57158318
  0.9040  0.58850141
  0.9050  0.60485838
  0.9060  0.62065140
  0.9070  0.63587846
  0.9080  0.65053813
  0.9090  0.66462960
  0.9100  0.67815261
  0.9110  0.69110747
  0.9120  0.70349499
  0.9130  0.71531653
  0.9140  0.72657395
  0.9150  0.73726958
  0.9160  0.74740628
  0.9170  0.75698736
  0.9180  0.76601662
  0.9190  0.77449830
  0.9200  0.78243712
  0.9210  0.78983825
  0.9220  0.79670729
  0.9230  0.80305030
  0.9240  0.80887376
  0.9250  0.81418459
  0.9260  0.81899015
  0.9270  0.82329818
  0.9280  0.82711690
  0.9290  0.83045488
  0.9300  0.83332115
  0.9310  0.83572512
  0.9320  0.83767661
  0.9330  0.83918586
  0.9340  0.84026348
  0.9350  0.84092048
  0.9360  0.84116829
  0.9370  0.84101868
  0.9380  0.84048386
  0.9390  0.83957639
  0.9400  0.83830921
  0.9410  0.83669567
  0.9420  0.83474947
  0.9430  0.83248469
  0.9440  0.82991578
  0.9450  0.82705757
  0.9460  0.82392523
  0.9470  0.82053432
  0.9480  0.81690074
  0.9490  0.81304074
  0.9500  0.80897090
  0.9510  0.80470818
  0.9520  0.80026982
  0.9530  0.79567341
  0.9540  0.79093683
  0.9550  0.78607826
  0.9560  0.78111616
  0.9570  0.77606924
  0.9580  0.77095647
  0.9590  0.76579700
  0.9600  0.76061020
  0.9610  0.75541559
  0.9620  0.75023278
  0.9630  0.74508151
  0.9640  0.73998152
  0.9650  0.73495256
  0.9660  0.73001431
  0.9670  0.72518633
  0.9680  0.72048799
  0.9690  0.71593841
  0.9700  0.71155639
  0.9710  0.70736032
  0.9720  0.70336809
  0.9730  0.69959707
  0.9740  0.69606392
  0.9750  0.69278460
  0.9760  0.68977423
  0.9770  0.68704700
  0.9780  0.68461612
  0.9790  0.68249370
  0.9800  0.68069072
  0.9810  0.67921691
  0.9820  0.67808073
  0.9830  0.67728931
  0.9840  0.67684838
  0.9850  0.67676229
  0.9860  0.67703397
  0.9870  0.67766489
  0.9880  0.67865515
  0.9890  0.68000343
  0.9900  0.68170705
  0.9910  0.68376202
  0.9920  0.68616312
  0.9930  0.68890389
  0.9940  0.69197680
  0.9950  0.69537326
  0.9960  0.69908374
  0.9970  0.70309788
  0.9980  0.70740452
  0.9990  0.71199185
