  0.0000  364.37607075
  0.0010  364.36557605
  0.0020  364.33409287
  0.0030  364.28162402
  0.0040  364.20817419
  0.0050  364.11374990
  0.0060  363.99835958
  0.0070  363.86201350
  0.0080  363.70472384
  0.0090  363.52650460
  0.0100  363.32737169
  0.0110  363.10734288
  0.0120  362.86643779
  0.0130  362.60467795
  0.0140  362.32208672
  0.0150  362.01868937
  0.0160  361.69451301
  0.0170  361.34958664
  0.0180  360.98394113
  0.0190  360.59760922
  0.0200  360.19062552
  0.0210  359.76302652
  0.0220  359.31485058
  0.0230  358.84613794
  0.0240  358.35693070
  0.0250  357.84727285
  0.0260  357.31721024
  0.0270  356.76679062
  0.0280  356.19606358
  0.0290  355.60508061
  0.0300  354.99389508
  0.0310  354.36256221
  0.0320  353.71113913
  0.0330  353.03968482
  0.0340  352.34826015
  0.0350  351.63692786
  0.0360  350.90575258
  0.0370  350.15480080
  0.0380  349.38414090
  0.0390  348.59384312
  0.0400  347.78397961
  0.0410  346.95462436
  0.0420  346.10585326
  0.0430  345.23774407
  0.0440  344.35037643
  0.0450  343.44383185
  0.0460  342.51819373
  0.0470  341.57354731
  0.0480  340.60997975
  0.0490  339.62758006
  0.0500  338.62643912
  0.0510  337.60664970
  0.0520  336.56830643
  0.0530  335.51150581
  0.0540  334.43634621
  0.0550  333.34292787
  0.0560  332.23135291
  0.0570  331.10172529
  0.0580  329.95415087
  0.0590  328.78873733
  0.0600  327.60559425
  0.0610  326.40483305
  0.0620  325.18656700
  0.0630  323.95091125
  0.0640  322.69798277
  0.0650  321.42790041
  0.0660  320.14078486
  0.0670  318.83675864
  0.0680  317.51594612
  0.0690  316.17847353
  0.0700  314.82446890
  0.0710  313.45406211
  0.0720  312.06738487
  0.0730  310.66457071
  0.0740  309.24575499
  0.0750  307.81107486
  0.0760  306.36066932
  0.0770  304.89467914
  0.0780  303.41324691
  0.0790  301.91651703
  0.0800  300.40463566
  0.0810  298.87775077
  0.0820  297.33601211
  0.0830  295.77957118
  0.0840  294.20858128
  0.0850  292.62319745
  0.0860  291.02357649
  0.0870  289.40987694
  0.0880  287.78225911
  0.0890  286.14088500
  0.0900  284.48591835
  0.0910  282.81752464
  0.0920  281.13587103
  0.0930  279.44112638
  0.0940  277.73346125
  0.0950  276.01304789
  0.0960  274.28006018
  0.0970  272.53467372
  0.0980  270.77706570
  0.0990  269.00741500
  0.1000  267.22590209
  0.1010  265.43270909
  0.1020  263.62801971
  0.1030  261.81201924
  0.1040  259.98489457
  0.1050  258.14683416
  0.1060  256.29802802
  0.1070  254.43866769
  0.1080  252.56894627
  0.1090  250.68905834
  0.1100  248.79920000
  0.1110  246.89956883
  0.1120  244.99036388
  0.1130  243.07178566
  0.1140  241.14403610
  0.1150  239.20731857
  0.1160  237.26183783
  0.1170  235.30780005
  0.1180  233.34541275
  0.1190  231.37488481
  0.1200  229.39642644
  0.1210  227.41024917
  0.1220  225.41656582
  0.1230  223.41559049
  0.1240  221.40753853
  0.1250  219.39262653
  0.1260  217.37107231
  0.1270  215.34309485
  0.1280  213.30891433
  0.1290  211.26875207
  0.1300  209.22283051
  0.1310  207.17137320
  0.1320  205.11460478
  0.1330  203.05275094
  0.1340  200.98603838
  0.1350  198.91469484
  0.1360  196.83894903
  0.1370  194.75903062
  0.1380  192.67517020
  0.1390  190.58759927
  0.1400  188.49655022
  0.1410  186.40225627
  0.1420  184.30495147
  0.1430  182.20487068
  0.1440  180.10224950
  0.1450  177.99732428
  0.1460  175.89033208
  0.1470  173.78151062
  0.1480  171.67109830
  0.1490  169.55933410
  0.1500  167.44645760
  0.1510  165.33270894
  0.1520  163.21832878
  0.1530  161.10355826
  0.1540  158.98863897
  0.1550  156.87381294
  0.1560  154.75932259
  0.1570  152.64541068
  0.1580  150.53232030
  0.1590  148.42029482
  0.1600  146.30957788
  0.1610  144.20041330
  0.1620  142.09304510
  0.1630  139.98771746
  0.1640  137.88467463
  0.1650  135.78416096
  0.1660  133.68642081
  0.1670  131.59169854
  0.1680  129.50023847
  0.1690  127.41228484
  0.1700  125.32808175
  0.1710  123.24787316
  0.1720  121.17190282
  0.1730  119.10041424
  0.1740  117.03365066
  0.1750  114.97185498
  0.1760  112.91526975
  0.1770  110.86413713
  0.1780  108.81869881
  0.1790  106.77919602
  0.1800  104.74586945
  0.1810  102.71895923
  0.1820  100.69870488
  0.1830  98.68534526
  0.1840  96.67911856
  0.1850  94.68026219
  0.1860  92.68901283
  0.1870  90.70560630
  0.1880  88.73027757
  0.1890  86.76326072
  0.1900  84.80478885
  0.1910  82.85509408
  0.1920  80.91440750
  0.1930  78.98295912
  0.1940  77.06097781
  0.1950  75.14869131
  0.1960  73.24632613
  0.1970  71.35410754
  0.1980  69.47225952
  0.1990  67.60100473
  0.2000  65.74056444
  0.2010  63.89115853
  0.2020  62.05300542
  0.2030  60.22632205
  0.2040  58.41132385
  0.2050  56.60822466
  0.2060  54.81723676
  0.2070  53.03857079
  0.2080  51.27243575
  0.2090  49.51903897
  0.2100  47.77858608
  0.2110  46.05128098
  0.2120  44.33732586
  0.2130  42.63692121
  0.2140  40.95026575
  0.2150  39.27755653
  0.2160  37.61898893
  0.2170  35.97475670
  0.2180  34.34505204
  0.2190  32.73006573
  0.2200  31.12998724
  0.2210  29.54500496
  0.2220  27.97530646
  0.2230  26.42107889
  0.2240  24.88250945
  0.2250  23.35978617
  0.2260  21.85309886
  0.2270  20.36264053
  0.2280  18.88860944
  0.2290  17.43121211
  0.2300  15.99066777
  0.2310  14.56721538
  0.2320  13.16112473
  0.2330  11.77271502
  0.2340  10.40238713
  0.2350  9.05068334
  0.2360  7.71840566
  0.2370  6.40687277
  0.2380  5.11854864
  0.2390  3.85885661
  0.2400  2.64285506
  0.2410  1.53129067
  0.2420  0.91409699
  0.2430  1.52379024
  0.2440  2.58261590
  0.2450  3.70761380
  0.2460  4.83935785
  0.2470  5.96304784
  0.2480  7.07335463
  0.2490  8.16787363
  0.2500  9.24533881
  0.2510  10.30500228
  0.2520  11.34638013
  0.2530  12.36913531
  0.2540  13.37301842
  0.2550  14.35783562
  0.2560  15.32343023
  0.2570  16.26967165
  0.2580  17.19644841
  0.2590  18.10366369
  0.2600  18.99123231
  0.2610  19.85907870
  0.2620  20.70713546
  0.2630  21.53534234
  0.2640  22.34364553
  0.2650  23.13199710
  0.2660  23.90035461
  0.2670  24.64868081
  0.2680  25.37694340
  0.2690  26.08511485
  0.2700  26.77317233
  0.2710  27.44109749
  0.2720  28.08887650
  0.2730  28.71649989
  0.2740  29.32396256
  0.2750  29.91126371
  0.2760  30.47840683
  0.2770  31.02539965
  0.2780  31.55225413
  0.2790  32.05898645
  0.2800  32.54561698
  0.2810  33.01217029
  0.2820  33.45867512
  0.2830  33.88516437
  0.2840  34.29167510
  0.2850  34.67824855
  0.2860  35.04493006
  0.2870  35.39176913
  0.2880  35.71881940
  0.2890  36.02613859
  0.2900  36.31378858
  0.2910  36.58183533
  0.2920  36.83034889
  0.2930  37.05940340
  0.2940  37.26907710
  0.2950  37.45945226
  0.2960  37.63061522
  0.2970  37.78265636
  0.2980  37.91567010
  0.2990  38.02975485
  0.3000  38.12501306
  0.3010  38.20155113
  0.3020  38.25947946
  0.3030  38.29891238
  0.3040  38.31996819
  0.3050  38.32276909
  0.3060  38.30744119
  0.3070  38.27411449
  0.3080  38.22292286
  0.3090  38.15400400
  0.3100  38.06749948
  0.3110  37.96355462
  0.3120  37.84231858
  0.3130  37.70394427
  0.3140  37.54858834
  0.3150  37.37641118
  0.3160  37.18757688
  0.3170  36.98225323
  0.3180  36.76061167
  0.3190  36.52282732
  0.3200  36.26907889
  0.3210  35.99954875
  0.3220  35.71442285
  0.3230  35.41389073
  0.3240  35.09814552
  0.3250  34.76738390
  0.3260  34.42180611
  0.3270  34.06161598
  0.3280  33.68702088
  0.3290  33.29823174
  0.3300  32.89546310
  0.3310  32.47893307
  0.3320  32.04886340
  0.3330  31.60547949
  0.3340  31.14901047
  0.3350  30.67968919
  0.3360  30.19775239
  0.3370  29.70344067
  0.3380  29.19699872
  0.3390  28.67867536
  0.3400  28.14872372
  0.3410  27.60740146
  0.3420  27.05497097
  0.3430  26.49169965
  0.3440  25.91786022
  0.3450  25.33373116
  0.3460  24.73959711
  0.3470  24.13574950
  0.3480  23.52248717
  0.3490  22.90011723
  0.3500  22.26895603
  0.3510  21.62933035
  0.3520  20.98157887
  0.3530  20.32605397
  0.3540  19.66312387
  0.3550  18.99317544
  0.3560  18.31661749
  0.3570  17.63388504
  0.3580  16.94544465
  0.3590  16.25180120
  0.3600  15.55350656
  0.3610  14.85117082
  0.3620  14.14547693
  0.3630  13.43719998
  0.3640  12.72723293
  0.3650  12.01662125
  0.3660  11.30661015
  0.3670  10.59870980
  0.3680  9.89478641
  0.3690  9.19719109
  0.3700  8.50894370
  0.3710  7.83399750
  0.3720  7.17761990
  0.3730  6.54693474
  0.3740  5.95166827
  0.3750  5.40509255
  0.3760  4.92498573
  0.3770  4.53400051
  0.3780  4.25814277
  0.3790  4.12181472
  0.3800  4.13982924
  0.3810  4.31101381
  0.3820  4.61889204
  0.3830  5.03877714
  0.3840  5.54540956
  0.3850  6.11724707
  0.3860  6.73755629
  0.3870  7.39389450
  0.3880  8.07714662
  0.3890  8.78062631
  0.3900  9.49937774
  0.3910  10.22967158
  0.3920  10.96865168
  0.3930  11.71408950
  0.3940  12.46421305
  0.3950  13.21758689
  0.3960  13.97302694
  0.3970  14.72953945
  0.3980  15.48627658
  0.3990  16.24250378
  0.4000  16.99757554
  0.4010  17.75091710
  0.4020  18.50201063
  0.4030  19.25038447
  0.4040  19.99560495
  0.4050  20.73726989
  0.4060  21.47500350
  0.4070  22.20845237
  0.4080  22.93728216
  0.4090  23.66117506
  0.4100  24.37982766
  0.4110  25.09294919
  0.4120  25.80026018
  0.4130  26.50149123
  0.4140  27.19638211
  0.4150  27.88468094
  0.4160  28.56614354
  0.4170  29.24053289
  0.4180  29.90761863
  0.4190  30.56717673
  0.4200  31.21898915
  0.4210  31.86284354
  0.4220  32.49853306
  0.4230  33.12585615
  0.4240  33.74461641
  0.4250  34.35462243
  0.4260  34.95568768
  0.4270  35.54763047
  0.4280  36.13027379
  0.4290  36.70344532
  0.4300  37.26697732
  0.4310  37.82070665
  0.4320  38.36447466
  0.4330  38.89812724
  0.4340  39.42151473
  0.4350  39.93449197
  0.4360  40.43691823
  0.4370  40.92865722
  0.4380  41.40957713
  0.4390  41.87955056
  0.4400  42.33845454
  0.4410  42.78617057
  0.4420  43.22258457
  0.4430  43.64758691
  0.4440  44.06107243
  0.4450  44.46294039
  0.4460  44.85309455
  0.4470  45.23144310
  0.4480  45.59789873
  0.4490  45.95237858
  0.4500  46.29480430
  0.4510  46.62510199
  0.4520  46.94320227
  0.4530  47.24904024
  0.4540  47.54255547
  0.4550  47.82369207
  0.4560  48.09239862
  0.4570  48.34862818
  0.4580  48.59233834
  0.4590  48.82349115
  0.4600  49.04205316
  0.4610  49.24799542
  0.4620  49.44129342
  0.4630  49.62192716
  0.4640  49.78988107
  0.4650  49.94514406
  0.4660  50.08770946
  0.4670  50.21757505
  0.4680  50.33474301
  0.4690  50.43921994
  0.4700  50.53101681
  0.4710  50.61014896
  0.4720  50.67663611
  0.4730  50.73050228
  0.4740  50.77177580
  0.4750  50.80048931
  0.4760  50.81667970
  0.4770  50.82038810
  0.4780  50.81165985
  0.4790  50.79054448
  0.4800  50.75709567
  0.4810  50.71137121
  0.4820  50.65343301
  0.4830  50.58334702
  0.4840  50.50118321
  0.4850  50.40701555
  0.4860  50.30092195
  0.4870  50.18298424
  0.4880  50.05328811
  0.4890  49.91192309
  0.4900  49.75898249
  0.4910  49.59456338
  0.4920  49.41876650
  0.4930  49.23169626
  0.4940  49.03346069
  0.4950  48.82417133
  0.4960  48.60394328
  0.4970  48.37289505
  0.4980  48.13114858
  0.4990  47.87882916
  0.5000  47.61606535
  0.5010  47.34298897
  0.5020  47.05973502
  0.5030  46.76644162
  0.5040  46.46324996
  0.5050  46.15030423
  0.5060  45.82775156
  0.5070  45.49574199
  0.5080  45.15442835
  0.5090  44.80396623
  0.5100  44.44451393
  0.5110  44.07623238
  0.5120  43.69928503
  0.5130  43.31383787
  0.5140  42.92005929
  0.5150  42.51812004
  0.5160  42.10819315
  0.5170  41.69045389
  0.5180  41.26507966
  0.5190  40.83224992
  0.5200  40.39214615
  0.5210  39.94495175
  0.5220  39.49085199
  0.5230  39.03003390
  0.5240  38.56268622
  0.5250  38.08899933
  0.5260  37.60916516
  0.5270  37.12337712
  0.5280  36.63183003
  0.5290  36.13472001
  0.5300  35.63224446
  0.5310  35.12460192
  0.5320  34.61199206
  0.5330  34.09461553
  0.5340  33.57267393
  0.5350  33.04636971
  0.5360  32.51590611
  0.5370  31.98148707
  0.5380  31.44331713
  0.5390  30.90160139
  0.5400  30.35654541
  0.5410  29.80835511
  0.5420  29.25723675
  0.5430  28.70339678
  0.5440  28.14704181
  0.5450  27.58837852
  0.5460  27.02761355
  0.5470  26.46495348
  0.5480  25.90060469
  0.5490  25.33477333
  0.5500  24.76766521
  0.5510  24.19948574
  0.5520  23.63043984
  0.5530  23.06073187
  0.5540  22.49056555
  0.5550  21.92014388
  0.5560  21.34966908
  0.5570  20.77934251
  0.5580  20.20936455
  0.5590  19.63993461
  0.5600  19.07125097
  0.5610  18.50351077
  0.5620  17.93690989
  0.5630  17.37164293
  0.5640  16.80790309
  0.5650  16.24588210
  0.5660  15.68577020
  0.5670  15.12775601
  0.5680  14.57202651
  0.5690  14.01876694
  0.5700  13.46816074
  0.5710  12.92038949
  0.5720  12.37563284
  0.5730  11.83406845
  0.5740  11.29587194
  0.5750  10.76121678
  0.5760  10.23027429
  0.5770  9.70321352
  0.5780  9.18020126
  0.5790  8.66140192
  0.5800  8.14697749
  0.5810  7.63708752
  0.5820  7.13188903
  0.5830  6.63153648
  0.5840  6.13618169
  0.5850  5.64597387
  0.5860  5.16105951
  0.5870  4.68158239
  0.5880  4.20768359
  0.5890  3.73950147
  0.5900  3.27717180
  0.5910  2.82082792
  0.5920  2.37060125
  0.5930  1.92662243
  0.5940  1.48902450
  0.5950  1.05795387
  0.5960  0.63362437
  0.5970  0.21698903
  0.5980  0.19803926
  0.5990  0.60078643
  0.6000  0.99762917
  0.6010  1.38750082
  0.6020  1.77020067
  0.6030  2.14560748
  0.6040  2.51362084
  0.6050  2.87414956
  0.6060  3.22710832
  0.6070  3.57241643
  0.6080  3.90999731
  0.6090  4.23977828
  0.6100  4.56169043
  0.6110  4.87566856
  0.6120  5.18165118
  0.6130  5.47958045
  0.6140  5.76940224
  0.6150  6.05106606
  0.6160  6.32452512
  0.6170  6.58973632
  0.6180  6.84666022
  0.6190  7.09526110
  0.6200  7.33550692
  0.6210  7.56736932
  0.6220  7.79082367
  0.6230  8.00584900
  0.6240  8.21242807
  0.6250  8.41054730
  0.6260  8.60019682
  0.6270  8.78137044
  0.6280  8.95406564
  0.6290  9.11828360
  0.6300  9.27402914
  0.6310  9.42131073
  0.6320  9.56014051
  0.6330  9.69053423
  0.6340  9.81251128
  0.6350  9.92609467
  0.6360  10.03131096
  0.6370  10.12819035
  0.6380  10.21676656
  0.6390  10.29707690
  0.6400  10.36916218
  0.6410  10.43306675
  0.6420  10.48883846
  0.6430  10.53652863
  0.6440  10.57619207
  0.6450  10.60788701
  0.6460  10.63167515
  0.6470  10.64762157
  0.6480  10.65579478
  0.6490  10.65626665
  0.6500  10.64911245
  0.6510  10.63441079
  0.6520  10.61224363
  0.6530  10.58269627
  0.6540  10.54585736
  0.6550  10.50181886
  0.6560  10.45067606
  0.6570  10.39252762
  0.6580  10.32747550
  0.6590  10.25562504
  0.6600  10.17708496
  0.6610  10.09196738
  0.6620  10.00038788
  0.6630  9.90246552
  0.6640  9.79832292
  0.6650  9.68808631
  0.6660  9.57188565
  0.6670  9.44985471
  0.6680  9.32213119
  0.6690  9.18885691
  0.6700  9.05017795
  0.6710  8.90624488
  0.6720  8.75721301
  0.6730  8.60324270
  0.6740  8.44449968
  0.6750  8.28115551
  0.6760  8.11338803
  0.6770  7.94138195
  0.6780  7.76532955
  0.6790  7.58543148
  0.6800  7.40189772
  0.6810  7.21494871
  0.6820  7.02481675
  0.6830  6.83174755
  0.6840  6.63600225
  0.6850  6.43785968
  0.6860  6.23761916
  0.6870  6.03560387
  0.6880  5.83216490
  0.6890  5.62768608
  0.6900  5.42258996
  0.6910  5.21734487
  0.6920  5.01247361
  0.6930  4.80856382
  0.6940  4.60628045
  0.6950  4.40638060
  0.6960  4.20973101
  0.6970  4.01732812
  0.6980  3.83032049
  0.6990  3.65003266
  0.7000  3.47798813
  0.7010  3.31592787
  0.7020  3.16581796
  0.7030  3.02983726
  0.7040  2.91033328
  0.7050  2.80973399
  0.7060  2.73040742
  0.7070  2.67447254
  0.7080  2.64358379
  0.7090  2.63873148
  0.7100  2.66010950
  0.7110  2.70709001
  0.7120  2.77831306
  0.7130  2.87186320
  0.7140  2.98548392
  0.7150  3.11678168
  0.7160  3.26338837
  0.7170  3.42307139
  0.7180  3.59379530
  0.7190  3.77374655
  0.7200  3.96133340
  0.7210  4.15517141
  0.7220  4.35406215
  0.7230  4.55696958
  0.7240  4.76299709
  0.7250  4.97136652
  0.7260  5.18139970
  0.7270  5.39250264
  0.7280  5.60415211
  0.7290  5.81588449
  0.7300  6.02728647
  0.7310  6.23798732
  0.7320  6.44765248
  0.7330  6.65597834
  0.7340  6.86268782
  0.7350  7.06752673
  0.7360  7.27026075
  0.7370  7.47067293
  0.7380  7.66856158
  0.7390  7.86373848
  0.7400  8.05602741
  0.7410  8.24526290
  0.7420  8.43128920
  0.7430  8.61395932
  0.7440  8.79313434
  0.7450  8.96868271
  0.7460  9.14047970
  0.7470  9.30840698
  0.7480  9.47235213
  0.7490  9.63220836
  0.7500  9.78787416
  0.7510  9.93925308
  0.7520  10.08625346
  0.7530  10.22878827
  0.7540  10.36677491
  0.7550  10.50013509
  0.7560  10.62879468
  0.7570  10.75268361
  0.7580  10.87173573
  0.7590  10.98588879
  0.7600  11.09508431
  0.7610  11.19926752
  0.7620  11.29838731
  0.7630  11.39239615
  0.7640  11.48125010
  0.7650  11.56490869
  0.7660  11.64333492
  0.7670  11.71649522
  0.7680  11.78435942
  0.7690  11.84690071
  0.7700  11.90409561
  0.7710  11.95592394
  0.7720  12.00236882
  0.7730  12.04341660
  0.7740  12.07905689
  0.7750  12.10928249
  0.7760  12.13408939
  0.7770  12.15347677
  0.7780  12.16744694
  0.7790  12.17600532
  0.7800  12.17916047
  0.7810  12.17692402
  0.7820  12.16931066
  0.7830  12.15633814
  0.7840  12.13802723
  0.7850  12.11440172
  0.7860  12.08548836
  0.7870  12.05131689
  0.7880  12.01192001
  0.7890  11.96733332
  0.7900  11.91759535
  0.7910  11.86274752
  0.7920  11.80283412
  0.7930  11.73790231
  0.7940  11.66800206
  0.7950  11.59318619
  0.7960  11.51351032
  0.7970  11.42903283
  0.7980  11.33981493
  0.7990  11.24592057
  0.8000  11.14741643
  0.8010  11.04437199
  0.8020  10.93685943
  0.8030  10.82495369
  0.8040  10.70873243
  0.8050  10.58827608
  0.8060  10.46366779
  0.8070  10.33499349
  0.8080  10.20234191
  0.8090  10.06580456
  0.8100  9.92547580
  0.8110  9.78145288
  0.8120  9.63383599
  0.8130  9.48272831
  0.8140  9.32823609
  0.8150  9.17046878
  0.8160  9.00953906
  0.8170  8.84556306
  0.8180  8.67866046
  0.8190  8.50895468
  0.8200  8.33657311
  0.8210  8.16164734
  0.8220  7.98431348
  0.8230  7.80471247
  0.8240  7.62299054
  0.8250  7.43929964
  0.8260  7.25379799
  0.8270  7.06665080
  0.8280  6.87803098
  0.8290  6.68812006
  0.8300  6.49710929
  0.8310  6.30520085
  0.8320  6.11260941
  0.8330  5.91956382
  0.8340  5.72630926
  0.8350  5.53310966
  0.8360  5.34025070
  0.8370  5.14804324
  0.8380  4.95682748
  0.8390  4.76697784
  0.8400  4.57890871
  0.8410  4.39308122
  0.8420  4.21001115
  0.8430  4.03027790
  0.8440  3.85453480
  0.8450  3.68352033
  0.8460  3.51806997
  0.8470  3.35912786
  0.8480  3.20775690
  0.8490  3.06514487
  0.8500  2.93260345
  0.8510  2.81155565
  0.8520  2.70350624
  0.8530  2.60999025
  0.8540  2.53249631
  0.8550  2.47236655
  0.8560  2.43068214
  0.8570  2.40815154
  0.8580  2.40502420
  0.8590  2.42105039
  0.8600  2.45549832
  0.8610  2.50722461
  0.8620  2.57478118
  0.8630  2.65653537
  0.8640  2.75078220
  0.8650  2.85583527
  0.8660  2.97009104
  0.8670  3.09206798
  0.8680  3.22042514
  0.8690  3.35396617
  0.8700  3.49163382
  0.8710  3.63249920
  0.8720  3.77574850
  0.8730  3.92066933
  0.8740  4.06663743
  0.8750  4.21310457
  0.8760  4.35958783
  0.8770  4.50566020
  0.8780  4.65094256
  0.8790  4.79509682
  0.8800  4.93782011
  0.8810  5.07883988
  0.8820  5.21790982
  0.8830  5.35480632
  0.8840  5.48932559
  0.8850  5.62128118
  0.8860  5.75050193
  0.8870  5.87683015
  0.8880  6.00012021
  0.8890  6.12023720
  0.8900  6.23705590
  0.8910  6.35045985
  0.8920  6.46034057
  0.8930  6.56659688
  0.8940  6.66913433
  0.8950  6.76786471
  0.8960  6.86270559
  0.8970  6.95357999
  0.8980  7.04041602
  0.8990  7.12314665
  0.9000  7.20170940
  0.9010  7.27604620
  0.9020  7.34610313
  0.9030  7.41183033
  0.9040  7.47318179
  0.9050  7.53011527
  0.9060  7.58259216
  0.9070  7.63057741
  0.9080  7.67403940
  0.9090  7.71294989
  0.9100  7.74728397
  0.9110  7.77701992
  0.9120  7.80213925
  0.9130  7.82262656
  0.9140  7.83846956
  0.9150  7.84965900
  0.9160  7.85618861
  0.9170  7.85805510
  0.9180  7.85525812
  0.9190  7.84780019
  0.9200  7.83568673
  0.9210  7.81892600
  0.9220  7.79752908
  0.9230  7.77150985
  0.9240  7.74088495
  0.9250  7.70567380
  0.9260  7.66589856
  0.9270  7.62158410
  0.9280  7.57275801
  0.9290  7.51945057
  0.9300  7.46169476
  0.9310  7.39952620
  0.9320  7.33298324
  0.9330  7.26210684
  0.9340  7.18694067
  0.9350  7.10753104
  0.9360  7.02392697
  0.9370  6.93618014
  0.9380  6.84434496
  0.9390  6.74847857
  0.9400  6.64864088
  0.9410  6.54489460
  0.9420  6.43730531
  0.9430  6.32594153
  0.9440  6.21087479
  0.9450  6.09217974
  0.9460  5.96993425
  0.9470  5.84421962
  0.9480  5.71512070
  0.9490  5.58272618
  0.9500  5.44712880
  0.9510  5.30842576
  0.9520  5.16671907
  0.9530  5.02211609
  0.9540  4.87473016
  0.9550  4.72468133
  0.9560  4.57209737
  0.9570  4.41711493
  0.9580  4.25988100
  0.9590  4.10055487
  0.9600  3.93931046
  0.9610  3.77633938
  0.9620  3.61185488
  0.9630  3.44609696
  0.9640  3.27933902
  0.9650  3.11189677
  0.9660  2.94413992
  0.9670  2.77650806
  0.9680  2.60953203
  0.9690  2.44386317
  0.9700  2.28031323
  0.9710  2.11990897
  0.9720  1.96396615
  0.9730  1.81418731
  0.9740  1.67278484
  0.9750  1.54261914
  0.9760  1.42731541
  0.9770  1.33127040
  0.9780  1.25939539
  0.9790  1.21643124
  0.9800  1.20585699
  0.9810  1.22881897
  0.9820  1.28375016
  0.9830  1.36695757
  0.9840  1.47374674
  0.9850  1.59942862
  0.9860  1.73989033
  0.9870  1.89177603
  0.9880  2.05244841
  0.9890  2.21986728
  0.9900  2.39245809
  0.9910  2.56899841
  0.9920  2.74852872
  0.9930  2.93028537
  0.9940  3.11365109
  0.9950  3.29811881
  0.9960  3.48326513
  0.9970  3.66873077
  0.9980  3.85420619
  0.9990  4.03942073
