  0.0000  19.71359991
  0.0010  19.68619529
  0.0020  19.60399373
  0.0030  19.46703220
  0.0040  19.27537230
  0.0050  19.02910019
  0.0060  18.72832663
  0.0070  18.37318684
  0.0080  17.96384053
  0.0090  17.50047174
  0.0100  16.98328883
  0.0110  16.41252435
  0.0120  15.78843493
  0.0130  15.11130122
  0.0140  14.38142771
  0.0150  13.59914266
  0.0160  12.76479795
  0.0170  11.87876899
  0.0180  10.94145464
  0.0190  9.95327716
  0.0200  8.91468232
  0.0210  7.82613978
  0.0220  6.68814406
  0.0230  5.50121737
  0.0240  4.26591795
  0.0250  2.98287205
  0.0260  1.65296728
  0.0270  0.28335980
  0.0280  1.15151346
  0.0290  2.61907727
  0.0300  4.13232028
  0.0310  5.68985749
  0.0320  7.29087206
  0.0330  8.93460950
  0.0340  10.62031799
  0.0350  12.34723487
  0.0360  14.11458252
  0.0370  15.92156705
  0.0380  17.76737787
  0.0390  19.65118773
  0.0400  21.57215285
  0.0410  23.52941323
  0.0420  25.52209298
  0.0430  27.54930068
  0.0440  29.61012976
  0.0450  31.70365889
  0.0460  33.82895244
  0.0470  35.98506083
  0.0480  38.17102102
  0.0490  40.38585694
  0.0500  42.62857991
  0.0510  44.89818911
  0.0520  47.19367203
  0.0530  49.51400496
  0.0540  51.85815342
  0.0550  54.22507265
  0.0560  56.61370809
  0.0570  59.02299588
  0.0580  61.45186328
  0.0590  63.89922926
  0.0600  66.36400490
  0.0610  68.84509394
  0.0620  71.34139325
  0.0630  73.85179336
  0.0640  76.37517895
  0.0650  78.91042932
  0.0660  81.45641899
  0.0670  84.01201809
  0.0680  86.57609299
  0.0690  89.14750670
  0.0700  91.72511949
  0.0710  94.30778931
  0.0720  96.89437236
  0.0730  99.48372360
  0.0740  102.07469723
  0.0750  104.66614725
  0.0760  107.25692793
  0.0770  109.84589435
  0.0780  112.43190290
  0.0790  115.01381179
  0.0800  117.59048157
  0.0810  120.16077560
  0.0820  122.72356061
  0.0830  125.27770714
  0.0840  127.82209010
  0.0850  130.35558920
  0.0860  132.87708951
  0.0870  135.38548191
  0.0880  137.87966357
  0.0890  140.35853846
  0.0900  142.82101782
  0.0910  145.26602061
  0.0920  147.69247402
  0.0930  150.09931390
  0.0940  152.48548525
  0.0950  154.84994264
  0.0960  157.19165070
  0.0970  159.50958454
  0.0980  161.80273018
  0.0990  164.07008502
  0.1000  166.31065823
  0.1010  168.52347117
  0.1020  170.70755786
  0.1030  172.86196529
  0.1040  174.98575393
  0.1050  177.07799804
  0.1060  179.13778609
  0.1070  181.16422114
  0.1080  183.15642120
  0.1090  185.11351962
  0.1100  187.03466541
  0.1110  188.91902360
  0.1120  190.76577561
  0.1130  192.57411953
  0.1140  194.34327048
  0.1150  196.07246092
  0.1160  197.76094095
  0.1170  199.40797860
  0.1180  201.01286014
  0.1190  202.57489031
  0.1200  204.09339268
  0.1210  205.56770981
  0.1220  206.99720357
  0.1230  208.38125534
  0.1240  209.71926629
  0.1250  211.01065755
  0.1260  212.25487046
  0.1270  213.45136675
  0.1280  214.59962876
  0.1290  215.69915959
  0.1300  216.74948330
  0.1310  217.75014506
  0.1320  218.70071131
  0.1330  219.60076991
  0.1340  220.44993025
  0.1350  221.24782338
  0.1360  221.99410216
  0.1370  222.68844130
  0.1380  223.33053750
  0.1390  223.92010951
  0.1400  224.45689821
  0.1410  224.94066667
  0.1420  225.37120019
  0.1430  225.74830636
  0.1440  226.07181507
  0.1450  226.34157855
  0.1460  226.55747137
  0.1470  226.71939043
  0.1480  226.82725498
  0.1490  226.88100654
  0.1500  226.88060896
  0.1510  226.82604829
  0.1520  226.71733277
  0.1530  226.55449278
  0.1540  226.33758075
  0.1550  226.06667109
  0.1560  225.74186009
  0.1570  225.36326583
  0.1580  224.93102805
  0.1590  224.44530809
  0.1600  223.90628866
  0.1610  223.31417383
  0.1620  222.66918876
  0.1630  221.97157964
  0.1640  221.22161346
  0.1650  220.41957788
  0.1660  219.56578103
  0.1670  218.66055130
  0.1680  217.70423720
  0.1690  216.69720707
  0.1700  215.63984894
  0.1710  214.53257025
  0.1720  213.37579767
  0.1730  212.16997679
  0.1740  210.91557195
  0.1750  209.61306594
  0.1760  208.26295973
  0.1770  206.86577224
  0.1780  205.42204002
  0.1790  203.93231698
  0.1800  202.39717414
  0.1810  200.81719927
  0.1820  199.19299660
  0.1830  197.52518657
  0.1840  195.81440541
  0.1850  194.06130493
  0.1860  192.26655211
  0.1870  190.43082879
  0.1880  188.55483136
  0.1890  186.63927036
  0.1900  184.68487019
  0.1910  182.69236871
  0.1920  180.66251692
  0.1930  178.59607857
  0.1940  176.49382979
  0.1950  174.35655874
  0.1960  172.18506521
  0.1970  169.98016028
  0.1980  167.74266590
  0.1990  165.47341449
  0.2000  163.17324863
  0.2010  160.84302056
  0.2020  158.48359188
  0.2030  156.09583310
  0.2040  153.68062324
  0.2050  151.23884947
  0.2060  148.77140665
  0.2070  146.27919697
  0.2080  143.76312952
  0.2090  141.22411989
  0.2100  138.66308975
  0.2110  136.08096646
  0.2120  133.47868262
  0.2130  130.85717571
  0.2140  128.21738764
  0.2150  125.56026434
  0.2160  122.88675536
  0.2170  120.19781348
  0.2180  117.49439422
  0.2190  114.77745551
  0.2200  112.04795726
  0.2210  109.30686090
  0.2220  106.55512905
  0.2230  103.79372504
  0.2240  101.02361256
  0.2250  98.24575522
  0.2260  95.46111616
  0.2270  92.67065764
  0.2280  89.87534067
  0.2290  87.07612458
  0.2300  84.27396666
  0.2310  81.46982173
  0.2320  78.66464178
  0.2330  75.85937558
  0.2340  73.05496832
  0.2350  70.25236119
  0.2360  67.45249103
  0.2370  64.65628997
  0.2380  61.86468506
  0.2390  59.07859789
  0.2400  56.29894427
  0.2410  53.52663386
  0.2420  50.76256983
  0.2430  48.00764855
  0.2440  45.26275922
  0.2450  42.52878360
  0.2460  39.80659570
  0.2470  37.09706149
  0.2480  34.40103868
  0.2490  31.71937645
  0.2500  29.05291538
  0.2510  26.40248734
  0.2520  23.76891564
  0.2530  21.15301545
  0.2540  18.55559483
  0.2550  15.97745699
  0.2560  13.41940538
  0.2570  10.88225614
  0.2580  8.36687305
  0.2590  5.87429062
  0.2600  3.40636742
  0.2610  0.97622505
  0.2620  1.48522822
  0.2630  3.87317844
  0.2640  6.24259002
  0.2650  8.58676246
  0.2660  10.90423883
  0.2670  13.19414812
  0.2680  15.45577258
  0.2690  17.68845629
  0.2700  19.89157749
  0.2710  22.06453841
  0.2720  24.20676083
  0.2730  26.31768408
  0.2740  28.39676406
  0.2750  30.44347274
  0.2760  32.45729791
  0.2770  34.43774310
  0.2780  36.38432755
  0.2790  38.29658622
  0.2800  40.17406988
  0.2810  42.01634513
  0.2820  43.82299447
  0.2830  45.59361639
  0.2840  47.32782541
  0.2850  49.02525216
  0.2860  50.68554345
  0.2870  52.30836229
  0.2880  53.89338799
  0.2890  55.44031615
  0.2900  56.94885872
  0.2910  58.41874406
  0.2920  59.84971689
  0.2930  61.24153841
  0.2940  62.59398619
  0.2950  63.90685428
  0.2960  65.17995315
  0.2970  66.41310969
  0.2980  67.60616718
  0.2990  68.75898531
  0.3000  69.87144009
  0.3010  70.94342386
  0.3020  71.97484521
  0.3030  72.96562897
  0.3040  73.91571610
  0.3050  74.82506366
  0.3060  75.69364475
  0.3070  76.52144839
  0.3080  77.30847946
  0.3090  78.05475863
  0.3100  78.76032223
  0.3110  79.42522214
  0.3120  80.04952575
  0.3130  80.63331574
  0.3140  81.17669004
  0.3150  81.67976170
  0.3160  82.14265868
  0.3170  82.56552382
  0.3180  82.94851460
  0.3190  83.29180307
  0.3200  83.59557562
  0.3210  83.86003287
  0.3220  84.08538952
  0.3230  84.27187410
  0.3240  84.41972887
  0.3250  84.52920963
  0.3260  84.60058547
  0.3270  84.63413868
  0.3280  84.63016447
  0.3290  84.58897080
  0.3300  84.51087820
  0.3310  84.39621951
  0.3320  84.24533974
  0.3330  84.05859577
  0.3340  83.83635620
  0.3350  83.57900107
  0.3360  83.28692169
  0.3370  82.96052035
  0.3380  82.60021012
  0.3390  82.20641461
  0.3400  81.77956772
  0.3410  81.32011339
  0.3420  80.82850539
  0.3430  80.30520699
  0.3440  79.75069079
  0.3450  79.16543843
  0.3460  78.54994033
  0.3470  77.90469542
  0.3480  77.23021090
  0.3490  76.52700197
  0.3500  75.79559155
  0.3510  75.03651001
  0.3520  74.25029493
  0.3530  73.43749080
  0.3540  72.59864874
  0.3550  71.73432625
  0.3560  70.84508693
  0.3570  69.93150019
  0.3580  68.99414098
  0.3590  68.03358950
  0.3600  67.05043096
  0.3610  66.04525525
  0.3620  65.01865668
  0.3630  63.97123371
  0.3640  62.90358867
  0.3650  61.81632744
  0.3660  60.71005925
  0.3670  59.58539630
  0.3680  58.44295356
  0.3690  57.28334847
  0.3700  56.10720062
  0.3710  54.91513154
  0.3720  53.70776438
  0.3730  52.48572363
  0.3740  51.24963487
  0.3750  50.00012449
  0.3760  48.73781941
  0.3770  47.46334682
  0.3780  46.17733389
  0.3790  44.88040755
  0.3800  43.57319417
  0.3810  42.25631932
  0.3820  40.93040755
  0.3830  39.59608205
  0.3840  38.25396449
  0.3850  36.90467468
  0.3860  35.54883040
  0.3870  34.18704711
  0.3880  32.81993772
  0.3890  31.44811237
  0.3900  30.07217819
  0.3910  28.69273908
  0.3920  27.31039551
  0.3930  25.92574430
  0.3940  24.53937848
  0.3950  23.15188706
  0.3960  21.76385493
  0.3970  20.37586275
  0.3980  18.98848691
  0.3990  17.60229953
  0.4000  16.21786865
  0.4010  14.83575858
  0.4020  13.45653061
  0.4030  12.08074432
  0.4040  10.70896005
  0.4050  9.34174372
  0.4060  7.97967653
  0.4070  6.62337684
  0.4080  5.27355532
  0.4090  3.93118231
  0.4100  2.59816617
  0.4110  1.28220484
  0.4120  0.27363667
  0.4130  1.40646968
  0.4140  2.69898962
  0.4150  3.99002912
  0.4160  5.27329460
  0.4170  6.54710561
  0.4180  7.81060521
  0.4190  9.06318339
  0.4200  10.30432935
  0.4210  11.53358166
  0.4220  12.75050815
  0.4230  13.95469681
  0.4240  15.14575125
  0.4250  16.32328829
  0.4260  17.48693659
  0.4270  18.63633591
  0.4280  19.77113662
  0.4290  20.89099946
  0.4300  21.99559532
  0.4310  23.08460521
  0.4320  24.15772018
  0.4330  25.21464128
  0.4340  26.25507959
  0.4350  27.27875619
  0.4360  28.28540219
  0.4370  29.27475874
  0.4380  30.24657704
  0.4390  31.20061833
  0.4400  32.13665396
  0.4410  33.05446531
  0.4420  33.95384390
  0.4430  34.83459129
  0.4440  35.69651915
  0.4450  36.53944921
  0.4460  37.36321328
  0.4470  38.16765322
  0.4480  38.95262092
  0.4490  39.71797828
  0.4500  40.46359719
  0.4510  41.18935949
  0.4520  41.89515694
  0.4530  42.58089116
  0.4540  43.24647362
  0.4550  43.89182556
  0.4560  44.51687795
  0.4570  45.12157145
  0.4580  45.70585630
  0.4590  46.26969232
  0.4600  46.81304879
  0.4610  47.33590438
  0.4620  47.83824710
  0.4630  48.32007421
  0.4640  48.78139212
  0.4650  49.22221631
  0.4660  49.64257125
  0.4670  50.04249027
  0.4680  50.42201551
  0.4690  50.78119777
  0.4700  51.12009644
  0.4710  51.43877936
  0.4720  51.73732274
  0.4730  52.01581101
  0.4740  52.27433673
  0.4750  52.51300044
  0.4760  52.73191058
  0.4770  52.93118331
  0.4780  53.11094241
  0.4790  53.27131915
  0.4800  53.41245214
  0.4810  53.53448721
  0.4820  53.63757723
  0.4830  53.72188204
  0.4840  53.78756823
  0.4850  53.83480904
  0.4860  53.86378421
  0.4870  53.87467980
  0.4880  53.86768807
  0.4890  53.84300730
  0.4900  53.80084166
  0.4910  53.74140106
  0.4920  53.66490093
  0.4930  53.57156214
  0.4940  53.46161079
  0.4950  53.33527808
  0.4960  53.19280011
  0.4970  53.03441775
  0.4980  52.86037646
  0.4990  52.67092612
  0.5000  52.46632089
  0.5010  52.24681901
  0.5020  52.01268266
  0.5030  51.76417779
  0.5040  51.50157392
  0.5050  51.22514402
  0.5060  50.93516432
  0.5070  50.63191415
  0.5080  50.31567573
  0.5090  49.98673410
  0.5100  49.64537683
  0.5110  49.29189397
  0.5120  48.92657779
  0.5130  48.54972268
  0.5140  48.16162496
  0.5150  47.76258269
  0.5160  47.35289558
  0.5170  46.93286473
  0.5180  46.50279256
  0.5190  46.06298258
  0.5200  45.61373928
  0.5210  45.15536794
  0.5220  44.68817450
  0.5230  44.21246537
  0.5240  43.72854730
  0.5250  43.23672724
  0.5260  42.73731215
  0.5270  42.23060888
  0.5280  41.71692402
  0.5290  41.19656375
  0.5300  40.66983368
  0.5310  40.13703874
  0.5320  39.59848300
  0.5330  39.05446957
  0.5340  38.50530044
  0.5350  37.95127635
  0.5360  37.39269667
  0.5370  36.82985925
  0.5380  36.26306030
  0.5390  35.69259428
  0.5400  35.11875374
  0.5410  34.54182925
  0.5420  33.96210922
  0.5430  33.37987986
  0.5440  32.79542498
  0.5450  32.20902596
  0.5460  31.62096157
  0.5470  31.03150794
  0.5480  30.44093838
  0.5490  29.84952332
  0.5500  29.25753023
  0.5510  28.66522349
  0.5520  28.07286428
  0.5530  27.48071057
  0.5540  26.88901695
  0.5550  26.29803459
  0.5560  25.70801113
  0.5570  25.11919065
  0.5580  24.53181353
  0.5590  23.94611643
  0.5600  23.36233219
  0.5610  22.78068978
  0.5620  22.20141423
  0.5630  21.62472656
  0.5640  21.05084374
  0.5650  20.47997860
  0.5660  19.91233984
  0.5670  19.34813190
  0.5680  18.78755498
  0.5690  18.23080499
  0.5700  17.67807345
  0.5710  17.12954753
  0.5720  16.58540996
  0.5730  16.04583905
  0.5740  15.51100860
  0.5750  14.98108794
  0.5760  14.45624186
  0.5770  13.93663062
  0.5780  13.42240995
  0.5790  12.91373100
  0.5800  12.41074037
  0.5810  11.91358010
  0.5820  11.42238769
  0.5830  10.93729608
  0.5840  10.45843372
  0.5850  9.98592455
  0.5860  9.51988806
  0.5870  9.06043935
  0.5880  8.60768918
  0.5890  8.16174404
  0.5900  7.72270630
  0.5910  7.29067431
  0.5920  6.86574258
  0.5930  6.44800203
  0.5940  6.03754027
  0.5950  5.63444205
  0.5960  5.23878978
  0.5970  4.85066435
  0.5980  4.47014620
  0.5990  4.09731700
  0.6000  3.73226203
  0.6010  3.37507394
  0.6020  3.02585877
  0.6030  2.68474592
  0.6040  2.35190576
  0.6050  2.02758216
  0.6060  1.71215767
  0.6070  1.40629604
  0.6080  1.11129309
  0.6090  0.83008714
  0.6100  0.57085055
  0.6110  0.36301972
  0.6120  0.30574380
  0.6130  0.44500247
  0.6140  0.65793600
  0.6150  0.88650025
  0.6160  1.11592245
  0.6170  1.34154234
  0.6180  1.56150938
  0.6190  1.77496471
  0.6200  1.98146766
  0.6210  2.18077858
  0.6220  2.37276483
  0.6230  2.55735560
  0.6240  2.73451832
  0.6250  2.90424565
  0.6260  3.06654774
  0.6270  3.22144755
  0.6280  3.36897782
  0.6290  3.50917905
  0.6300  3.64209817
  0.6310  3.76778750
  0.6320  3.88630413
  0.6330  3.99770932
  0.6340  4.10206817
  0.6350  4.19944924
  0.6360  4.28992431
  0.6370  4.37356818
  0.6380  4.45045851
  0.6390  4.52067559
  0.6400  4.58430229
  0.6410  4.64142387
  0.6420  4.69212791
  0.6430  4.73650417
  0.6440  4.77464452
  0.6450  4.80664281
  0.6460  4.83259483
  0.6470  4.85259818
  0.6480  4.86675221
  0.6490  4.87515793
  0.6500  4.87791794
  0.6510  4.87513633
  0.6520  4.86691863
  0.6530  4.85337174
  0.6540  4.83460382
  0.6550  4.81072425
  0.6560  4.78184355
  0.6570  4.74807333
  0.6580  4.70952617
  0.6590  4.66631562
  0.6600  4.61855607
  0.6610  4.56636276
  0.6620  4.50985163
  0.6630  4.44913933
  0.6640  4.38434314
  0.6650  4.31558088
  0.6660  4.24297093
  0.6670  4.16663208
  0.6680  4.08668358
  0.6690  4.00324500
  0.6700  3.91643628
  0.6710  3.82637763
  0.6720  3.73318952
  0.6730  3.63699265
  0.6740  3.53790795
  0.6750  3.43605657
  0.6760  3.33155988
  0.6770  3.22453951
  0.6780  3.11511739
  0.6790  3.00341582
  0.6800  2.88955761
  0.6810  2.77366619
  0.6820  2.65586588
  0.6830  2.53628218
  0.6840  2.41504218
  0.6850  2.29227516
  0.6860  2.16811343
  0.6870  2.04269346
  0.6880  1.91615750
  0.6890  1.78865605
  0.6900  1.66035131
  0.6910  1.53142257
  0.6920  1.40207456
  0.6930  1.27255084
  0.6940  1.14315619
  0.6950  1.01429565
  0.6960  0.88654609
  0.6970  0.76079511
  0.6980  0.63852891
  0.6990  0.52246756
  0.7000  0.41801816
  0.7010  0.33627933
  0.7020  0.29659021
  0.7030  0.31502748
  0.7040  0.38297600
  0.7050  0.47948964
  0.7060  0.59036114
  0.7070  0.70851363
  0.7080  0.83047605
  0.7090  0.95442228
  0.7100  1.07930656
  0.7110  1.20447962
  0.7120  1.32950781
  0.7130  1.45408214
  0.7140  1.57796969
  0.7150  1.70098618
  0.7160  1.82297981
  0.7170  1.94382130
  0.7180  2.06339761
  0.7190  2.18160777
  0.7200  2.29836009
  0.7210  2.41357025
  0.7220  2.52715994
  0.7230  2.63905592
  0.7240  2.74918927
  0.7250  2.85749490
  0.7260  2.96391115
  0.7270  3.06837949
  0.7280  3.17084430
  0.7290  3.27125270
  0.7300  3.36955436
  0.7310  3.46570147
  0.7320  3.55964857
  0.7330  3.65135253
  0.7340  3.74077249
  0.7350  3.82786976
  0.7360  3.91260783
  0.7370  3.99495232
  0.7380  4.07487093
  0.7390  4.15233343
  0.7400  4.22731163
  0.7410  4.29977935
  0.7420  4.36971241
  0.7430  4.43708860
  0.7440  4.50188765
  0.7450  4.56409123
  0.7460  4.62368295
  0.7470  4.68064828
  0.7480  4.73497458
  0.7490  4.78665107
  0.7500  4.83566879
  0.7510  4.88202064
  0.7520  4.92570127
  0.7530  4.96670714
  0.7540  5.00503646
  0.7550  5.04068917
  0.7560  5.07366695
  0.7570  5.10397314
  0.7580  5.13161278
  0.7590  5.15659254
  0.7600  5.17892072
  0.7610  5.19860723
  0.7620  5.21566355
  0.7630  5.23010270
  0.7640  5.24193924
  0.7650  5.25118922
  0.7660  5.25787018
  0.7670  5.26200109
  0.7680  5.26360233
  0.7690  5.26269570
  0.7700  5.25930433
  0.7710  5.25345270
  0.7720  5.24516659
  0.7730  5.23447306
  0.7740  5.22140039
  0.7750  5.20597809
  0.7760  5.18823687
  0.7770  5.16820855
  0.7780  5.14592609
  0.7790  5.12142355
  0.7800  5.09473601
  0.7810  5.06589962
  0.7820  5.03495146
  0.7830  5.00192963
  0.7840  4.96687309
  0.7850  4.92982174
  0.7860  4.89081631
  0.7870  4.84989836
  0.7880  4.80711023
  0.7890  4.76249502
  0.7900  4.71609656
  0.7910  4.66795934
  0.7920  4.61812853
  0.7930  4.56664989
  0.7940  4.51356978
  0.7950  4.45893510
  0.7960  4.40279327
  0.7970  4.34519218
  0.7980  4.28618017
  0.7990  4.22580598
  0.8000  4.16411874
  0.8010  4.10116791
  0.8020  4.03700327
  0.8030  3.97167487
  0.8040  3.90523297
  0.8050  3.83772808
  0.8060  3.76921086
  0.8070  3.69973212
  0.8080  3.62934275
  0.8090  3.55809375
  0.8100  3.48603613
  0.8110  3.41322093
  0.8120  3.33969915
  0.8130  3.26552175
  0.8140  3.19073960
  0.8150  3.11540345
  0.8160  3.03956390
  0.8170  2.96327137
  0.8180  2.88657608
  0.8190  2.80952800
  0.8200  2.73217686
  0.8210  2.65457207
  0.8220  2.57676272
  0.8230  2.49879755
  0.8240  2.42072493
  0.8250  2.34259282
  0.8260  2.26444875
  0.8270  2.18633978
  0.8280  2.10831251
  0.8290  2.03041302
  0.8300  1.95268685
  0.8310  1.87517901
  0.8320  1.79793391
  0.8330  1.72099537
  0.8340  1.64440658
  0.8350  1.56821010
  0.8360  1.49244780
  0.8370  1.41716090
  0.8380  1.34238990
  0.8390  1.26817456
  0.8400  1.19455393
  0.8410  1.12156628
  0.8420  1.04924912
  0.8430  0.97763916
  0.8440  0.90677229
  0.8450  0.83668362
  0.8460  0.76740737
  0.8470  0.69897695
  0.8480  0.63142490
  0.8490  0.56478288
  0.8500  0.49908166
  0.8510  0.43435113
  0.8520  0.37062028
  0.8530  0.30791717
  0.8540  0.24626900
  0.8550  0.18570208
  0.8560  0.12624198
  0.8570  0.06791449
  0.8580  0.01077525
  0.8590  0.04528060
  0.8600  0.10007762
  0.8610  0.15366058
  0.8620  0.20600674
  0.8630  0.25709702
  0.8640  0.30691372
  0.8650  0.35544018
  0.8660  0.40266079
  0.8670  0.44856091
  0.8680  0.49312687
  0.8690  0.53634602
  0.8700  0.57820663
  0.8710  0.61869799
  0.8720  0.65781033
  0.8730  0.69553483
  0.8740  0.73186366
  0.8750  0.76678992
  0.8760  0.80030765
  0.8770  0.83241185
  0.8780  0.86309844
  0.8790  0.89236425
  0.8800  0.92020706
  0.8810  0.94662553
  0.8820  0.97161922
  0.8830  0.99518860
  0.8840  1.01733499
  0.8850  1.03806059
  0.8860  1.05736847
  0.8870  1.07526251
  0.8880  1.09174746
  0.8890  1.10682886
  0.8900  1.12051308
  0.8910  1.13280726
  0.8920  1.14371934
  0.8930  1.15325802
  0.8940  1.16143274
  0.8950  1.16825369
  0.8960  1.17373177
  0.8970  1.17787859
  0.8980  1.18070646
  0.8990  1.18222836
  0.9000  1.18245790
  0.9010  1.18140938
  0.9020  1.17909768
  0.9030  1.17553833
  0.9040  1.17074743
  0.9050  1.16474165
  0.9060  1.15753825
  0.9070  1.14915500
  0.9080  1.13961021
  0.9090  1.12892271
  0.9100  1.11711182
  0.9110  1.10419733
  0.9120  1.09019952
  0.9130  1.07513909
  0.9140  1.05903720
  0.9150  1.04191543
  0.9160  1.02379577
  0.9170  1.00470062
  0.9180  0.98465276
  0.9190  0.96367538
  0.9200  0.94179203
  0.9210  0.91902667
  0.9220  0.89540364
  0.9230  0.87094767
  0.9240  0.84568390
  0.9250  0.81963794
  0.9260  0.79283583
  0.9270  0.76530416
  0.9280  0.73707009
  0.9290  0.70816149
  0.9300  0.67860702
  0.9310  0.64843632
  0.9320  0.61768026
  0.9330  0.58637125
  0.9340  0.55454373
  0.9350  0.52223478
  0.9360  0.48948507
  0.9370  0.45634026
  0.9380  0.42285302
  0.9390  0.38908624
  0.9400  0.35511807
  0.9410  0.32105019
  0.9420  0.28702186
  0.9430  0.25323503
  0.9440  0.22000083
  0.9450  0.18783000
  0.9460  0.15761366
  0.9470  0.13097504
  0.9480  0.11080980
  0.9490  0.10134031
  0.9500  0.10571448
  0.9510  0.12262549
  0.9520  0.14794774
  0.9530  0.17820665
  0.9540  0.21134080
  0.9550  0.24622035
  0.9560  0.28221175
  0.9570  0.31893986
  0.9580  0.35616860
  0.9590  0.39374040
  0.9600  0.43154410
  0.9610  0.46949729
  0.9620  0.50753603
  0.9630  0.54560871
  0.9640  0.58367226
  0.9650  0.62168963
  0.9660  0.65962818
  0.9670  0.69745862
  0.9680  0.73515418
  0.9690  0.77269009
  0.9700  0.81004323
  0.9710  0.84719179
  0.9720  0.88411509
  0.9730  0.92079342
  0.9740  0.95720789
  0.9750  0.99334040
  0.9760  1.02917350
  0.9770  1.06469036
  0.9780  1.09987473
  0.9790  1.13471090
  0.9800  1.16918368
  0.9810  1.20327835
  0.9820  1.23698066
  0.9830  1.27027682
  0.9840  1.30315345
  0.9850  1.33559761
  0.9860  1.36759679
  0.9870  1.39913885
  0.9880  1.43021208
  0.9890  1.46080513
  0.9900  1.49090706
  0.9910  1.52050730
  0.9920  1.54959564
  0.9930  1.57816227
  0.9940  1.60619771
  0.9950  1.63369287
  0.9960  1.66063900
  0.9970  1.68702772
  0.9980  1.71285097
  0.9990  1.73810108
