  0.0000  70.51033915
  0.0010  70.47755795
  0.0020  70.37922896
  0.0030  70.21539614
  0.0040  69.98613265
  0.0050  69.69154091
  0.0060  69.33175252
  0.0070  68.90692818
  0.0080  68.41725763
  0.0090  67.86295959
  0.0100  67.24428160
  0.0110  66.56149994
  0.0120  65.81491949
  0.0130  65.00487360
  0.0140  64.13172392
  0.0150  63.19586022
  0.0160  62.19770025
  0.0170  61.13768949
  0.0180  60.01630099
  0.0190  58.83403512
  0.0200  57.59141936
  0.0210  56.28900802
  0.0220  54.92738203
  0.0230  53.50714866
  0.0240  52.02894122
  0.0250  50.49341880
  0.0260  48.90126597
  0.0270  47.25319247
  0.0280  45.54993292
  0.0290  43.79224650
  0.0300  41.98091662
  0.0310  40.11675064
  0.0320  38.20057959
  0.0330  36.23325785
  0.0340  34.21566295
  0.0350  32.14869542
  0.0360  30.03327867
  0.0370  27.87035915
  0.0380  25.66090677
  0.0390  23.40591582
  0.0400  21.10640693
  0.0410  18.76343092
  0.0420  16.37807665
  0.0430  13.95148800
  0.0440  11.48490427
  0.0450  8.97977142
  0.0460  6.43812411
  0.0470  3.86452384
  0.0480  1.29184715
  0.0490  1.48782719
  0.0500  4.13675862
  0.0510  6.84775761
  0.0520  9.59461009
  0.0530  12.37304275
  0.0540  15.18097595
  0.0550  18.01683971
  0.0560  20.87922856
  0.0570  23.76679911
  0.0580  26.67823239
  0.0590  29.61221795
  0.0600  32.56744657
  0.0610  35.54260669
  0.0620  38.53638270
  0.0630  41.54745425
  0.0640  44.57449595
  0.0650  47.61617749
  0.0660  50.67116390
  0.0670  53.73811589
  0.0680  56.81569033
  0.0690  59.90254075
  0.0700  62.99731784
  0.0710  66.09867003
  0.0720  69.20524402
  0.0730  72.31568542
  0.0740  75.42863928
  0.0750  78.54275071
  0.0760  81.65666545
  0.0770  84.76903053
  0.0780  87.87849477
  0.0790  90.98370949
  0.0800  94.08332901
  0.0810  97.17601132
  0.0820  100.26041862
  0.0830  103.33521797
  0.0840  106.39908182
  0.0850  109.45068865
  0.0860  112.48872353
  0.0870  115.51187870
  0.0880  118.51885414
  0.0890  121.50835817
  0.0900  124.47910800
  0.0910  127.42983029
  0.0920  130.35926170
  0.0930  133.26614946
  0.0940  136.14925192
  0.0950  139.00733906
  0.0960  141.83919306
  0.0970  144.64360879
  0.0980  147.41939437
  0.0990  150.16537165
  0.1000  152.88037674
  0.1010  155.56326047
  0.1020  158.21288894
  0.1030  160.82814395
  0.1040  163.40792351
  0.1050  165.95114227
  0.1060  168.45673201
  0.1070  170.92364208
  0.1080  173.35083983
  0.1090  175.73731103
  0.1100  178.08206034
  0.1110  180.38411166
  0.1120  182.64250856
  0.1130  184.85631469
  0.1140  187.02461412
  0.1150  189.14651174
  0.1160  191.22113362
  0.1170  193.24762736
  0.1180  195.22516240
  0.1190  197.15293039
  0.1200  199.03014549
  0.1210  200.85604467
  0.1220  202.62988802
  0.1230  204.35095903
  0.1240  206.01856483
  0.1250  207.63203653
  0.1260  209.19072939
  0.1270  210.69402309
  0.1280  212.14132197
  0.1290  213.53205521
  0.1300  214.86567708
  0.1310  216.14166708
  0.1320  217.35953015
  0.1330  218.51879684
  0.1340  219.61902344
  0.1350  220.65979213
  0.1360  221.64071114
  0.1370  222.56141483
  0.1380  223.42156380
  0.1390  224.22084501
  0.1400  224.95897184
  0.1410  225.63568415
  0.1420  226.25074837
  0.1430  226.80395751
  0.1440  227.29513122
  0.1450  227.72411578
  0.1460  228.09078413
  0.1470  228.39503587
  0.1480  228.63679722
  0.1490  228.81602100
  0.1500  228.93268663
  0.1510  228.98679999
  0.1520  228.97839344
  0.1530  228.90752570
  0.1540  228.77428178
  0.1550  228.57877287
  0.1560  228.32113621
  0.1570  228.00153502
  0.1580  227.62015831
  0.1590  227.17722077
  0.1600  226.67296260
  0.1610  226.10764933
  0.1620  225.48157166
  0.1630  224.79504526
  0.1640  224.04841059
  0.1650  223.24203264
  0.1660  222.37630076
  0.1670  221.45162840
  0.1680  220.46845286
  0.1690  219.42723506
  0.1700  218.32845927
  0.1710  217.17263283
  0.1720  215.96028586
  0.1730  214.69197100
  0.1740  213.36826307
  0.1750  211.98975878
  0.1760  210.55707642
  0.1770  209.07085551
  0.1780  207.53175646
  0.1790  205.94046027
  0.1800  204.29766811
  0.1810  202.60410100
  0.1820  200.86049945
  0.1830  199.06762305
  0.1840  197.22625009
  0.1850  195.33717719
  0.1860  193.40121889
  0.1870  191.41920724
  0.1880  189.39199137
  0.1890  187.32043711
  0.1900  185.20542654
  0.1910  183.04785755
  0.1920  180.84864342
  0.1930  178.60871238
  0.1940  176.32900714
  0.1950  174.01048445
  0.1960  171.65411463
  0.1970  169.26088113
  0.1980  166.83178005
  0.1990  164.36781964
  0.2000  161.87001988
  0.2010  159.33941194
  0.2020  156.77703774
  0.2030  154.18394945
  0.2040  151.56120898
  0.2050  148.90988753
  0.2060  146.23106504
  0.2070  143.52582974
  0.2080  140.79527762
  0.2090  138.04051194
  0.2100  135.26264272
  0.2110  132.46278625
  0.2120  129.64206456
  0.2130  126.80160492
  0.2140  123.94253935
  0.2150  121.06600409
  0.2160  118.17313909
  0.2170  115.26508752
  0.2180  112.34299524
  0.2190  109.40801032
  0.2200  106.46128250
  0.2210  103.50396269
  0.2220  100.53720250
  0.2230  97.56215367
  0.2240  94.57996765
  0.2250  91.59179502
  0.2260  88.59878506
  0.2270  85.60208521
  0.2280  82.60284059
  0.2290  79.60219353
  0.2300  76.60128304
  0.2310  73.60124441
  0.2320  70.60320863
  0.2330  67.60830200
  0.2340  64.61764566
  0.2350  61.63235507
  0.2360  58.65353964
  0.2370  55.68230224
  0.2380  52.71973878
  0.2390  49.76693784
  0.2400  46.82498023
  0.2410  43.89493864
  0.2420  40.97787734
  0.2430  38.07485192
  0.2440  35.18690904
  0.2450  32.31508645
  0.2460  29.46041314
  0.2470  26.62390979
  0.2480  23.80658999
  0.2490  21.00946258
  0.2500  18.23353641
  0.2510  15.47983053
  0.2520  12.74939751
  0.2530  10.04338421
  0.2540  7.36322373
  0.2550  4.71146715
  0.2560  2.09879619
  0.2570  0.64520830
  0.2580  3.12991300
  0.2590  5.66538819
  0.2600  8.17658772
  0.2610  10.65854736
  0.2620  13.10949848
  0.2630  15.52831143
  0.2640  17.91406444
  0.2650  20.26592755
  0.2660  22.58312237
  0.2670  24.86490558
  0.2680  27.11056140
  0.2690  29.31939790
  0.2700  31.49074504
  0.2710  33.62395366
  0.2720  35.71839493
  0.2730  37.77346005
  0.2740  39.78856018
  0.2750  41.76312636
  0.2760  43.69660958
  0.2770  45.58848083
  0.2780  47.43823114
  0.2790  49.24537176
  0.2800  51.00943414
  0.2810  52.72997012
  0.2820  54.40655198
  0.2830  56.03877253
  0.2840  57.62624517
  0.2850  59.16860400
  0.2860  60.66550388
  0.2870  62.11662046
  0.2880  63.52165027
  0.2890  64.88031070
  0.2900  66.19234011
  0.2910  67.45749779
  0.2920  68.67556400
  0.2930  69.84633998
  0.2940  70.96964792
  0.2950  72.04533096
  0.2960  73.07325319
  0.2970  74.05329956
  0.2980  74.98537589
  0.2990  75.86940880
  0.3000  76.70534563
  0.3010  77.49315441
  0.3020  78.23282375
  0.3030  78.92436274
  0.3040  79.56780089
  0.3050  80.16318801
  0.3060  80.71059407
  0.3070  81.21010911
  0.3080  81.66184308
  0.3090  82.06592571
  0.3100  82.42250636
  0.3110  82.73175388
  0.3120  82.99385640
  0.3130  83.20902118
  0.3140  83.37747444
  0.3150  83.49946113
  0.3160  83.57524478
  0.3170  83.60510725
  0.3180  83.58934855
  0.3190  83.52828657
  0.3200  83.42225691
  0.3210  83.27161261
  0.3220  83.07672390
  0.3230  82.83797796
  0.3240  82.55577868
  0.3250  82.23054635
  0.3260  81.86271746
  0.3270  81.45274433
  0.3280  81.00109492
  0.3290  80.50825249
  0.3300  79.97471530
  0.3310  79.40099633
  0.3320  78.78762298
  0.3330  78.13513673
  0.3340  77.44409285
  0.3350  76.71506007
  0.3360  75.94862025
  0.3370  75.14536806
  0.3380  74.30591061
  0.3390  73.43086717
  0.3400  72.52086878
  0.3410  71.57655790
  0.3420  70.59858811
  0.3430  69.58762369
  0.3440  68.54433931
  0.3450  67.46941964
  0.3460  66.36355901
  0.3470  65.22746101
  0.3480  64.06183817
  0.3490  62.86741155
  0.3500  61.64491036
  0.3510  60.39507163
  0.3520  59.11863979
  0.3530  57.81636630
  0.3540  56.48900930
  0.3550  55.13733319
  0.3560  53.76210826
  0.3570  52.36411034
  0.3580  50.94412036
  0.3590  49.50292402
  0.3600  48.04131140
  0.3610  46.56007655
  0.3620  45.06001713
  0.3630  43.54193406
  0.3640  42.00663109
  0.3650  40.45491448
  0.3660  38.88759260
  0.3670  37.30547557
  0.3680  35.70937494
  0.3690  34.10010329
  0.3700  32.47847395
  0.3710  30.84530064
  0.3720  29.20139719
  0.3730  27.54757729
  0.3740  25.88465423
  0.3750  24.21344081
  0.3760  22.53474920
  0.3770  20.84939112
  0.3780  19.15817813
  0.3790  17.46192240
  0.3800  15.76143825
  0.3810  14.05754492
  0.3820  12.35107208
  0.3830  10.64287097
  0.3840  8.93383855
  0.3850  7.22497651
  0.3860  5.51756002
  0.3870  3.81375869
  0.3880  2.12023504
  0.3890  0.52562535
  0.3900  1.36311388
  0.3910  3.03337970
  0.3920  4.71772546
  0.3930  6.40044641
  0.3940  8.07831974
  0.3950  9.74986047
  0.3960  11.41404835
  0.3970  13.07003500
  0.3980  14.71705119
  0.3990  16.35437108
  0.4000  17.98129657
  0.4010  19.59714966
  0.4020  21.20126855
  0.4030  22.79300557
  0.4040  24.37172594
  0.4050  25.93680722
  0.4060  27.48763889
  0.4070  29.02362226
  0.4080  30.54417038
  0.4090  32.04870807
  0.4100  33.53667203
  0.4110  35.00751088
  0.4120  36.46068529
  0.4130  37.89566813
  0.4140  39.31194455
  0.4150  40.70901215
  0.4160  42.08638107
  0.4170  43.44357415
  0.4180  44.78012705
  0.4190  46.09558832
  0.4200  47.38951959
  0.4210  48.66149560
  0.4220  49.91110438
  0.4230  51.13794727
  0.4240  52.34163907
  0.4250  53.52180807
  0.4260  54.67809618
  0.4270  55.81015897
  0.4280  56.91766573
  0.4290  58.00029954
  0.4300  59.05775730
  0.4310  60.08974980
  0.4320  61.09600174
  0.4330  62.07625175
  0.4340  63.03025244
  0.4350  63.95777038
  0.4360  64.85858614
  0.4370  65.73249425
  0.4380  66.57930326
  0.4390  67.39883566
  0.4400  68.19092790
  0.4410  68.95543036
  0.4420  69.69220732
  0.4430  70.40113689
  0.4440  71.08211102
  0.4450  71.73503540
  0.4460  72.35982942
  0.4470  72.95642613
  0.4480  73.52477213
  0.4490  74.06482751
  0.4500  74.57656577
  0.4510  75.05997374
  0.4520  75.51505148
  0.4530  75.94181216
  0.4540  76.34028199
  0.4550  76.71050009
  0.4560  77.05251835
  0.4570  77.36640136
  0.4580  77.65222625
  0.4590  77.91008256
  0.4600  78.14007211
  0.4610  78.34230883
  0.4620  78.51691867
  0.4630  78.66403939
  0.4640  78.78382044
  0.4650  78.87642278
  0.4660  78.94201871
  0.4670  78.98079173
  0.4680  78.99293632
  0.4690  78.97865781
  0.4700  78.93817217
  0.4710  78.87170580
  0.4720  78.77949541
  0.4730  78.66178776
  0.4740  78.51883948
  0.4750  78.35091691
  0.4760  78.15829582
  0.4770  77.94126128
  0.4780  77.70010740
  0.4790  77.43513715
  0.4800  77.14666211
  0.4810  76.83500228
  0.4820  76.50048585
  0.4830  76.14344898
  0.4840  75.76423557
  0.4850  75.36319704
  0.4860  74.94069208
  0.4870  74.49708647
  0.4880  74.03275279
  0.4890  73.54807021
  0.4900  73.04342425
  0.4910  72.51920656
  0.4920  71.97581467
  0.4930  71.41365175
  0.4940  70.83312635
  0.4950  70.23465220
  0.4960  69.61864795
  0.4970  68.98553691
  0.4980  68.33574684
  0.4990  67.66970967
  0.5000  66.98786130
  0.5010  66.29064133
  0.5020  65.57849281
  0.5030  64.85186201
  0.5040  64.11119819
  0.5050  63.35695334
  0.5060  62.58958193
  0.5070  61.80954070
  0.5080  61.01728839
  0.5090  60.21328552
  0.5100  59.39799413
  0.5110  58.57187758
  0.5120  57.73540027
  0.5130  56.88902744
  0.5140  56.03322492
  0.5150  55.16845889
  0.5160  54.29519568
  0.5170  53.41390151
  0.5180  52.52504229
  0.5190  51.62908336
  0.5200  50.72648931
  0.5210  49.81772372
  0.5220  48.90324899
  0.5230  47.98352607
  0.5240  47.05901427
  0.5250  46.13017106
  0.5260  45.19745185
  0.5270  44.26130979
  0.5280  43.32219555
  0.5290  42.38055715
  0.5300  41.43683971
  0.5310  40.49148534
  0.5320  39.54493286
  0.5330  38.59761766
  0.5340  37.64997151
  0.5350  36.70242237
  0.5360  35.75539422
  0.5370  34.80930687
  0.5380  33.86457580
  0.5390  32.92161200
  0.5400  31.98082178
  0.5410  31.04260662
  0.5420  30.10736304
  0.5430  29.17548239
  0.5440  28.24735076
  0.5450  27.32334880
  0.5460  26.40385155
  0.5470  25.48922839
  0.5480  24.57984281
  0.5490  23.67605234
  0.5500  22.77820839
  0.5510  21.88665615
  0.5520  21.00173446
  0.5530  20.12377571
  0.5540  19.25310571
  0.5550  18.39004359
  0.5560  17.53490172
  0.5570  16.68798558
  0.5580  15.84959369
  0.5590  15.02001754
  0.5600  14.19954146
  0.5610  13.38844258
  0.5620  12.58699075
  0.5630  11.79544848
  0.5640  11.01407086
  0.5650  10.24310556
  0.5660  9.48279272
  0.5670  8.73336501
  0.5680  7.99504756
  0.5690  7.26805801
  0.5700  6.55260659
  0.5710  5.84889626
  0.5720  5.15712302
  0.5730  4.47747652
  0.5740  3.81014121
  0.5750  3.15529900
  0.5760  2.51313577
  0.5770  1.88386034
  0.5780  1.26777710
  0.5790  0.66574361
  0.5800  0.09758407
  0.5810  0.50925442
  0.5820  1.07067014
  0.5830  1.62011140
  0.5840  2.15627790
  0.5850  2.67886180
  0.5860  3.18771117
  0.5870  3.68272243
  0.5880  4.16381461
  0.5890  4.63092101
  0.5900  5.08398586
  0.5910  5.52296286
  0.5920  5.94781434
  0.5930  6.35851089
  0.5940  6.75503105
  0.5950  7.13736111
  0.5960  7.50549501
  0.5970  7.85943420
  0.5980  8.19918754
  0.5990  8.52477119
  0.6000  8.83620857
  0.6010  9.13353021
  0.6020  9.41677371
  0.6030  9.68598363
  0.6040  9.94121139
  0.6050  10.18251523
  0.6060  10.40996003
  0.6070  10.62361730
  0.6080  10.82356502
  0.6090  11.00988758
  0.6100  11.18267566
  0.6110  11.34202611
  0.6120  11.48804187
  0.6130  11.62083185
  0.6140  11.74051081
  0.6150  11.84719926
  0.6160  11.94102333
  0.6170  12.02211466
  0.6180  12.09061028
  0.6190  12.14665248
  0.6200  12.19038871
  0.6210  12.22197141
  0.6220  12.24155792
  0.6230  12.24931034
  0.6240  12.24539541
  0.6250  12.22998436
  0.6260  12.20325277
  0.6270  12.16538047
  0.6280  12.11655136
  0.6290  12.05695334
  0.6300  11.98677808
  0.6310  11.90622095
  0.6320  11.81548086
  0.6330  11.71476013
  0.6340  11.60426432
  0.6350  11.48420212
  0.6360  11.35478517
  0.6370  11.21622796
  0.6380  11.06874767
  0.6390  10.91256401
  0.6400  10.74789910
  0.6410  10.57497730
  0.6420  10.39402510
  0.6430  10.20527094
  0.6440  10.00894510
  0.6450  9.80527952
  0.6460  9.59450770
  0.6470  9.37686451
  0.6480  9.15258608
  0.6490  8.92190968
  0.6500  8.68507350
  0.6510  8.44231659
  0.6520  8.19387869
  0.6530  7.94000009
  0.6540  7.68092150
  0.6550  7.41688392
  0.6560  7.14812850
  0.6570  6.87489642
  0.6580  6.59742875
  0.6590  6.31596634
  0.6600  6.03074972
  0.6610  5.74201893
  0.6620  5.45001349
  0.6630  5.15497227
  0.6640  4.85713341
  0.6650  4.55673429
  0.6660  4.25401148
  0.6670  3.94920079
  0.6680  3.64253740
  0.6690  3.33425607
  0.6700  3.02459160
  0.6710  2.71377974
  0.6720  2.40205881
  0.6730  2.08967291
  0.6740  1.77687870
  0.6750  1.46396083
  0.6760  1.15127281
  0.6770  0.83936871
  0.6780  0.52959627
  0.6790  0.22946438
  0.6800  0.14139171
  0.6810  0.42530263
  0.6820  0.73022301
  0.6830  1.03655063
  0.6840  1.34218596
  0.6850  1.64644932
  0.6860  1.94897098
  0.6870  2.24948303
  0.6880  2.54776051
  0.6890  2.84360035
  0.6900  3.13681247
  0.6910  3.42721572
  0.6920  3.71463572
  0.6930  3.99890377
  0.6940  4.27985621
  0.6950  4.55733403
  0.6960  4.83118271
  0.6970  5.10125201
  0.6980  5.36739598
  0.6990  5.62947288
  0.7000  5.88734518
  0.7010  6.14087954
  0.7020  6.38994683
  0.7030  6.63442213
  0.7040  6.87418477
  0.7050  7.10911830
  0.7060  7.33911053
  0.7070  7.56405355
  0.7080  7.78384373
  0.7090  7.99838174
  0.7100  8.20757255
  0.7110  8.41132543
  0.7120  8.60955400
  0.7130  8.80217616
  0.7140  8.98911416
  0.7150  9.17029457
  0.7160  9.34564827
  0.7170  9.51511046
  0.7180  9.67862064
  0.7190  9.83612259
  0.7200  9.98756441
  0.7210  10.13289842
  0.7220  10.27208122
  0.7230  10.40507363
  0.7240  10.53184068
  0.7250  10.65235159
  0.7260  10.76657973
  0.7270  10.87450260
  0.7280  10.97610181
  0.7290  11.07136304
  0.7300  11.16027598
  0.7310  11.24283434
  0.7320  11.31903579
  0.7330  11.38888192
  0.7340  11.45237817
  0.7350  11.50953387
  0.7360  11.56036207
  0.7370  11.60487963
  0.7380  11.64310706
  0.7390  11.67506852
  0.7400  11.70079178
  0.7410  11.72030813
  0.7420  11.73365235
  0.7430  11.74086265
  0.7440  11.74198061
  0.7450  11.73705112
  0.7460  11.72612232
  0.7470  11.70924554
  0.7480  11.68647525
  0.7490  11.65786897
  0.7500  11.62348723
  0.7510  11.58339349
  0.7520  11.53765409
  0.7530  11.48633815
  0.7540  11.42951754
  0.7550  11.36726680
  0.7560  11.29966305
  0.7570  11.22678594
  0.7580  11.14871759
  0.7590  11.06554248
  0.7600  10.97734741
  0.7610  10.88422143
  0.7620  10.78625575
  0.7630  10.68354365
  0.7640  10.57618046
  0.7650  10.46426345
  0.7660  10.34789176
  0.7670  10.22716631
  0.7680  10.10218976
  0.7690  9.97306643
  0.7700  9.83990220
  0.7710  9.70280444
  0.7720  9.56188198
  0.7730  9.41724497
  0.7740  9.26900486
  0.7750  9.11727430
  0.7760  8.96216708
  0.7770  8.80379803
  0.7780  8.64228298
  0.7790  8.47773870
  0.7800  8.31028278
  0.7810  8.14003359
  0.7820  7.96711022
  0.7830  7.79163239
  0.7840  7.61372040
  0.7850  7.43349506
  0.7860  7.25107762
  0.7870  7.06658973
  0.7880  6.88015333
  0.7890  6.69189067
  0.7900  6.50192417
  0.7910  6.31037645
  0.7920  6.11737021
  0.7930  5.92302826
  0.7940  5.72747341
  0.7950  5.53082850
  0.7960  5.33321635
  0.7970  5.13475975
  0.7980  4.93558150
  0.7990  4.73580436
  0.8000  4.53555117
  0.8010  4.33494487
  0.8020  4.13410865
  0.8030  3.93316608
  0.8040  3.73224135
  0.8050  3.53145962
  0.8060  3.33094742
  0.8070  3.13083340
  0.8080  2.93124913
  0.8090  2.73233053
  0.8100  2.53421978
  0.8110  2.33706819
  0.8120  2.14104072
  0.8130  1.94632294
  0.8140  1.75313249
  0.8150  1.56173853
  0.8160  1.37249641
  0.8170  1.18591336
  0.8180  1.00278189
  0.8190  0.82447531
  0.8200  0.65367312
  0.8210  0.49634907
  0.8220  0.36750653
  0.8230  0.30223654
  0.8240  0.33626097
  0.8250  0.44495130
  0.8260  0.58628245
  0.8270  0.74018014
  0.8280  0.89881892
  0.8290  1.05884472
  0.8300  1.21861637
  0.8310  1.37723033
  0.8320  1.53413702
  0.8330  1.68897265
  0.8340  1.84147851
  0.8350  1.99145909
  0.8360  2.13875903
  0.8370  2.28324976
  0.8380  2.42482133
  0.8390  2.56337731
  0.8400  2.69883144
  0.8410  2.83110541
  0.8420  2.96012736
  0.8430  3.08583073
  0.8440  3.20815359
  0.8450  3.32703802
  0.8460  3.44242970
  0.8470  3.55427764
  0.8480  3.66253393
  0.8490  3.76715353
  0.8500  3.86809417
  0.8510  3.96531623
  0.8520  4.05878261
  0.8530  4.14845874
  0.8540  4.23431242
  0.8550  4.31631387
  0.8560  4.39443560
  0.8570  4.46865243
  0.8580  4.53894146
  0.8590  4.60528199
  0.8600  4.66765555
  0.8610  4.72604584
  0.8620  4.78043874
  0.8630  4.83082226
  0.8640  4.87718652
  0.8650  4.91952375
  0.8660  4.95782828
  0.8670  4.99209647
  0.8680  5.02232675
  0.8690  5.04851955
  0.8700  5.07067733
  0.8710  5.08880451
  0.8720  5.10290751
  0.8730  5.11299467
  0.8740  5.11907626
  0.8750  5.12116447
  0.8760  5.11927337
  0.8770  5.11341889
  0.8780  5.10361881
  0.8790  5.08989274
  0.8800  5.07226209
  0.8810  5.05075003
  0.8820  5.02538152
  0.8830  4.99618323
  0.8840  4.96318356
  0.8850  4.92641258
  0.8860  4.88590204
  0.8870  4.84168534
  0.8880  4.79379748
  0.8890  4.74227508
  0.8900  4.68715631
  0.8910  4.62848091
  0.8920  4.56629011
  0.8930  4.50062669
  0.8940  4.43153486
  0.8950  4.35906032
  0.8960  4.28325017
  0.8970  4.20415294
  0.8980  4.12181853
  0.8990  4.03629822
  0.9000  3.94764460
  0.9010  3.85591162
  0.9020  3.76115451
  0.9030  3.66342978
  0.9040  3.56279523
  0.9050  3.45930990
  0.9060  3.35303411
  0.9070  3.24402940
  0.9080  3.13235858
  0.9090  3.01808572
  0.9100  2.90127618
  0.9110  2.78199667
  0.9120  2.66031527
  0.9130  2.53630158
  0.9140  2.41002680
  0.9150  2.28156401
  0.9160  2.15098836
  0.9170  2.01837763
  0.9180  1.88381279
  0.9190  1.74737903
  0.9200  1.60916736
  0.9210  1.46927707
  0.9220  1.32782001
  0.9230  1.18492805
  0.9240  1.04076683
  0.9250  0.89556347
  0.9260  0.74966695
  0.9270  0.60369685
  0.9280  0.45897394
  0.9290  0.31908490
  0.9300  0.19756692
  0.9310  0.15274573
  0.9320  0.23588866
  0.9330  0.36987952
  0.9340  0.51728343
  0.9350  0.66978473
  0.9360  0.82489848
  0.9370  0.98162165
  0.9380  1.13944953
  0.9390  1.29808083
  0.9400  1.45730951
  0.9410  1.61697882
  0.9420  1.77695966
  0.9430  1.93713941
  0.9440  2.09741577
  0.9450  2.25769331
  0.9460  2.41788125
  0.9470  2.57789216
  0.9480  2.73764111
  0.9490  2.89704508
  0.9500  3.05602260
  0.9510  3.21449350
  0.9520  3.37237870
  0.9530  3.52960014
  0.9540  3.68608071
  0.9550  3.84174413
  0.9560  3.99651500
  0.9570  4.15031876
  0.9580  4.30308167
  0.9590  4.45473084
  0.9600  4.60519424
  0.9610  4.75440069
  0.9620  4.90227991
  0.9630  5.04876255
  0.9640  5.19378018
  0.9650  5.33726533
  0.9660  5.47915155
  0.9670  5.61937337
  0.9680  5.75786641
  0.9690  5.89456735
  0.9700  6.02941397
  0.9710  6.16234521
  0.9720  6.29330117
  0.9730  6.42222314
  0.9740  6.54905364
  0.9750  6.67373644
  0.9760  6.79621661
  0.9770  6.91644050
  0.9780  7.03435582
  0.9790  7.14991164
  0.9800  7.26305840
  0.9810  7.37374798
  0.9820  7.48193369
  0.9830  7.58757028
  0.9840  7.69061400
  0.9850  7.79102261
  0.9860  7.88875538
  0.9870  7.98377315
  0.9880  8.07603829
  0.9890  8.16551477
  0.9900  8.25216817
  0.9910  8.33596566
  0.9920  8.41687605
  0.9930  8.49486979
  0.9940  8.56991899
  0.9950  8.64199742
  0.9960  8.71108052
  0.9970  8.77714543
  0.9980  8.84017098
  0.9990  8.90013768
