  0.0000  94.08036910
  0.0010  94.04455317
  0.0020  93.93712342
  0.0030  93.75813402
  0.0040  93.50767519
  0.0050  93.18587319
  0.0060  92.79289021
  0.0070  92.32892430
  0.0080  91.79420929
  0.0090  91.18901458
  0.0100  90.51364507
  0.0110  89.76844093
  0.0120  88.95377745
  0.0130  88.07006480
  0.0140  87.11774782
  0.0150  86.09730576
  0.0160  85.00925202
  0.0170  83.85413384
  0.0180  82.63253203
  0.0190  81.34506061
  0.0200  79.99236649
  0.0210  78.57512911
  0.0220  77.09406002
  0.0230  75.54990253
  0.0240  73.94343129
  0.0250  72.27545182
  0.0260  70.54680010
  0.0270  68.75834208
  0.0280  66.91097323
  0.0290  65.00561799
  0.0300  63.04322931
  0.0310  61.02478807
  0.0320  58.95130259
  0.0330  56.82380802
  0.0340  54.64336581
  0.0350  52.41106309
  0.0360  50.12801209
  0.0370  47.79534952
  0.0380  45.41423594
  0.0390  42.98585516
  0.0400  40.51141353
  0.0410  37.99213936
  0.0420  35.42928221
  0.0430  32.82411227
  0.0440  30.17791967
  0.0450  27.49201388
  0.0460  24.76772309
  0.0470  22.00639374
  0.0480  19.20939018
  0.0490  16.37809485
  0.0500  13.51390956
  0.0510  10.61826025
  0.0520  7.69261455
  0.0530  4.73856849
  0.0540  1.75882964
  0.0550  1.25602880
  0.0560  4.28465689
  0.0570  7.33861509
  0.0580  10.41418428
  0.0590  13.50965684
  0.0600  16.62347288
  0.0610  19.75409998
  0.0620  22.90001092
  0.0630  26.05967786
  0.0640  29.23157073
  0.0650  32.41415705
  0.0660  35.60590222
  0.0670  38.80527012
  0.0680  42.01072377
  0.0690  45.22072605
  0.0700  48.43374048
  0.0710  51.64823199
  0.0720  54.86266771
  0.0730  58.07551772
  0.0740  61.28525592
  0.0750  64.49036074
  0.0760  67.68931595
  0.0770  70.88061147
  0.0780  74.06274411
  0.0790  77.23421836
  0.0800  80.39354716
  0.0810  83.53925266
  0.0820  86.66986698
  0.0830  89.78393291
  0.0840  92.88000474
  0.0850  95.95664890
  0.0860  99.01244474
  0.0870  102.04598522
  0.0880  105.05587763
  0.0890  108.04074426
  0.0900  110.99922312
  0.0910  113.92996857
  0.0920  116.83165204
  0.0930  119.70296262
  0.0940  122.54260775
  0.0950  125.34931383
  0.0960  128.12182683
  0.0970  130.85891290
  0.0980  133.55935897
  0.0990  136.22197332
  0.1000  138.84558616
  0.1010  141.42905015
  0.1020  143.97124096
  0.1030  146.47105780
  0.1040  148.92742392
  0.1050  151.33928708
  0.1060  153.70562009
  0.1070  156.02542122
  0.1080  158.29771466
  0.1090  160.52155098
  0.1100  162.69600751
  0.1110  164.82018878
  0.1120  166.89322688
  0.1130  168.91428184
  0.1140  170.88254198
  0.1150  172.79722426
  0.1160  174.65757458
  0.1170  176.46286810
  0.1180  178.21240952
  0.1190  179.90553336
  0.1200  181.54160421
  0.1210  183.12001695
  0.1220  184.64019699
  0.1230  186.10160046
  0.1240  187.50371442
  0.1250  188.84605698
  0.1260  190.12817750
  0.1270  191.34965669
  0.1280  192.51010675
  0.1290  193.60917145
  0.1300  194.64652622
  0.1310  195.62187822
  0.1320  196.53496637
  0.1330  197.38556140
  0.1340  198.17346584
  0.1350  198.89851405
  0.1360  199.56057217
  0.1370  200.15953809
  0.1380  200.69534139
  0.1390  201.16794330
  0.1400  201.57733657
  0.1410  201.92354538
  0.1420  202.20662524
  0.1430  202.42666282
  0.1440  202.58377584
  0.1450  202.67811284
  0.1460  202.70985308
  0.1470  202.67920625
  0.1480  202.58641232
  0.1490  202.43174128
  0.1500  202.21549292
  0.1510  201.93799652
  0.1520  201.59961065
  0.1530  201.20072280
  0.1540  200.74174914
  0.1550  200.22313417
  0.1560  199.64535042
  0.1570  199.00889805
  0.1580  198.31430456
  0.1590  197.56212436
  0.1600  196.75293844
  0.1610  195.88735393
  0.1620  194.96600372
  0.1630  193.98954603
  0.1640  192.95866398
  0.1650  191.87406514
  0.1660  190.73648111
  0.1670  189.54666700
  0.1680  188.30540099
  0.1690  187.01348386
  0.1700  185.67173844
  0.1710  184.28100917
  0.1720  182.84216154
  0.1730  181.35608157
  0.1740  179.82367533
  0.1750  178.24586830
  0.1760  176.62360494
  0.1770  174.95784804
  0.1780  173.24957819
  0.1790  171.49979324
  0.1800  169.70950766
  0.1810  167.87975200
  0.1820  166.01157230
  0.1830  164.10602949
  0.1840  162.16419875
  0.1850  160.18716896
  0.1860  158.17604206
  0.1870  156.13193245
  0.1880  154.05596635
  0.1890  151.94928117
  0.1900  149.81302492
  0.1910  147.64835557
  0.1920  145.45644037
  0.1930  143.23845528
  0.1940  140.99558429
  0.1950  138.72901880
  0.1960  136.43995697
  0.1970  134.12960307
  0.1980  131.79916688
  0.1990  129.44986298
  0.2000  127.08291016
  0.2010  124.69953076
  0.2020  122.30095002
  0.2030  119.88839545
  0.2040  117.46309618
  0.2050  115.02628233
  0.2060  112.57918436
  0.2070  110.12303247
  0.2080  107.65905590
  0.2090  105.18848237
  0.2100  102.71253742
  0.2110  100.23244378
  0.2120  97.74942078
  0.2130  95.26468369
  0.2140  92.77944315
  0.2150  90.29490457
  0.2160  87.81226745
  0.2170  85.33272490
  0.2180  82.85746294
  0.2190  80.38766000
  0.2200  77.92448627
  0.2210  75.46910318
  0.2220  73.02266281
  0.2230  70.58630734
  0.2240  68.16116848
  0.2250  65.74836694
  0.2260  63.34901190
  0.2270  60.96420045
  0.2280  58.59501711
  0.2290  56.24253328
  0.2300  53.90780676
  0.2310  51.59188125
  0.2320  49.29578587
  0.2330  47.02053467
  0.2340  44.76712616
  0.2350  42.53654290
  0.2360  40.32975099
  0.2370  38.14769971
  0.2380  35.99132103
  0.2390  33.86152926
  0.2400  31.75922063
  0.2410  29.68527292
  0.2420  27.64054513
  0.2430  25.62587711
  0.2440  23.64208927
  0.2450  21.68998235
  0.2460  19.77033720
  0.2470  17.88391464
  0.2480  16.03145558
  0.2490  14.21368123
  0.2500  12.43129392
  0.2510  10.68497886
  0.2520  8.97540804
  0.2530  7.30324951
  0.2540  5.66919230
  0.2550  4.07402768
  0.2560  2.51902197
  0.2570  1.00957463
  0.2580  0.50797062
  0.2590  1.92470185
  0.2600  3.31746018
  0.2610  4.67046787
  0.2620  5.98209601
  0.2630  7.25164855
  0.2640  8.47864527
  0.2650  9.66269135
  0.2660  10.80344081
  0.2670  11.90058362
  0.2680  12.95384019
  0.2690  13.96295894
  0.2700  14.92771492
  0.2710  15.84790914
  0.2720  16.72336817
  0.2730  17.55394383
  0.2740  18.33951305
  0.2750  19.07997767
  0.2760  19.77526439
  0.2770  20.42532463
  0.2780  21.03013438
  0.2790  21.58969416
  0.2800  22.10402887
  0.2810  22.57318764
  0.2820  22.99724373
  0.2830  23.37629437
  0.2840  23.71046064
  0.2850  23.99988722
  0.2860  24.24474233
  0.2870  24.44521743
  0.2880  24.60152712
  0.2890  24.71390886
  0.2900  24.78262279
  0.2910  24.80795151
  0.2920  24.79019982
  0.2930  24.72969447
  0.2940  24.62678395
  0.2950  24.48183817
  0.2960  24.29524824
  0.2970  24.06742620
  0.2980  23.79880467
  0.2990  23.48983668
  0.3000  23.14099531
  0.3010  22.75277343
  0.3020  22.32568345
  0.3030  21.86025705
  0.3040  21.35704491
  0.3050  20.81661654
  0.3060  20.23956006
  0.3070  19.62648208
  0.3080  18.97800764
  0.3090  18.29478026
  0.3100  17.57746211
  0.3110  16.82673445
  0.3120  16.04329831
  0.3130  15.22787569
  0.3140  14.38121139
  0.3150  13.50407605
  0.3160  12.59727076
  0.3170  11.66163468
  0.3180  10.69805759
  0.3190  9.70750121
  0.3200  8.69103759
  0.3210  7.64992167
  0.3220  6.58573965
  0.3230  5.50074283
  0.3240  4.39870432
  0.3250  3.28756330
  0.3260  2.19021962
  0.3270  1.21293744
  0.3280  0.99040709
  0.3290  1.86300184
  0.3300  3.01319254
  0.3310  4.23538922
  0.3320  5.49302985
  0.3330  6.77507355
  0.3340  8.07671615
  0.3350  9.39524721
  0.3360  10.72881482
  0.3370  12.07597057
  0.3380  13.43547553
  0.3390  14.80620811
  0.3400  16.18711664
  0.3410  17.57719338
  0.3420  18.97545949
  0.3430  20.38095614
  0.3440  21.79273899
  0.3450  23.20987476
  0.3460  24.63143911
  0.3470  26.05651527
  0.3480  27.48419325
  0.3490  28.91356943
  0.3500  30.34374630
  0.3510  31.77383250
  0.3520  33.20294288
  0.3530  34.63019865
  0.3540  36.05472769
  0.3550  37.47566474
  0.3560  38.89215180
  0.3570  40.30333839
  0.3580  41.70838196
  0.3590  43.10644821
  0.3600  44.49671146
  0.3610  45.87835504
  0.3620  47.25057166
  0.3630  48.61256376
  0.3640  49.96354387
  0.3650  51.30273503
  0.3660  52.62937107
  0.3670  53.94269704
  0.3680  55.24196951
  0.3690  56.52645691
  0.3700  57.79543991
  0.3710  59.04821170
  0.3720  60.28407834
  0.3730  61.50235903
  0.3740  62.70238646
  0.3750  63.88350709
  0.3760  65.04508141
  0.3770  66.18648425
  0.3780  67.30710500
  0.3790  68.40634791
  0.3800  69.48363234
  0.3810  70.53839294
  0.3820  71.57007995
  0.3830  72.57815933
  0.3840  73.56211307
  0.3850  74.52143929
  0.3860  75.45565247
  0.3870  76.36428365
  0.3880  77.24688052
  0.3890  78.10300765
  0.3900  78.93224659
  0.3910  79.73419600
  0.3920  80.50847180
  0.3930  81.25470727
  0.3940  81.97255311
  0.3950  82.66167761
  0.3960  83.32176664
  0.3970  83.95252380
  0.3980  84.55367041
  0.3990  85.12494561
  0.4000  85.66610634
  0.4010  86.17692742
  0.4020  86.65720155
  0.4030  87.10673929
  0.4040  87.52536908
  0.4050  87.91293723
  0.4060  88.26930787
  0.4070  88.59436293
  0.4080  88.88800209
  0.4090  89.15014273
  0.4100  89.38071985
  0.4110  89.57968603
  0.4120  89.74701129
  0.4130  89.88268305
  0.4140  89.98670601
  0.4150  90.05910201
  0.4160  90.09990994
  0.4170  90.10918562
  0.4180  90.08700163
  0.4190  90.03344716
  0.4200  89.94862789
  0.4210  89.83266582
  0.4220  89.68569904
  0.4230  89.50788164
  0.4240  89.29938344
  0.4250  89.06038987
  0.4260  88.79110170
  0.4270  88.49173487
  0.4280  88.16252025
  0.4290  87.80370346
  0.4300  87.41554458
  0.4310  86.99831795
  0.4320  86.55231192
  0.4330  86.07782862
  0.4340  85.57518364
  0.4350  85.04470587
  0.4360  84.48673714
  0.4370  83.90163199
  0.4380  83.28975742
  0.4390  82.65149255
  0.4400  81.98722839
  0.4410  81.29736750
  0.4420  80.58232373
  0.4430  79.84252193
  0.4440  79.07839760
  0.4450  78.29039663
  0.4460  77.47897498
  0.4470  76.64459834
  0.4480  75.78774186
  0.4490  74.90888979
  0.4500  74.00853519
  0.4510  73.08717958
  0.4520  72.14533266
  0.4530  71.18351191
  0.4540  70.20224233
  0.4550  69.20205608
  0.4560  68.18349213
  0.4570  67.14709597
  0.4580  66.09341925
  0.4590  65.02301943
  0.4600  63.93645949
  0.4610  62.83430753
  0.4620  61.71713652
  0.4630  60.58552386
  0.4640  59.44005115
  0.4650  58.28130376
  0.4660  57.10987058
  0.4670  55.92634362
  0.4680  54.73131771
  0.4690  53.52539015
  0.4700  52.30916041
  0.4710  51.08322977
  0.4720  49.84820099
  0.4730  48.60467803
  0.4740  47.35326566
  0.4750  46.09456921
  0.4760  44.82919419
  0.4770  43.55774600
  0.4780  42.28082962
  0.4790  40.99904930
  0.4800  39.71300826
  0.4810  38.42330835
  0.4820  37.13054979
  0.4830  35.83533087
  0.4840  34.53824765
  0.4850  33.23989368
  0.4860  31.94085970
  0.4870  30.64173342
  0.4880  29.34309919
  0.4890  28.04553780
  0.4900  26.74962620
  0.4910  25.45593728
  0.4920  24.16503965
  0.4930  22.87749746
  0.4940  21.59387019
  0.4950  20.31471258
  0.4960  19.04057447
  0.4970  17.77200088
  0.4980  16.50953204
  0.4990  15.25370366
  0.5000  14.00504751
  0.5010  12.76409228
  0.5020  11.53136531
  0.5030  10.30739551
  0.5040  9.09271879
  0.5050  7.88788840
  0.5060  6.69349630
  0.5070  5.51022135
  0.5080  4.33895411
  0.5090  3.18118847
  0.5100  2.04070718
  0.5110  0.93725918
  0.5120  0.42088991
  0.5130  1.40462917
  0.5140  2.48510006
  0.5150  3.56267995
  0.5160  4.62914441
  0.5170  5.68222458
  0.5180  6.72086849
  0.5190  7.74440963
  0.5200  8.75233940
  0.5210  9.74422728
  0.5220  10.71968772
  0.5230  11.67836477
  0.5240  12.61992430
  0.5250  13.54404979
  0.5260  14.45043986
  0.5270  15.33880689
  0.5280  16.20887611
  0.5290  17.06038507
  0.5300  17.89308324
  0.5310  18.70673181
  0.5320  19.50110353
  0.5330  20.27598259
  0.5340  21.03116457
  0.5350  21.76645638
  0.5360  22.48167626
  0.5370  23.17665366
  0.5380  23.85122935
  0.5390  24.50525528
  0.5400  25.13859462
  0.5410  25.75112176
  0.5420  26.34272220
  0.5430  26.91329262
  0.5440  27.46274078
  0.5450  27.99098553
  0.5460  28.49795674
  0.5470  28.98359526
  0.5480  29.44785290
  0.5490  29.89069234
  0.5500  30.31208711
  0.5510  30.71202147
  0.5520  31.09049042
  0.5530  31.44749956
  0.5540  31.78306505
  0.5550  32.09721351
  0.5560  32.38998196
  0.5570  32.66141769
  0.5580  32.91157818
  0.5590  33.14053103
  0.5600  33.34835379
  0.5610  33.53513392
  0.5620  33.70096863
  0.5630  33.84596475
  0.5640  33.97023867
  0.5650  34.07391614
  0.5660  34.15713219
  0.5670  34.22003097
  0.5680  34.26276560
  0.5690  34.28549807
  0.5700  34.28839905
  0.5710  34.27164774
  0.5720  34.23543174
  0.5730  34.17994689
  0.5740  34.10539708
  0.5750  34.01199412
  0.5760  33.89995752
  0.5770  33.76951440
  0.5780  33.62089923
  0.5790  33.45435372
  0.5800  33.27012659
  0.5810  33.06847342
  0.5820  32.84965644
  0.5830  32.61394437
  0.5840  32.36161221
  0.5850  32.09294105
  0.5860  31.80821788
  0.5870  31.50773538
  0.5880  31.19179176
  0.5890  30.86069051
  0.5900  30.51474022
  0.5910  30.15425440
  0.5920  29.77955124
  0.5930  29.39095341
  0.5940  28.98878788
  0.5950  28.57338569
  0.5960  28.14508174
  0.5970  27.70421460
  0.5980  27.25112625
  0.5990  26.78616197
  0.6000  26.30967000
  0.6010  25.82200146
  0.6020  25.32351003
  0.6030  24.81455180
  0.6040  24.29548507
  0.6050  23.76667010
  0.6060  23.22846891
  0.6070  22.68124512
  0.6080  22.12536369
  0.6090  21.56119073
  0.6100  20.98909333
  0.6110  20.40943930
  0.6120  19.82259706
  0.6130  19.22893535
  0.6140  18.62882311
  0.6150  18.02262929
  0.6160  17.41072264
  0.6170  16.79347154
  0.6180  16.17124390
  0.6190  15.54440690
  0.6200  14.91332698
  0.6210  14.27836960
  0.6220  13.63989924
  0.6230  12.99827925
  0.6240  12.35387188
  0.6250  11.70703831
  0.6260  11.05813871
  0.6270  10.40753248
  0.6280  9.75557864
  0.6290  9.10263641
  0.6300  8.44906620
  0.6310  7.79523115
  0.6320  7.14149960
  0.6330  6.48824913
  0.6340  5.83587338
  0.6350  5.18479404
  0.6360  4.53548310
  0.6370  3.88850711
  0.6380  3.24462343
  0.6390  2.60501618
  0.6400  1.97197983
  0.6410  1.35146340
  0.6420  0.76742558
  0.6430  0.40534366
  0.6440  0.73434835
  0.6450  1.30353847
  0.6460  1.90478859
  0.6470  2.51179770
  0.6480  3.11826731
  0.6490  3.72184601
  0.6500  4.32136894
  0.6510  4.91612886
  0.6520  5.50562721
  0.6530  6.08947341
  0.6540  6.66733866
  0.6550  7.23893284
  0.6560  7.80399203
  0.6570  8.36227141
  0.6580  8.91354101
  0.6590  9.45758304
  0.6600  9.99419021
  0.6610  10.52316462
  0.6620  11.04431699
  0.6630  11.55746615
  0.6640  12.06243867
  0.6650  12.55906859
  0.6660  13.04719726
  0.6670  13.52667316
  0.6680  13.99735183
  0.6690  14.45909577
  0.6700  14.91177439
  0.6710  15.35526394
  0.6720  15.78944746
  0.6730  16.21421478
  0.6740  16.62946242
  0.6750  17.03509362
  0.6760  17.43101826
  0.6770  17.81715283
  0.6780  18.19342041
  0.6790  18.55975062
  0.6800  18.91607958
  0.6810  19.26234986
  0.6820  19.59851047
  0.6830  19.92451675
  0.6840  20.24033036
  0.6850  20.54591925
  0.6860  20.84125754
  0.6870  21.12632552
  0.6880  21.40110953
  0.6890  21.66560197
  0.6900  21.91980115
  0.6910  22.16371129
  0.6920  22.39734241
  0.6930  22.62071025
  0.6940  22.83383620
  0.6950  23.03674724
  0.6960  23.22947583
  0.6970  23.41205981
  0.6980  23.58454237
  0.6990  23.74697188
  0.7000  23.89940187
  0.7010  24.04189090
  0.7020  24.17450246
  0.7030  24.29730486
  0.7040  24.41037118
  0.7050  24.51377912
  0.7060  24.60761088
  0.7070  24.69195313
  0.7080  24.76689683
  0.7090  24.83253713
  0.7100  24.88897331
  0.7110  24.93630860
  0.7120  24.97465012
  0.7130  25.00410873
  0.7140  25.02479895
  0.7150  25.03683880
  0.7160  25.04034973
  0.7170  25.03545646
  0.7180  25.02228688
  0.7190  25.00097196
  0.7200  24.97164557
  0.7210  24.93444441
  0.7220  24.88950786
  0.7230  24.83697788
  0.7240  24.77699889
  0.7250  24.70971762
  0.7260  24.63528303
  0.7270  24.55384616
  0.7280  24.46556002
  0.7290  24.37057947
  0.7300  24.26906111
  0.7310  24.16116313
  0.7320  24.04704524
  0.7330  23.92686849
  0.7340  23.80079522
  0.7350  23.66898889
  0.7360  23.53161399
  0.7370  23.38883592
  0.7380  23.24082087
  0.7390  23.08773571
  0.7400  22.92974790
  0.7410  22.76702533
  0.7420  22.59973624
  0.7430  22.42804914
  0.7440  22.25213265
  0.7450  22.07215541
  0.7460  21.88828599
  0.7470  21.70069280
  0.7480  21.50954392
  0.7490  21.31500709
  0.7500  21.11724955
  0.7510  20.91643797
  0.7520  20.71273833
  0.7530  20.50631587
  0.7540  20.29733495
  0.7550  20.08595899
  0.7560  19.87235037
  0.7570  19.65667036
  0.7580  19.43907901
  0.7590  19.21973508
  0.7600  18.99879597
  0.7610  18.77641765
  0.7620  18.55275452
  0.7630  18.32795943
  0.7640  18.10218353
  0.7650  17.87557624
  0.7660  17.64828518
  0.7670  17.42045608
  0.7680  17.19223275
  0.7690  16.96375700
  0.7700  16.73516856
  0.7710  16.50660506
  0.7720  16.27820197
  0.7730  16.05009251
  0.7740  15.82240765
  0.7750  15.59527603
  0.7760  15.36882391
  0.7770  15.14317514
  0.7780  14.91845112
  0.7790  14.69477076
  0.7800  14.47225041
  0.7810  14.25100388
  0.7820  14.03114236
  0.7830  13.81277441
  0.7840  13.59600593
  0.7850  13.38094011
  0.7860  13.16767746
  0.7870  12.95631571
  0.7880  12.74694985
  0.7890  12.53967210
  0.7900  12.33457186
  0.7910  12.13173573
  0.7920  11.93124749
  0.7930  11.73318807
  0.7940  11.53763557
  0.7950  11.34466523
  0.7960  11.15434942
  0.7970  10.96675766
  0.7980  10.78195660
  0.7990  10.60001003
  0.8000  10.42097887
  0.8010  10.24492118
  0.8020  10.07189216
  0.8030  9.90194417
  0.8040  9.73512672
  0.8050  9.57148647
  0.8060  9.41106730
  0.8070  9.25391023
  0.8080  9.10005352
  0.8090  8.94953264
  0.8100  8.80238027
  0.8110  8.65862637
  0.8120  8.51829816
  0.8130  8.38142016
  0.8140  8.24801418
  0.8150  8.11809940
  0.8160  7.99169234
  0.8170  7.86880688
  0.8180  7.74945436
  0.8190  7.63364352
  0.8200  7.52138057
  0.8210  7.41266923
  0.8220  7.30751073
  0.8230  7.20590387
  0.8240  7.10784502
  0.8250  7.01332818
  0.8260  6.92234502
  0.8270  6.83488487
  0.8280  6.75093482
  0.8290  6.67047970
  0.8300  6.59350215
  0.8310  6.51998267
  0.8320  6.44989962
  0.8330  6.38322928
  0.8340  6.31994592
  0.8350  6.26002180
  0.8360  6.20342722
  0.8370  6.15013061
  0.8380  6.10009852
  0.8390  6.05329569
  0.8400  6.00968509
  0.8410  5.96922799
  0.8420  5.93188399
  0.8430  5.89761106
  0.8440  5.86636561
  0.8450  5.83810253
  0.8460  5.81277525
  0.8470  5.79033577
  0.8480  5.77073475
  0.8490  5.75392152
  0.8500  5.73984417
  0.8510  5.72844956
  0.8520  5.71968344
  0.8530  5.71349042
  0.8540  5.70981409
  0.8550  5.70859704
  0.8560  5.70978094
  0.8570  5.71330654
  0.8580  5.71911380
  0.8590  5.72714188
  0.8600  5.73732921
  0.8610  5.74961358
  0.8620  5.76393213
  0.8630  5.78022144
  0.8640  5.79841759
  0.8650  5.81845619
  0.8660  5.84027244
  0.8670  5.86380118
  0.8680  5.88897695
  0.8690  5.91573402
  0.8700  5.94400647
  0.8710  5.97372822
  0.8720  6.00483308
  0.8730  6.03725481
  0.8740  6.07092716
  0.8750  6.10578393
  0.8760  6.14175899
  0.8770  6.17878638
  0.8780  6.21680031
  0.8790  6.25573521
  0.8800  6.29552583
  0.8810  6.33610720
  0.8820  6.37741477
  0.8830  6.41938438
  0.8840  6.46195233
  0.8850  6.50505544
  0.8860  6.54863108
  0.8870  6.59261721
  0.8880  6.63695244
  0.8890  6.68157602
  0.8900  6.72642796
  0.8910  6.77144900
  0.8920  6.81658070
  0.8930  6.86176543
  0.8940  6.90694644
  0.8950  6.95206790
  0.8960  6.99707492
  0.8970  7.04191358
  0.8980  7.08653097
  0.8990  7.13087524
  0.9000  7.17489559
  0.9010  7.21854235
  0.9020  7.26176698
  0.9030  7.30452207
  0.9040  7.34676145
  0.9050  7.38844012
  0.9060  7.42951433
  0.9070  7.46994160
  0.9080  7.50968071
  0.9090  7.54869176
  0.9100  7.58693616
  0.9110  7.62437666
  0.9120  7.66097735
  0.9130  7.69670370
  0.9140  7.73152256
  0.9150  7.76540217
  0.9160  7.79831214
  0.9170  7.83022354
  0.9180  7.86110883
  0.9190  7.89094188
  0.9200  7.91969800
  0.9210  7.94735395
  0.9220  7.97388788
  0.9230  7.99927941
  0.9240  8.02350955
  0.9250  8.04656076
  0.9260  8.06841694
  0.9270  8.08906336
  0.9280  8.10848673
  0.9290  8.12667517
  0.9300  8.14361817
  0.9310  8.15930661
  0.9320  8.17373275
  0.9330  8.18689018
  0.9340  8.19877385
  0.9350  8.20938005
  0.9360  8.21870635
  0.9370  8.22675164
  0.9380  8.23351607
  0.9390  8.23900104
  0.9400  8.24320919
  0.9410  8.24614439
  0.9420  8.24781168
  0.9430  8.24821727
  0.9440  8.24736853
  0.9450  8.24527395
  0.9460  8.24194311
  0.9470  8.23738666
  0.9480  8.23161630
  0.9490  8.22464477
  0.9500  8.21648579
  0.9510  8.20715404
  0.9520  8.19666517
  0.9530  8.18503571
  0.9540  8.17228312
  0.9550  8.15842569
  0.9560  8.14348258
  0.9570  8.12747372
  0.9580  8.11041985
  0.9590  8.09234246
  0.9600  8.07326378
  0.9610  8.05320672
  0.9620  8.03219491
  0.9630  8.01025259
  0.9640  7.98740465
  0.9650  7.96367660
  0.9660  7.93909452
  0.9670  7.91368502
  0.9680  7.88747530
  0.9690  7.86049303
  0.9700  7.83276639
  0.9710  7.80432402
  0.9720  7.77519502
  0.9730  7.74540891
  0.9740  7.71499562
  0.9750  7.68398549
  0.9760  7.65240920
  0.9770  7.62029782
  0.9780  7.58768272
  0.9790  7.55459561
  0.9800  7.52106850
  0.9810  7.48713369
  0.9820  7.45282375
  0.9830  7.41817150
  0.9840  7.38321000
  0.9850  7.34797253
  0.9860  7.31249260
  0.9870  7.27680389
  0.9880  7.24094026
  0.9890  7.20493575
  0.9900  7.16882453
  0.9910  7.13264091
  0.9920  7.09641932
  0.9930  7.06019428
  0.9940  7.02400038
  0.9950  6.98787228
  0.9960  6.95184470
  0.9970  6.91595237
  0.9980  6.88023001
  0.9990  6.84471234
