  0.0000  40.48665394
  0.0010  40.44697972
  0.0020  40.32797987
  0.0030  40.12972283
  0.0040  39.85232265
  0.0050  39.49593885
  0.0060  39.06077640
  0.0070  38.54708556
  0.0080  37.95516172
  0.0090  37.28534523
  0.0100  36.53802120
  0.0110  35.71361927
  0.0120  34.81261332
  0.0130  33.83552124
  0.0140  32.78290456
  0.0150  31.65536818
  0.0160  30.45355996
  0.0170  29.17817041
  0.0180  27.82993223
  0.0190  26.40961999
  0.0200  24.91804968
  0.0210  23.35607834
  0.0220  21.72460376
  0.0230  20.02456420
  0.0240  18.25693830
  0.0250  16.42274548
  0.0260  14.52304694
  0.0270  12.55894852
  0.0280  10.53160794
  0.0290  8.44225434
  0.0300  6.29225174
  0.0310  4.08337804
  0.0320  1.82024150
  0.0330  0.55244242
  0.0340  2.90520120
  0.0350  5.33874035
  0.0360  7.82726514
  0.0370  10.36802536
  0.0380  12.95926164
  0.0390  15.59938721
  0.0400  18.28685008
  0.0410  21.02009640
  0.0420  23.79755830
  0.0430  26.61764941
  0.0440  29.47876327
  0.0450  32.37927307
  0.0460  35.31753186
  0.0470  38.29187319
  0.0480  41.30061181
  0.0490  44.34204459
  0.0500  47.41445137
  0.0510  50.51609599
  0.0520  53.64522721
  0.0530  56.80007979
  0.0540  59.97887546
  0.0550  63.17982400
  0.0560  66.40112427
  0.0570  69.64096527
  0.0580  72.89752722
  0.0590  76.16898259
  0.0600  79.45349724
  0.0610  82.74923141
  0.0620  86.05434089
  0.0630  89.36697802
  0.0640  92.68529282
  0.0650  96.00743404
  0.0660  99.33155027
  0.0670  102.65579098
  0.0680  105.97830760
  0.0690  109.29725461
  0.0700  112.61079061
  0.0710  115.91707933
  0.0720  119.21429075
  0.0730  122.50060210
  0.0740  125.77419892
  0.0750  129.03327610
  0.0760  132.27603892
  0.0770  135.50070402
  0.0780  138.70550045
  0.0790  141.88867065
  0.0800  145.04847146
  0.0810  148.18317507
  0.0820  151.29107000
  0.0830  154.37046203
  0.0840  157.41967518
  0.0850  160.43705261
  0.0860  163.42095752
  0.0870  166.36977409
  0.0880  169.28190830
  0.0890  172.15578887
  0.0900  174.98986804
  0.0910  177.78262248
  0.0920  180.53255402
  0.0930  183.23819053
  0.0940  185.89808667
  0.0950  188.51082462
  0.0960  191.07501489
  0.0970  193.58929702
  0.0980  196.05234025
  0.0990  198.46284428
  0.1000  200.81953986
  0.1010  203.12118950
  0.1020  205.36658807
  0.1030  207.55456340
  0.1040  209.68397686
  0.1050  211.75372395
  0.1060  213.76273482
  0.1070  215.70997478
  0.1080  217.59444481
  0.1090  219.41518204
  0.1100  221.17126018
  0.1110  222.86178998
  0.1120  224.48591959
  0.1130  226.04283498
  0.1140  227.53176029
  0.1150  228.95195815
  0.1160  230.30273000
  0.1170  231.58341641
  0.1180  232.79339728
  0.1190  233.93209213
  0.1200  234.99896031
  0.1210  235.99350118
  0.1220  236.91525430
  0.1230  237.76379954
  0.1240  238.53875725
  0.1250  239.23978832
  0.1260  239.86659427
  0.1270  240.41891732
  0.1280  240.89654039
  0.1290  241.29928709
  0.1300  241.62702177
  0.1310  241.87964940
  0.1320  242.05711556
  0.1330  242.15940633
  0.1340  242.18654819
  0.1350  242.13860785
  0.1360  242.01569218
  0.1370  241.81794792
  0.1380  241.54556160
  0.1390  241.19875921
  0.1400  240.77780605
  0.1410  240.28300639
  0.1420  239.71470325
  0.1430  239.07327805
  0.1440  238.35915031
  0.1450  237.57277729
  0.1460  236.71465365
  0.1470  235.78531102
  0.1480  234.78531764
  0.1490  233.71527791
  0.1500  232.57583197
  0.1510  231.36765523
  0.1520  230.09145788
  0.1530  228.74798440
  0.1540  227.33801308
  0.1550  225.86235545
  0.1560  224.32185573
  0.1570  222.71739032
  0.1580  221.04986718
  0.1590  219.32022522
  0.1600  217.52943376
  0.1610  215.67849184
  0.1620  213.76842761
  0.1630  211.80029770
  0.1640  209.77518651
  0.1650  207.69420557
  0.1660  205.55849286
  0.1670  203.36921207
  0.1680  201.12755191
  0.1690  198.83472538
  0.1700  196.49196907
  0.1710  194.10054234
  0.1720  191.66172666
  0.1730  189.17682475
  0.1740  186.64715989
  0.1750  184.07407509
  0.1760  181.45893231
  0.1770  178.80311169
  0.1780  176.10801068
  0.1790  173.37504331
  0.1800  170.60563932
  0.1810  167.80124337
  0.1820  164.96331416
  0.1830  162.09332366
  0.1840  159.19275623
  0.1850  156.26310781
  0.1860  153.30588503
  0.1870  150.32260442
  0.1880  147.31479151
  0.1890  144.28398000
  0.1900  141.23171092
  0.1910  138.15953173
  0.1920  135.06899551
  0.1930  131.96166008
  0.1940  128.83908717
  0.1950  125.70284151
  0.1960  122.55449005
  0.1970  119.39560103
  0.1980  116.22774320
  0.1990  113.05248492
  0.2000  109.87139337
  0.2010  106.68603364
  0.2020  103.49796795
  0.2030  100.30875481
  0.2040  97.11994816
  0.2050  93.93309659
  0.2060  90.74974252
  0.2070  87.57142138
  0.2080  84.39966081
  0.2090  81.23597990
  0.2100  78.08188839
  0.2110  74.93888592
  0.2120  71.80846125
  0.2130  68.69209157
  0.2140  65.59124175
  0.2150  62.50736365
  0.2160  59.44189545
  0.2170  56.39626105
  0.2180  53.37186941
  0.2190  50.37011404
  0.2200  47.39237256
  0.2210  44.44000627
  0.2220  41.51435993
  0.2230  38.61676171
  0.2240  35.74852342
  0.2250  32.91094119
  0.2260  30.10529677
  0.2270  27.33286007
  0.2280  24.59489352
  0.2290  21.89265995
  0.2300  19.22743701
  0.2310  16.60054501
  0.2320  14.01340457
  0.2330  11.46766783
  0.2340  8.96556135
  0.2350  6.51097852
  0.2360  4.11429581
  0.2370  1.83347700
  0.2380  1.03187793
  0.2390  3.06600342
  0.2400  5.26571353
  0.2410  7.44334466
  0.2420  9.58032025
  0.2430  11.67135906
  0.2440  13.71403200
  0.2450  15.70683815
  0.2460  17.64866582
  0.2470  19.53860034
  0.2480  21.37584387
  0.2490  23.15967773
  0.2500  24.88944334
  0.2510  26.56453168
  0.2520  28.18437741
  0.2530  29.74845520
  0.2540  31.25627761
  0.2550  32.70739364
  0.2560  34.10138783
  0.2570  35.43787965
  0.2580  36.71652310
  0.2590  37.93700644
  0.2600  39.09905193
  0.2610  40.20241571
  0.2620  41.24688766
  0.2630  42.23229129
  0.2640  43.15848364
  0.2650  44.02535514
  0.2660  44.83282953
  0.2670  45.58086375
  0.2680  46.26944776
  0.2690  46.89860445
  0.2700  47.46838945
  0.2710  47.97889099
  0.2720  48.43022967
  0.2730  48.82255828
  0.2740  49.15606162
  0.2750  49.43095619
  0.2760  49.64748999
  0.2770  49.80594223
  0.2780  49.90662306
  0.2790  49.94987327
  0.2800  49.93606393
  0.2810  49.86559613
  0.2820  49.73890055
  0.2830  49.55643714
  0.2840  49.31869474
  0.2850  49.02619065
  0.2860  48.67947023
  0.2870  48.27910651
  0.2880  47.82569967
  0.2890  47.31987665
  0.2900  46.76229065
  0.2910  46.15362064
  0.2920  45.49457089
  0.2930  44.78587041
  0.2940  44.02827249
  0.2950  43.22255412
  0.2960  42.36951546
  0.2970  41.46997930
  0.2980  40.52479046
  0.2990  39.53481526
  0.3000  38.50094094
  0.3010  37.42407504
  0.3020  36.30514484
  0.3030  35.14509678
  0.3040  33.94489588
  0.3050  32.70552515
  0.3060  31.42798501
  0.3070  30.11329281
  0.3080  28.76248226
  0.3090  27.37660301
  0.3100  25.95672029
  0.3110  24.50391460
  0.3120  23.01928170
  0.3130  21.50393278
  0.3140  19.95899516
  0.3150  18.38561374
  0.3160  16.78495373
  0.3170  15.15820587
  0.3180  13.50659606
  0.3190  11.83140432
  0.3200  10.13400429
  0.3210  8.41595337
  0.3220  6.67922809
  0.3230  4.92697193
  0.3240  3.16677210
  0.3250  1.43831445
  0.3260  0.75971215
  0.3270  2.39147899
  0.3280  4.20049375
  0.3290  6.04028132
  0.3300  7.89669932
  0.3310  9.76533844
  0.3320  11.64382972
  0.3330  13.53045036
  0.3340  15.42373644
  0.3350  17.32234582
  0.3360  19.22500133
  0.3370  21.13046450
  0.3380  23.03752240
  0.3390  24.94498077
  0.3400  26.85166026
  0.3410  28.75639440
  0.3420  30.65802858
  0.3430  32.55541956
  0.3440  34.44743536
  0.3450  36.33295534
  0.3460  38.21087047
  0.3470  40.08008365
  0.3480  41.93951011
  0.3490  43.78807783
  0.3500  45.62472799
  0.3510  47.44841546
  0.3520  49.25810924
  0.3530  51.05279299
  0.3540  52.83146544
  0.3550  54.59314090
  0.3560  56.33684973
  0.3570  58.06163877
  0.3580  59.76657179
  0.3590  61.45072995
  0.3600  63.11321218
  0.3610  64.75313566
  0.3620  66.36963615
  0.3630  67.96186843
  0.3640  69.52900663
  0.3650  71.07024465
  0.3660  72.58479645
  0.3670  74.07189641
  0.3680  75.53079966
  0.3690  76.96078237
  0.3700  78.36114203
  0.3710  79.73119775
  0.3720  81.07029053
  0.3730  82.37778346
  0.3740  83.65306200
  0.3750  84.89553416
  0.3760  86.10463074
  0.3770  87.27980549
  0.3780  88.42053527
  0.3790  89.52632026
  0.3800  90.59668402
  0.3810  91.63117371
  0.3820  92.62936012
  0.3830  93.59083781
  0.3840  94.51522518
  0.3850  95.40216455
  0.3860  96.25132218
  0.3870  97.06238833
  0.3880  97.83507730
  0.3890  98.56912738
  0.3900  99.26430091
  0.3910  99.92038420
  0.3920  100.53718754
  0.3930  101.11454512
  0.3940  101.65231499
  0.3950  102.15037895
  0.3960  102.60864250
  0.3970  103.02703470
  0.3980  103.40550805
  0.3990  103.74403841
  0.4000  104.04262478
  0.4010  104.30128920
  0.4020  104.52007656
  0.4030  104.69905441
  0.4040  104.83831277
  0.4050  104.93796395
  0.4060  104.99814227
  0.4070  105.01900389
  0.4080  105.00072654
  0.4090  104.94350926
  0.4100  104.84757218
  0.4110  104.71315617
  0.4120  104.54052263
  0.4130  104.32995316
  0.4140  104.08174923
  0.4150  103.79623194
  0.4160  103.47374160
  0.4170  103.11463750
  0.4180  102.71929746
  0.4190  102.28811758
  0.4200  101.82151181
  0.4210  101.31991161
  0.4220  100.78376558
  0.4230  100.21353907
  0.4240  99.60971378
  0.4250  98.97278741
  0.4260  98.30327318
  0.4270  97.60169949
  0.4280  96.86860946
  0.4290  96.10456055
  0.4300  95.31012410
  0.4310  94.48588489
  0.4320  93.63244074
  0.4330  92.75040207
  0.4340  91.84039138
  0.4350  90.90304292
  0.4360  89.93900211
  0.4370  88.94892520
  0.4380  87.93347872
  0.4390  86.89333906
  0.4400  85.82919201
  0.4410  84.74173226
  0.4420  83.63166296
  0.4430  82.49969525
  0.4440  81.34654775
  0.4450  80.17294614
  0.4460  78.97962263
  0.4470  77.76731555
  0.4480  76.53676879
  0.4490  75.28873142
  0.4500  74.02395714
  0.4510  72.74320383
  0.4520  71.44723310
  0.4530  70.13680978
  0.4540  68.81270146
  0.4550  67.47567807
  0.4560  66.12651131
  0.4570  64.76597428
  0.4580  63.39484098
  0.4590  62.01388586
  0.4600  60.62388332
  0.4610  59.22560734
  0.4620  57.81983094
  0.4630  56.40732581
  0.4640  54.98886182
  0.4650  53.56520658
  0.4660  52.13712504
  0.4670  50.70537906
  0.4680  49.27072693
  0.4690  47.83392303
  0.4700  46.39571735
  0.4710  44.95685514
  0.4720  43.51807646
  0.4730  42.08011581
  0.4740  40.64370173
  0.4750  39.20955644
  0.4760  37.77839544
  0.4770  36.35092715
  0.4780  34.92785256
  0.4790  33.50986485
  0.4800  32.09764908
  0.4810  30.69188183
  0.4820  29.29323088
  0.4830  27.90235488
  0.4840  26.51990308
  0.4850  25.14651498
  0.4860  23.78282007
  0.4870  22.42943759
  0.4880  21.08697620
  0.4890  19.75603383
  0.4900  18.43719739
  0.4910  17.13104265
  0.4920  15.83813406
  0.4930  14.55902471
  0.4940  13.29425634
  0.4950  12.04435948
  0.4960  10.80985397
  0.4970  9.59124979
  0.4980  8.38904894
  0.4990  7.20374913
  0.5000  6.03585177
  0.5010  4.88588107
  0.5020  3.75443653
  0.5030  2.64237451
  0.5040  1.55173980
  0.5050  0.49863160
  0.5060  0.61547081
  0.5070  1.63463465
  0.5080  2.64601615
  0.5090  3.63864903
  0.5100  4.61085910
  0.5110  5.56195892
  0.5120  6.49150853
  0.5130  7.39916177
  0.5140  8.28462019
  0.5150  9.14761589
  0.5160  9.98790411
  0.5170  10.80525966
  0.5180  11.59947504
  0.5190  12.37035943
  0.5200  13.11773800
  0.5210  13.84145157
  0.5220  14.54135630
  0.5230  15.21732349
  0.5240  15.86923944
  0.5250  16.49700531
  0.5260  17.10053698
  0.5270  17.67976498
  0.5280  18.23463431
  0.5290  18.76510440
  0.5300  19.27114895
  0.5310  19.75275583
  0.5320  20.20992692
  0.5330  20.64267802
  0.5340  21.05103873
  0.5350  21.43505222
  0.5360  21.79477517
  0.5370  22.13027760
  0.5380  22.44164266
  0.5390  22.72896653
  0.5400  22.99235819
  0.5410  23.23193927
  0.5420  23.44784389
  0.5430  23.64021840
  0.5440  23.80922128
  0.5450  23.95502283
  0.5460  24.07780508
  0.5470  24.17776148
  0.5480  24.25509674
  0.5490  24.31002661
  0.5500  24.34277763
  0.5510  24.35358690
  0.5520  24.34270190
  0.5530  24.31038019
  0.5540  24.25688919
  0.5550  24.18250595
  0.5560  24.08751689
  0.5570  23.97221757
  0.5580  23.83691241
  0.5590  23.68191443
  0.5600  23.50754503
  0.5610  23.31413369
  0.5620  23.10201773
  0.5630  22.87154204
  0.5640  22.62305880
  0.5650  22.35692723
  0.5660  22.07351331
  0.5670  21.77318950
  0.5680  21.45633449
  0.5690  21.12333290
  0.5700  20.77457504
  0.5710  20.41045660
  0.5720  20.03137838
  0.5730  19.63774605
  0.5740  19.22996982
  0.5750  18.80846422
  0.5760  18.37364779
  0.5770  17.92594281
  0.5780  17.46577505
  0.5790  16.99357346
  0.5800  16.50976996
  0.5810  16.01479912
  0.5820  15.50909792
  0.5830  14.99310548
  0.5840  14.46726283
  0.5850  13.93201264
  0.5860  13.38779899
  0.5870  12.83506712
  0.5880  12.27426325
  0.5890  11.70583435
  0.5900  11.13022797
  0.5910  10.54789211
  0.5920  9.95927511
  0.5930  9.36482562
  0.5940  8.76499268
  0.5950  8.16022594
  0.5960  7.55097613
  0.5970  6.93769589
  0.5980  6.32084127
  0.5990  5.70087444
  0.6000  5.07826848
  0.6010  4.45351649
  0.6020  3.82714996
  0.6030  3.19977898
  0.6040  2.57219154
  0.6050  1.94564484
  0.6060  1.32297775
  0.6070  0.71545380
  0.6080  0.26414222
  0.6090  0.64911082
  0.6100  1.24978876
  0.6110  1.86683164
  0.6120  2.48638146
  0.6130  3.10526550
  0.6140  3.72217433
  0.6150  4.33633758
  0.6160  4.94719055
  0.6170  5.55426318
  0.6180  6.15713574
  0.6190  6.75541885
  0.6200  7.34874362
  0.6210  7.93675633
  0.6220  8.51911554
  0.6230  9.09549041
  0.6240  9.66555964
  0.6250  10.22901093
  0.6260  10.78554056
  0.6270  11.33485322
  0.6280  11.87666191
  0.6290  12.41068787
  0.6300  12.93666056
  0.6310  13.45431774
  0.6320  13.96340545
  0.6330  14.46367811
  0.6340  14.95489853
  0.6350  15.43683801
  0.6360  15.90927640
  0.6370  16.37200212
  0.6380  16.82481228
  0.6390  17.26751269
  0.6400  17.69991796
  0.6410  18.12185151
  0.6420  18.53314562
  0.6430  18.93364151
  0.6440  19.32318934
  0.6450  19.70164824
  0.6460  20.06888639
  0.6470  20.42478097
  0.6480  20.76921821
  0.6490  21.10209342
  0.6500  21.42331096
  0.6510  21.73278427
  0.6520  22.03043582
  0.6530  22.31619716
  0.6540  22.59000884
  0.6550  22.85182042
  0.6560  23.10159045
  0.6570  23.33928640
  0.6580  23.56488463
  0.6590  23.77837038
  0.6600  23.97973764
  0.6610  24.16898917
  0.6620  24.34613638
  0.6630  24.51119930
  0.6640  24.66420645
  0.6650  24.80519481
  0.6660  24.93420971
  0.6670  25.05130472
  0.6680  25.15654158
  0.6690  25.24999008
  0.6700  25.33172793
  0.6710  25.40184069
  0.6720  25.46042161
  0.6730  25.50757149
  0.6740  25.54339861
  0.6750  25.56801853
  0.6760  25.58155398
  0.6770  25.58413471
  0.6780  25.57589730
  0.6790  25.55698508
  0.6800  25.52754789
  0.6810  25.48774197
  0.6820  25.43772976
  0.6830  25.37767974
  0.6840  25.30776623
  0.6850  25.22816923
  0.6860  25.13907425
  0.6870  25.04067207
  0.6880  24.93315860
  0.6890  24.81673465
  0.6900  24.69160573
  0.6910  24.55798188
  0.6920  24.41607744
  0.6930  24.26611085
  0.6940  24.10830444
  0.6950  23.94288421
  0.6960  23.77007964
  0.6970  23.59012344
  0.6980  23.40325138
  0.6990  23.20970204
  0.7000  23.00971658
  0.7010  22.80353855
  0.7020  22.59141367
  0.7030  22.37358957
  0.7040  22.15031563
  0.7050  21.92184270
  0.7060  21.68842291
  0.7070  21.45030945
  0.7080  21.20775634
  0.7090  20.96101821
  0.7100  20.71035010
  0.7110  20.45600722
  0.7120  20.19824475
  0.7130  19.93731762
  0.7140  19.67348030
  0.7150  19.40698661
  0.7160  19.13808946
  0.7170  18.86704072
  0.7180  18.59409093
  0.7190  18.31948921
  0.7200  18.04348295
  0.7210  17.76631771
  0.7220  17.48823697
  0.7230  17.20948199
  0.7240  16.93029158
  0.7250  16.65090198
  0.7260  16.37154664
  0.7270  16.09245607
  0.7280  15.81385770
  0.7290  15.53597567
  0.7300  15.25903071
  0.7310  14.98324000
  0.7320  14.70881698
  0.7330  14.43597129
  0.7340  14.16490853
  0.7350  13.89583024
  0.7360  13.62893371
  0.7370  13.36441189
  0.7380  13.10245325
  0.7390  12.84324173
  0.7400  12.58695658
  0.7410  12.33377233
  0.7420  12.08385863
  0.7430  11.83738025
  0.7440  11.59449692
  0.7450  11.35536336
  0.7460  11.12012911
  0.7470  10.88893857
  0.7480  10.66193088
  0.7490  10.43923992
  0.7500  10.22099427
  0.7510  10.00731712
  0.7520  9.79832634
  0.7530  9.59413438
  0.7540  9.39484828
  0.7550  9.20056968
  0.7560  9.01139478
  0.7570  8.82741440
  0.7580  8.64871390
  0.7590  8.47537327
  0.7600  8.30746710
  0.7610  8.14506463
  0.7620  7.98822974
  0.7630  7.83702100
  0.7640  7.69149171
  0.7650  7.55168991
  0.7660  7.41765844
  0.7670  7.28943495
  0.7680  7.16705198
  0.7690  7.05053701
  0.7700  6.93991245
  0.7710  6.83519577
  0.7720  6.73639948
  0.7730  6.64353125
  0.7740  6.55659393
  0.7750  6.47558561
  0.7760  6.40049971
  0.7770  6.33132503
  0.7780  6.26804581
  0.7790  6.21064182
  0.7800  6.15908843
  0.7810  6.11335671
  0.7820  6.07341346
  0.7830  6.03922138
  0.7840  6.01073907
  0.7850  5.98792121
  0.7860  5.97071861
  0.7870  5.95907834
  0.7880  5.95294383
  0.7890  5.95225498
  0.7900  5.95694828
  0.7910  5.96695694
  0.7920  5.98221098
  0.7930  6.00263739
  0.7940  6.02816023
  0.7950  6.05870077
  0.7960  6.09417758
  0.7970  6.13450671
  0.7980  6.17960175
  0.7990  6.22937401
  0.8000  6.28373259
  0.8010  6.34258453
  0.8020  6.40583489
  0.8030  6.47338691
  0.8040  6.54514207
  0.8050  6.62100020
  0.8060  6.70085963
  0.8070  6.78461721
  0.8080  6.87216848
  0.8090  6.96340771
  0.8100  7.05822800
  0.8110  7.15652139
  0.8120  7.25817890
  0.8130  7.36309065
  0.8140  7.47114591
  0.8150  7.58223317
  0.8160  7.69624026
  0.8170  7.81305433
  0.8180  7.93256202
  0.8190  8.05464945
  0.8200  8.17920230
  0.8210  8.30610589
  0.8220  8.43524523
  0.8230  8.56650506
  0.8240  8.69976993
  0.8250  8.83492424
  0.8260  8.97185228
  0.8270  9.11043831
  0.8280  9.25056660
  0.8290  9.39212144
  0.8300  9.53498725
  0.8310  9.67904857
  0.8320  9.82419014
  0.8330  9.97029692
  0.8340  10.11725414
  0.8350  10.26494735
  0.8360  10.41326242
  0.8370  10.56208563
  0.8380  10.71130370
  0.8390  10.86080377
  0.8400  11.01047352
  0.8410  11.16020113
  0.8420  11.30987537
  0.8430  11.45938560
  0.8440  11.60862183
  0.8450  11.75747472
  0.8460  11.90583566
  0.8470  12.05359674
  0.8480  12.20065086
  0.8490  12.34689170
  0.8500  12.49221378
  0.8510  12.63651248
  0.8520  12.77968409
  0.8530  12.92162584
  0.8540  13.06223592
  0.8550  13.20141352
  0.8560  13.33905886
  0.8570  13.47507324
  0.8580  13.60935907
  0.8590  13.74181988
  0.8600  13.87236039
  0.8610  14.00088653
  0.8620  14.12730547
  0.8630  14.25152567
  0.8640  14.37345692
  0.8650  14.49301035
  0.8660  14.61009851
  0.8670  14.72463539
  0.8680  14.83653644
  0.8690  14.94571865
  0.8700  15.05210056
  0.8710  15.15560233
  0.8720  15.25614574
  0.8730  15.35365428
  0.8740  15.44805317
  0.8750  15.53926939
  0.8760  15.62723176
  0.8770  15.71187095
  0.8780  15.79311955
  0.8790  15.87091210
  0.8800  15.94518514
  0.8810  16.01587725
  0.8820  16.08292912
  0.8830  16.14628355
  0.8840  16.20588554
  0.8850  16.26168233
  0.8860  16.31362340
  0.8870  16.36166058
  0.8880  16.40574804
  0.8890  16.44584237
  0.8900  16.48190260
  0.8910  16.51389026
  0.8920  16.54176943
  0.8930  16.56550673
  0.8940  16.58507142
  0.8950  16.60043543
  0.8960  16.61157335
  0.8970  16.61846254
  0.8980  16.62108309
  0.8990  16.61941791
  0.9000  16.61345275
  0.9010  16.60317622
  0.9020  16.58857982
  0.9030  16.56965796
  0.9040  16.54640803
  0.9050  16.51883037
  0.9060  16.48692830
  0.9070  16.45070818
  0.9080  16.41017938
  0.9090  16.36535432
  0.9100  16.31624846
  0.9110  16.26288036
  0.9120  16.20527160
  0.9130  16.14344688
  0.9140  16.07743395
  0.9150  16.00726365
  0.9160  15.93296987
  0.9170  15.85458959
  0.9180  15.77216282
  0.9190  15.68573263
  0.9200  15.59534507
  0.9210  15.50104925
  0.9220  15.40289721
  0.9230  15.30094396
  0.9240  15.19524744
  0.9250  15.08586848
  0.9260  14.97287074
  0.9270  14.85632072
  0.9280  14.73628769
  0.9290  14.61284361
  0.9300  14.48606317
  0.9310  14.35602364
  0.9320  14.22280488
  0.9330  14.08648925
  0.9340  13.94716156
  0.9350  13.80490899
  0.9360  13.65982105
  0.9370  13.51198948
  0.9380  13.36150819
  0.9390  13.20847318
  0.9400  13.05298245
  0.9410  12.89513595
  0.9420  12.73503545
  0.9430  12.57278449
  0.9440  12.40848826
  0.9450  12.24225353
  0.9460  12.07418856
  0.9470  11.90440295
  0.9480  11.73300764
  0.9490  11.56011469
  0.9500  11.38583728
  0.9510  11.21028955
  0.9520  11.03358651
  0.9530  10.85584394
  0.9540  10.67717825
  0.9550  10.49770642
  0.9560  10.31754587
  0.9570  10.13681432
  0.9580  9.95562973
  0.9590  9.77411013
  0.9600  9.59237358
  0.9610  9.41053799
  0.9620  9.22872105
  0.9630  9.04704010
  0.9640  8.86561202
  0.9650  8.68455313
  0.9660  8.50397908
  0.9670  8.32400471
  0.9680  8.14474399
  0.9690  7.96630986
  0.9700  7.78881418
  0.9710  7.61236756
  0.9720  7.43707933
  0.9730  7.26305738
  0.9740  7.09040809
  0.9750  6.91923620
  0.9760  6.74964476
  0.9770  6.58173501
  0.9780  6.41560627
  0.9790  6.25135590
  0.9800  6.08907917
  0.9810  5.92886918
  0.9820  5.77081679
  0.9830  5.61501056
  0.9840  5.46153661
  0.9850  5.31047864
  0.9860  5.16191775
  0.9870  5.01593247
  0.9880  4.87259864
  0.9890  4.73198938
  0.9900  4.59417499
  0.9910  4.45922294
  0.9920  4.32719780
  0.9930  4.19816120
  0.9940  4.07217178
  0.9950  3.94928516
  0.9960  3.82955390
  0.9970  3.71302748
  0.9980  3.59975229
  0.9990  3.48977157
