  0.0000  55.31433293
  0.0010  55.28807171
  0.0020  55.20929931
  0.0030  55.07804954
  0.0040  54.89437868
  0.0050  54.65836554
  0.0060  54.37011135
  0.0070  54.02973976
  0.0080  53.63739674
  0.0090  53.19325057
  0.0100  52.69749171
  0.0110  52.15033272
  0.0120  51.55200818
  0.0130  50.90277458
  0.0140  50.20291019
  0.0150  49.45271493
  0.0160  48.65251024
  0.0170  47.80263891
  0.0180  46.90346495
  0.0190  45.95537342
  0.0200  44.95877021
  0.0210  43.91408191
  0.0220  42.82175557
  0.0230  41.68225850
  0.0240  40.49607807
  0.0250  39.26372148
  0.0260  37.98571551
  0.0270  36.66260629
  0.0280  35.29495905
  0.0290  33.88335784
  0.0300  32.42840530
  0.0310  30.93072233
  0.0320  29.39094784
  0.0330  27.80973844
  0.0340  26.18776816
  0.0350  24.52572810
  0.0360  22.82432615
  0.0370  21.08428665
  0.0380  19.30635004
  0.0390  17.49127257
  0.0400  15.63982591
  0.0410  13.75279679
  0.0420  11.83098671
  0.0430  9.87521152
  0.0440  7.88630112
  0.0450  5.86509921
  0.0460  3.81246342
  0.0470  1.72926932
  0.0480  0.38373212
  0.0490  2.52533456
  0.0500  4.69489329
  0.0510  6.89142447
  0.0520  9.11399775
  0.0530  11.36167467
  0.0540  13.63350723
  0.0550  15.92853806
  0.0560  18.24580076
  0.0570  20.58432031
  0.0580  22.94311350
  0.0590  25.32118935
  0.0600  27.71754960
  0.0610  30.13118911
  0.0620  32.56109631
  0.0630  35.00625369
  0.0640  37.46563824
  0.0650  39.93822189
  0.0660  42.42297198
  0.0670  44.91885173
  0.0680  47.42482068
  0.0690  49.93983520
  0.0700  52.46284886
  0.0710  54.99281301
  0.0720  57.52867716
  0.0730  60.06938946
  0.0740  62.61389719
  0.0750  65.16114720
  0.0760  67.71008639
  0.0770  70.25966215
  0.0780  72.80882282
  0.0790  75.35651820
  0.0800  77.90169993
  0.0810  80.44332200
  0.0820  82.98034119
  0.0830  85.51171753
  0.0840  88.03641471
  0.0850  90.55340060
  0.0860  93.06164762
  0.0870  95.56013321
  0.0880  98.04784030
  0.0890  100.52375767
  0.0900  102.98688047
  0.0910  105.43621057
  0.0920  107.87075702
  0.0930  110.28953648
  0.0940  112.69157359
  0.0950  115.07590142
  0.0960  117.44156186
  0.0970  119.78760601
  0.0980  122.11309461
  0.0990  124.41709836
  0.1000  126.69869840
  0.1010  128.95698658
  0.1020  131.19106592
  0.1030  133.40005095
  0.1040  135.58306802
  0.1050  137.73925573
  0.1060  139.86776524
  0.1070  141.96776060
  0.1080  144.03841910
  0.1090  146.07893159
  0.1100  148.08850280
  0.1110  150.06635166
  0.1120  152.01171159
  0.1130  153.92383082
  0.1140  155.80197264
  0.1150  157.64541574
  0.1160  159.45345442
  0.1170  161.22539891
  0.1180  162.96057559
  0.1190  164.65832727
  0.1200  166.31801342
  0.1210  167.93901038
  0.1220  169.52071163
  0.1230  171.06252798
  0.1240  172.56388777
  0.1250  174.02423710
  0.1260  175.44303999
  0.1270  176.81977858
  0.1280  178.15395329
  0.1290  179.44508301
  0.1300  180.69270522
  0.1310  181.89637617
  0.1320  183.05567099
  0.1330  184.17018384
  0.1340  185.23952802
  0.1350  186.26333608
  0.1360  187.24125991
  0.1370  188.17297088
  0.1380  189.05815984
  0.1390  189.89653728
  0.1400  190.68783333
  0.1410  191.43179786
  0.1420  192.12820051
  0.1430  192.77683071
  0.1440  193.37749773
  0.1450  193.93003070
  0.1460  194.43427860
  0.1470  194.89011029
  0.1480  195.29741447
  0.1490  195.65609970
  0.1500  195.96609433
  0.1510  196.22734650
  0.1520  196.43982409
  0.1530  196.60351465
  0.1540  196.71842537
  0.1550  196.78458297
  0.1560  196.80203365
  0.1570  196.77084302
  0.1580  196.69109594
  0.1590  196.56289650
  0.1600  196.38636783
  0.1610  196.16165205
  0.1620  195.88891007
  0.1630  195.56832153
  0.1640  195.20008460
  0.1650  194.78441583
  0.1660  194.32155004
  0.1670  193.81174010
  0.1680  193.25525676
  0.1690  192.65238852
  0.1700  192.00344137
  0.1710  191.30873864
  0.1720  190.56862078
  0.1730  189.78344517
  0.1740  188.95358586
  0.1750  188.07943338
  0.1760  187.16139453
  0.1770  186.19989207
  0.1780  185.19536456
  0.1790  184.14826606
  0.1800  183.05906589
  0.1810  181.92824837
  0.1820  180.75631257
  0.1830  179.54377198
  0.1840  178.29115432
  0.1850  176.99900120
  0.1860  175.66786782
  0.1870  174.29832275
  0.1880  172.89094754
  0.1890  171.44633651
  0.1900  169.96509636
  0.1910  168.44784593
  0.1920  166.89521585
  0.1930  165.30784822
  0.1940  163.68639632
  0.1950  162.03152423
  0.1960  160.34390657
  0.1970  158.62422810
  0.1980  156.87318345
  0.1990  155.09147673
  0.2000  153.27982122
  0.2010  151.43893903
  0.2020  149.56956071
  0.2030  147.67242497
  0.2040  145.74827828
  0.2050  143.79787455
  0.2060  141.82197475
  0.2070  139.82134657
  0.2080  137.79676408
  0.2090  135.74900735
  0.2100  133.67886208
  0.2110  131.58711929
  0.2120  129.47457493
  0.2130  127.34202951
  0.2140  125.19028775
  0.2150  123.02015825
  0.2160  120.83245308
  0.2170  118.62798746
  0.2180  116.40757937
  0.2190  114.17204923
  0.2200  111.92221949
  0.2210  109.65891433
  0.2220  107.38295927
  0.2230  105.09518082
  0.2240  102.79640611
  0.2250  100.48746260
  0.2260  98.16917764
  0.2270  95.84237821
  0.2280  93.50789052
  0.2290  91.16653966
  0.2300  88.81914930
  0.2310  86.46654133
  0.2320  84.10953552
  0.2330  81.74894919
  0.2340  79.38559686
  0.2350  77.02028998
  0.2360  74.65383653
  0.2370  72.28704078
  0.2380  69.92070290
  0.2390  67.55561868
  0.2400  65.19257925
  0.2410  62.83237072
  0.2420  60.47577393
  0.2430  58.12356411
  0.2440  55.77651064
  0.2450  53.43537674
  0.2460  51.10091920
  0.2470  48.77388812
  0.2480  46.45502662
  0.2490  44.14507064
  0.2500  41.84474869
  0.2510  39.55478159
  0.2520  37.27588232
  0.2530  35.00875583
  0.2540  32.75409889
  0.2550  30.51260003
  0.2560  28.28493952
  0.2570  26.07178944
  0.2580  23.87381404
  0.2590  21.69167027
  0.2600  19.52600895
  0.2610  17.37747676
  0.2620  15.24672024
  0.2630  13.13439344
  0.2640  11.04117447
  0.2650  8.96780444
  0.2660  6.91519467
  0.2670  4.88479656
  0.2680  2.88049683
  0.2690  0.93462535
  0.2700  1.15315785
  0.2710  3.06601335
  0.2720  4.98147579
  0.2730  6.87742433
  0.2740  8.75061845
  0.2750  10.59981244
  0.2760  12.42424800
  0.2770  14.22334082
  0.2780  15.99658660
  0.2790  17.74352602
  0.2800  19.46372975
  0.2810  21.15679117
  0.2820  22.82232264
  0.2830  24.45995348
  0.2840  26.06932878
  0.2850  27.65010865
  0.2860  29.20196784
  0.2870  30.72459542
  0.2880  32.21769465
  0.2890  33.68098282
  0.2900  35.11419120
  0.2910  36.51706496
  0.2920  37.88936317
  0.2930  39.23085873
  0.2940  40.54133836
  0.2950  41.82060256
  0.2960  43.06846561
  0.2970  44.28475551
  0.2980  45.46931397
  0.2990  46.62199638
  0.3000  47.74267172
  0.3010  48.83122260
  0.3020  49.88754513
  0.3030  50.91154892
  0.3040  51.90315698
  0.3050  52.86230571
  0.3060  53.78894478
  0.3070  54.68303707
  0.3080  55.54455862
  0.3090  56.37349850
  0.3100  57.16985875
  0.3110  57.93365428
  0.3120  58.66491277
  0.3130  59.36367456
  0.3140  60.02999254
  0.3150  60.66393204
  0.3160  61.26557074
  0.3170  61.83499846
  0.3180  62.37231715
  0.3190  62.87764065
  0.3200  63.35109462
  0.3210  63.79281638
  0.3220  64.20295475
  0.3230  64.58166992
  0.3240  64.92913326
  0.3250  65.24552723
  0.3260  65.53104515
  0.3270  65.78589106
  0.3280  66.01027956
  0.3290  66.20443562
  0.3300  66.36859442
  0.3310  66.50300115
  0.3320  66.60791083
  0.3330  66.68358817
  0.3340  66.73030729
  0.3350  66.74835162
  0.3360  66.73801364
  0.3370  66.69959472
  0.3380  66.63340489
  0.3390  66.53976268
  0.3400  66.41899485
  0.3410  66.27143626
  0.3420  66.09742958
  0.3430  65.89732515
  0.3440  65.67148072
  0.3450  65.42026125
  0.3460  65.14403869
  0.3470  64.84319177
  0.3480  64.51810576
  0.3490  64.16917227
  0.3500  63.79678902
  0.3510  63.40135961
  0.3520  62.98329331
  0.3530  62.54300480
  0.3540  62.08091399
  0.3550  61.59744576
  0.3560  61.09302975
  0.3570  60.56810011
  0.3580  60.02309531
  0.3590  59.45845786
  0.3600  58.87463413
  0.3610  58.27207409
  0.3620  57.65123110
  0.3630  57.01256167
  0.3640  56.35652523
  0.3650  55.68358393
  0.3660  54.99420236
  0.3670  54.28884739
  0.3680  53.56798789
  0.3690  52.83209454
  0.3700  52.08163959
  0.3710  51.31709664
  0.3720  50.53894042
  0.3730  49.74764659
  0.3740  48.94369149
  0.3750  48.12755194
  0.3760  47.29970502
  0.3770  46.46062788
  0.3780  45.61079749
  0.3790  44.75069047
  0.3800  43.88078285
  0.3810  43.00154989
  0.3820  42.11346587
  0.3830  41.21700388
  0.3840  40.31263565
  0.3850  39.40083132
  0.3860  38.48205928
  0.3870  37.55678597
  0.3880  36.62547568
  0.3890  35.68859040
  0.3900  34.74658962
  0.3910  33.79993015
  0.3920  32.84906598
  0.3930  31.89444807
  0.3940  30.93652425
  0.3950  29.97573900
  0.3960  29.01253334
  0.3970  28.04734469
  0.3980  27.08060669
  0.3990  26.11274915
  0.4000  25.14419785
  0.4010  24.17537448
  0.4020  23.20669656
  0.4030  22.23857733
  0.4040  21.27142572
  0.4050  20.30564632
  0.4060  19.34163936
  0.4070  18.37980083
  0.4080  17.42052254
  0.4090  16.46419231
  0.4100  15.51119432
  0.4110  14.56190958
  0.4120  13.61671662
  0.4130  12.67599255
  0.4140  11.74011467
  0.4150  10.80946293
  0.4160  9.88442366
  0.4170  8.96539573
  0.4180  8.05280061
  0.4190  7.14709998
  0.4200  6.24882789
  0.4210  5.35865407
  0.4220  4.47751952
  0.4230  3.60696273
  0.4240  2.75003908
  0.4250  1.91459425
  0.4260  1.13021222
  0.4270  0.59558507
  0.4280  0.92370619
  0.4290  1.65142685
  0.4300  2.43512120
  0.4310  3.22694553
  0.4320  4.01603051
  0.4330  4.79855876
  0.4340  5.57277593
  0.4350  6.33770749
  0.4360  7.09272860
  0.4370  7.83739227
  0.4380  8.57135145
  0.4390  9.29432022
  0.4400  10.00605297
  0.4410  10.70633252
  0.4420  11.39496305
  0.4430  12.07176564
  0.4440  12.73657543
  0.4450  13.38923966
  0.4460  14.02961640
  0.4470  14.65757363
  0.4480  15.27298851
  0.4490  15.87574695
  0.4500  16.46574317
  0.4510  17.04287945
  0.4520  17.60706589
  0.4530  18.15822020
  0.4540  18.69626753
  0.4550  19.22114037
  0.4560  19.73277838
  0.4570  20.23112832
  0.4580  20.71614392
  0.4590  21.18778578
  0.4600  21.64602131
  0.4610  22.09082460
  0.4620  22.52217635
  0.4630  22.94006378
  0.4640  23.34448057
  0.4650  23.73542673
  0.4660  24.11290852
  0.4670  24.47693841
  0.4680  24.82753494
  0.4690  25.16472263
  0.4700  25.48853195
  0.4710  25.79899914
  0.4720  26.09616621
  0.4730  26.38008075
  0.4740  26.65079592
  0.4750  26.90837031
  0.4760  27.15286785
  0.4770  27.38435770
  0.4780  27.60291416
  0.4790  27.80861658
  0.4800  28.00154925
  0.4810  28.18180127
  0.4820  28.34946649
  0.4830  28.50464336
  0.4840  28.64743487
  0.4850  28.77794838
  0.4860  28.89629557
  0.4870  29.00259233
  0.4880  29.09695858
  0.4890  29.17951825
  0.4900  29.25039910
  0.4910  29.30973264
  0.4920  29.35765402
  0.4930  29.39430191
  0.4940  29.41981837
  0.4950  29.43434876
  0.4960  29.43804162
  0.4970  29.43104857
  0.4980  29.41352414
  0.4990  29.38562575
  0.5000  29.34751350
  0.5010  29.29935011
  0.5020  29.24130080
  0.5030  29.17353318
  0.5040  29.09621711
  0.5050  29.00952460
  0.5060  28.91362973
  0.5070  28.80870848
  0.5080  28.69493866
  0.5090  28.57249978
  0.5100  28.44157296
  0.5110  28.30234079
  0.5120  28.15498724
  0.5130  27.99969754
  0.5140  27.83665808
  0.5150  27.66605631
  0.5160  27.48808062
  0.5170  27.30292023
  0.5180  27.11076509
  0.5190  26.91180582
  0.5200  26.70623351
  0.5210  26.49423971
  0.5220  26.27601631
  0.5230  26.05175538
  0.5240  25.82164916
  0.5250  25.58588991
  0.5260  25.34466981
  0.5270  25.09818091
  0.5280  24.84661499
  0.5290  24.59016348
  0.5300  24.32901740
  0.5310  24.06336724
  0.5320  23.79340286
  0.5330  23.51931346
  0.5340  23.24128743
  0.5350  22.95951232
  0.5360  22.67417472
  0.5370  22.38546021
  0.5380  22.09355325
  0.5390  21.79863715
  0.5400  21.50089394
  0.5410  21.20050434
  0.5420  20.89764766
  0.5430  20.59250176
  0.5440  20.28524295
  0.5450  19.97604593
  0.5460  19.66508375
  0.5470  19.35252772
  0.5480  19.03854737
  0.5490  18.72331036
  0.5500  18.40698245
  0.5510  18.08972744
  0.5520  17.77170710
  0.5530  17.45308114
  0.5540  17.13400712
  0.5550  16.81464047
  0.5560  16.49513436
  0.5570  16.17563973
  0.5580  15.85630518
  0.5590  15.53727698
  0.5600  15.21869900
  0.5610  14.90071269
  0.5620  14.58345703
  0.5630  14.26706849
  0.5640  13.95168103
  0.5650  13.63742602
  0.5660  13.32443225
  0.5670  13.01282588
  0.5680  12.70273043
  0.5690  12.39426674
  0.5700  12.08755297
  0.5710  11.78270454
  0.5720  11.47983415
  0.5730  11.17905175
  0.5740  10.88046450
  0.5750  10.58417681
  0.5760  10.29029025
  0.5770  9.99890362
  0.5780  9.71011288
  0.5790  9.42401119
  0.5800  9.14068885
  0.5810  8.86023334
  0.5820  8.58272930
  0.5830  8.30825852
  0.5840  8.03689996
  0.5850  7.76872973
  0.5860  7.50382111
  0.5870  7.24224455
  0.5880  6.98406766
  0.5890  6.72935524
  0.5900  6.47816927
  0.5910  6.23056893
  0.5920  5.98661062
  0.5930  5.74634796
  0.5940  5.50983178
  0.5950  5.27711019
  0.5960  5.04822856
  0.5970  4.82322955
  0.5980  4.60215312
  0.5990  4.38503656
  0.6000  4.17191452
  0.6010  3.96281902
  0.6020  3.75777948
  0.6030  3.55682275
  0.6040  3.35997316
  0.6050  3.16725252
  0.6060  2.97868018
  0.6070  2.79427307
  0.6080  2.61404574
  0.6090  2.43801043
  0.6100  2.26617713
  0.6110  2.09855362
  0.6120  1.93514564
  0.6130  1.77595697
  0.6140  1.62098962
  0.6150  1.47024409
  0.6160  1.32371970
  0.6170  1.18141521
  0.6180  1.04332974
  0.6190  0.90946436
  0.6200  0.77982514
  0.6210  0.65442913
  0.6220  0.53331772
  0.6230  0.41659035
  0.6240  0.30450710
  0.6250  0.19790386
  0.6260  0.10098484
  0.6270  0.05715114
  0.6280  0.12623653
  0.6290  0.21421844
  0.6300  0.30154456
  0.6310  0.38596960
  0.6320  0.46696212
  0.6330  0.54435332
  0.6340  0.61808915
  0.6350  0.68816165
  0.6360  0.75458480
  0.6370  0.81738442
  0.6380  0.87659347
  0.6390  0.93224964
  0.6400  0.98439399
  0.6410  1.03307016
  0.6420  1.07832388
  0.6430  1.12020262
  0.6440  1.15875539
  0.6450  1.19403254
  0.6460  1.22608565
  0.6470  1.25496743
  0.6480  1.28073161
  0.6490  1.30343289
  0.6500  1.32312685
  0.6510  1.33986993
  0.6520  1.35371931
  0.6530  1.36473292
  0.6540  1.37296935
  0.6550  1.37848782
  0.6560  1.38134813
  0.6570  1.38161061
  0.6580  1.37933607
  0.6590  1.37458576
  0.6600  1.36742137
  0.6610  1.35790489
  0.6620  1.34609868
  0.6630  1.33206535
  0.6640  1.31586776
  0.6650  1.29756895
  0.6660  1.27723214
  0.6670  1.25492066
  0.6680  1.23069793
  0.6690  1.20462743
  0.6700  1.17677262
  0.6710  1.14719696
  0.6720  1.11596386
  0.6730  1.08313663
  0.6740  1.04877846
  0.6750  1.01295239
  0.6760  0.97572129
  0.6770  0.93714781
  0.6780  0.89729440
  0.6790  0.85622324
  0.6800  0.81399627
  0.6810  0.77067516
  0.6820  0.72632135
  0.6830  0.68099601
  0.6840  0.63476015
  0.6850  0.58767471
  0.6860  0.53980068
  0.6870  0.49119941
  0.6880  0.44193309
  0.6890  0.39206567
  0.6900  0.34166461
  0.6910  0.29080456
  0.6920  0.23957580
  0.6930  0.18810688
  0.6940  0.13663853
  0.6950  0.08586213
  0.6960  0.03983898
  0.6970  0.03727251
  0.6980  0.08265440
  0.6990  0.13396497
  0.7000  0.18639975
  0.7010  0.23920085
  0.7020  0.29211918
  0.7030  0.34502964
  0.7040  0.39784979
  0.7050  0.45051534
  0.7060  0.50297117
  0.7070  0.55516742
  0.7080  0.60705758
  0.7090  0.65859761
  0.7100  0.70974534
  0.7110  0.76046019
  0.7120  0.81070299
  0.7130  0.86043585
  0.7140  0.90962208
  0.7150  0.95822620
  0.7160  1.00621380
  0.7170  1.05355163
  0.7180  1.10020753
  0.7190  1.14615042
  0.7200  1.19135029
  0.7210  1.23577823
  0.7220  1.27940640
  0.7230  1.32220802
  0.7240  1.36415738
  0.7250  1.40522984
  0.7260  1.44540182
  0.7270  1.48465079
  0.7280  1.52295530
  0.7290  1.56029493
  0.7300  1.59665031
  0.7310  1.63200313
  0.7320  1.66633611
  0.7330  1.69963301
  0.7340  1.73187861
  0.7350  1.76305873
  0.7360  1.79316017
  0.7370  1.82217078
  0.7380  1.85007938
  0.7390  1.87687580
  0.7400  1.90255085
  0.7410  1.92709629
  0.7420  1.95050489
  0.7430  1.97277032
  0.7440  1.99388723
  0.7450  2.01385118
  0.7460  2.03265866
  0.7470  2.05030707
  0.7480  2.06679468
  0.7490  2.08212067
  0.7500  2.09628507
  0.7510  2.10928876
  0.7520  2.12113346
  0.7530  2.13182173
  0.7540  2.14135692
  0.7550  2.14974317
  0.7560  2.15698541
  0.7570  2.16308933
  0.7580  2.16806136
  0.7590  2.17190865
  0.7600  2.17463907
  0.7610  2.17626119
  0.7620  2.17678424
  0.7630  2.17621811
  0.7640  2.17457335
  0.7650  2.17186111
  0.7660  2.16809314
  0.7670  2.16328180
  0.7680  2.15744000
  0.7690  2.15058120
  0.7700  2.14271939
  0.7710  2.13386907
  0.7720  2.12404522
  0.7730  2.11326332
  0.7740  2.10153927
  0.7750  2.08888943
  0.7760  2.07533056
  0.7770  2.06087981
  0.7780  2.04555473
  0.7790  2.02937321
  0.7800  2.01235348
  0.7810  1.99451408
  0.7820  1.97587388
  0.7830  1.95645201
  0.7840  1.93626787
  0.7850  1.91534109
  0.7860  1.89369155
  0.7870  1.87133933
  0.7880  1.84830471
  0.7890  1.82460813
  0.7900  1.80027019
  0.7910  1.77531164
  0.7920  1.74975335
  0.7930  1.72361628
  0.7940  1.69692152
  0.7950  1.66969020
  0.7960  1.64194352
  0.7970  1.61370274
  0.7980  1.58498913
  0.7990  1.55582401
  0.8000  1.52622867
  0.8010  1.49622442
  0.8020  1.46583254
  0.8030  1.43507428
  0.8040  1.40397085
  0.8050  1.37254343
  0.8060  1.34081311
  0.8070  1.30880094
  0.8080  1.27652789
  0.8090  1.24401486
  0.8100  1.21128266
  0.8110  1.17835203
  0.8120  1.14524363
  0.8130  1.11197804
  0.8140  1.07857578
  0.8150  1.04505729
  0.8160  1.01144299
  0.8170  0.97775324
  0.8180  0.94400841
  0.8190  0.91022891
  0.8200  0.87643518
  0.8210  0.84264781
  0.8220  0.80888754
  0.8230  0.77517541
  0.8240  0.74153280
  0.8250  0.70798160
  0.8260  0.67454439
  0.8270  0.64124461
  0.8280  0.60810695
  0.8290  0.57515764
  0.8300  0.54242502
  0.8310  0.50994022
  0.8320  0.47773809
  0.8330  0.44585854
  0.8340  0.41434836
  0.8350  0.38326389
  0.8360  0.35267479
  0.8370  0.32266975
  0.8380  0.29336500
  0.8390  0.26491735
  0.8400  0.23754421
  0.8410  0.21155460
  0.8420  0.18739536
  0.8430  0.16571460
  0.8440  0.14742805
  0.8450  0.13372633
  0.8460  0.12588505
  0.8470  0.12477489
  0.8480  0.13033431
  0.8490  0.14156070
  0.8500  0.15704211
  0.8510  0.17547208
  0.8520  0.19585224
  0.8530  0.21748160
  0.8540  0.23988163
  0.8550  0.26272541
  0.8560  0.28578624
  0.8570  0.30890362
  0.8580  0.33196127
  0.8590  0.35487297
  0.8600  0.37757334
  0.8610  0.40001178
  0.8620  0.42214833
  0.8630  0.44395085
  0.8640  0.46539310
  0.8650  0.48645333
  0.8660  0.50711323
  0.8670  0.52735726
  0.8680  0.54717207
  0.8690  0.56654608
  0.8700  0.58546920
  0.8710  0.60393255
  0.8720  0.62192829
  0.8730  0.63944948
  0.8740  0.65648995
  0.8750  0.67304420
  0.8760  0.68910735
  0.8770  0.70467505
  0.8780  0.71974343
  0.8790  0.73430908
  0.8800  0.74836901
  0.8810  0.76192059
  0.8820  0.77496157
  0.8830  0.78749001
  0.8840  0.79950431
  0.8850  0.81100317
  0.8860  0.82198556
  0.8870  0.83245077
  0.8880  0.84239831
  0.8890  0.85182797
  0.8900  0.86073980
  0.8910  0.86913408
  0.8920  0.87701133
  0.8930  0.88437231
  0.8940  0.89121801
  0.8950  0.89754962
  0.8960  0.90336858
  0.8970  0.90867653
  0.8980  0.91347532
  0.8990  0.91776701
  0.9000  0.92155389
  0.9010  0.92483841
  0.9020  0.92762327
  0.9030  0.92991133
  0.9040  0.93170567
  0.9050  0.93300955
  0.9060  0.93382643
  0.9070  0.93415996
  0.9080  0.93401399
  0.9090  0.93339254
  0.9100  0.93229981
  0.9110  0.93074020
  0.9120  0.92871828
  0.9130  0.92623881
  0.9140  0.92330670
  0.9150  0.91992706
  0.9160  0.91610516
  0.9170  0.91184644
  0.9180  0.90715650
  0.9190  0.90204113
  0.9200  0.89650625
  0.9210  0.89055795
  0.9220  0.88420249
  0.9230  0.87744626
  0.9240  0.87029582
  0.9250  0.86275785
  0.9260  0.85483922
  0.9270  0.84654688
  0.9280  0.83788797
  0.9290  0.82886974
  0.9300  0.81949956
  0.9310  0.80978494
  0.9320  0.79973351
  0.9330  0.78935302
  0.9340  0.77865133
  0.9350  0.76763640
  0.9360  0.75631630
  0.9370  0.74469922
  0.9380  0.73279341
  0.9390  0.72060724
  0.9400  0.70814916
  0.9410  0.69542769
  0.9420  0.68245145
  0.9430  0.66922910
  0.9440  0.65576940
  0.9450  0.64208114
  0.9460  0.62817321
  0.9470  0.61405451
  0.9480  0.59973401
  0.9490  0.58522072
  0.9500  0.57052368
  0.9510  0.55565198
  0.9520  0.54061473
  0.9530  0.52542107
  0.9540  0.51008014
  0.9550  0.49460114
  0.9560  0.47899324
  0.9570  0.46326565
  0.9580  0.44742759
  0.9590  0.43148827
  0.9600  0.41545693
  0.9610  0.39934282
  0.9620  0.38315519
  0.9630  0.36690332
  0.9640  0.35059652
  0.9650  0.33424414
  0.9660  0.31785559
  0.9670  0.30144038
  0.9680  0.28500813
  0.9690  0.26856865
  0.9700  0.25213199
  0.9710  0.23570857
  0.9720  0.21930932
  0.9730  0.20294594
  0.9740  0.18663119
  0.9750  0.17037950
  0.9760  0.15420784
  0.9770  0.13813714
  0.9780  0.12219497
  0.9790  0.10642023
  0.9800  0.09087272
  0.9810  0.07565332
  0.9820  0.06095188
  0.9830  0.04717230
  0.9840  0.03528608
  0.9850  0.02766503
  0.9860  0.02785242
  0.9870  0.03557186
  0.9880  0.04714319
  0.9890  0.06028911
  0.9900  0.07408951
  0.9910  0.08816079
  0.9920  0.10232222
  0.9930  0.11647794
  0.9940  0.13057179
  0.9950  0.14456790
  0.9960  0.15844165
  0.9970  0.17217508
  0.9980  0.18575437
  0.9990  0.19916840
