  0.0000  82.71752423
  0.0010  82.67687809
  0.0020  82.55496090
  0.0030  82.35183632
  0.0040  82.06761039
  0.0050  81.70243152
  0.0060  81.25649034
  0.0070  80.73001964
  0.0080  80.12329423
  0.0090  79.43663075
  0.0100  78.67038754
  0.0110  77.82496441
  0.0120  76.90080239
  0.0130  75.89838352
  0.0140  74.81823057
  0.0150  73.66090672
  0.0160  72.42701525
  0.0170  71.11719921
  0.0180  69.73214105
  0.0190  68.27256221
  0.0200  66.73922275
  0.0210  65.13292090
  0.0220  63.45449260
  0.0230  61.70481106
  0.0240  59.88478622
  0.0250  57.99536428
  0.0260  56.03752715
  0.0270  54.01229190
  0.0280  51.92071020
  0.0290  49.76386771
  0.0300  47.54288351
  0.0310  45.25890947
  0.0320  42.91312958
  0.0330  40.50675937
  0.0340  38.04104523
  0.0350  35.51726376
  0.0360  32.93672111
  0.0370  30.30075242
  0.0380  27.61072122
  0.0390  24.86801900
  0.0400  22.07406508
  0.0410  19.23030690
  0.0420  16.33822176
  0.0430  13.39932173
  0.0440  10.41516896
  0.0450  7.38743141
  0.0460  4.31818361
  0.0470  1.21488794
  0.0480  1.95326906
  0.0490  5.13683019
  0.0500  8.35947546
  0.0510  11.61687159
  0.0520  14.90699326
  0.0530  18.22805586
  0.0540  21.57832308
  0.0550  24.95606675
  0.0560  28.35955533
  0.0570  31.78705016
  0.0580  35.23680434
  0.0590  38.70706269
  0.0600  42.19606222
  0.0610  45.70203275
  0.0620  49.22319771
  0.0630  52.75777501
  0.0640  56.30397790
  0.0650  59.86001589
  0.0660  63.42409571
  0.0670  66.99442222
  0.0680  70.56919934
  0.0690  74.14663105
  0.0700  77.72492226
  0.0710  81.30227983
  0.0720  84.87691346
  0.0730  88.44703664
  0.0740  92.01086763
  0.0750  95.56663035
  0.0760  99.11255530
  0.0770  102.64688053
  0.0780  106.16785251
  0.0790  109.67372709
  0.0800  113.16277035
  0.0810  116.63325952
  0.0820  120.08348389
  0.0830  123.51174564
  0.0840  126.91636077
  0.0850  130.29565990
  0.0860  133.64798915
  0.0870  136.97171100
  0.0880  140.26520507
  0.0890  143.52686898
  0.0900  146.75511913
  0.0910  149.94839151
  0.0920  153.10514245
  0.0930  156.22384945
  0.0940  159.30301185
  0.0950  162.34115164
  0.0960  165.33681416
  0.0970  168.28856881
  0.0980  171.19500973
  0.0990  174.05475652
  0.1000  176.86645489
  0.1010  179.62877728
  0.1020  182.34042355
  0.1030  185.00012156
  0.1040  187.60662775
  0.1050  190.15872780
  0.1060  192.65523712
  0.1070  195.09500142
  0.1080  197.47689728
  0.1090  199.79983261
  0.1100  202.06274717
  0.1110  204.26461307
  0.1120  206.40443518
  0.1130  208.48125160
  0.1140  210.49413409
  0.1150  212.44218842
  0.1160  214.32455483
  0.1170  216.14040834
  0.1180  217.88895909
  0.1190  219.56945270
  0.1200  221.18117056
  0.1210  222.72343008
  0.1220  224.19558501
  0.1230  225.59702565
  0.1240  226.92717909
  0.1250  228.18550940
  0.1260  229.37151783
  0.1270  230.48474296
  0.1280  231.52476085
  0.1290  232.49118519
  0.1300  233.38366736
  0.1310  234.20189652
  0.1320  234.94559971
  0.1330  235.61454187
  0.1340  236.20852586
  0.1350  236.72739247
  0.1360  237.17102039
  0.1370  237.53932620
  0.1380  237.83226430
  0.1390  238.04982683
  0.1400  238.19204358
  0.1410  238.25898187
  0.1420  238.25074643
  0.1430  238.16747924
  0.1440  238.00935934
  0.1450  237.77660267
  0.1460  237.46946184
  0.1470  237.08822590
  0.1480  236.63322010
  0.1490  236.10480565
  0.1500  235.50337937
  0.1510  234.82937345
  0.1520  234.08325514
  0.1530  233.26552634
  0.1540  232.37672332
  0.1550  231.41741631
  0.1560  230.38820915
  0.1570  229.28973884
  0.1580  228.12267516
  0.1590  226.88772022
  0.1600  225.58560798
  0.1610  224.21710386
  0.1620  222.78300419
  0.1630  221.28413571
  0.1640  219.72135513
  0.1650  218.09554854
  0.1660  216.40763089
  0.1670  214.65854545
  0.1680  212.84926322
  0.1690  210.98078238
  0.1700  209.05412770
  0.1710  207.07034988
  0.1720  205.03052503
  0.1730  202.93575397
  0.1740  200.78716161
  0.1750  198.58589631
  0.1760  196.33312924
  0.1770  194.03005366
  0.1780  191.67788430
  0.1790  189.27785662
  0.1800  186.83122616
  0.1810  184.33926781
  0.1820  181.80327509
  0.1830  179.22455945
  0.1840  176.60444953
  0.1850  173.94429043
  0.1860  171.24544297
  0.1870  168.50928293
  0.1880  165.73720030
  0.1890  162.93059856
  0.1900  160.09089386
  0.1910  157.21951428
  0.1920  154.31789905
  0.1930  151.38749782
  0.1940  148.42976980
  0.1950  145.44618305
  0.1960  142.43821368
  0.1970  139.40734503
  0.1980  136.35506695
  0.1990  133.28287496
  0.2000  130.19226950
  0.2010  127.08475510
  0.2020  123.96183967
  0.2030  120.82503363
  0.2040  117.67584923
  0.2050  114.51579966
  0.2060  111.34639838
  0.2070  108.16915828
  0.2080  104.98559097
  0.2090  101.79720597
  0.2100  98.60551001
  0.2110  95.41200625
  0.2120  92.21819358
  0.2130  89.02556589
  0.2140  85.83561135
  0.2150  82.64981174
  0.2160  79.46964179
  0.2170  76.29656851
  0.2180  73.13205060
  0.2190  69.97753786
  0.2200  66.83447066
  0.2210  63.70427948
  0.2220  60.58838448
  0.2230  57.48819523
  0.2240  54.40511054
  0.2250  51.34051846
  0.2260  48.29579654
  0.2270  45.27231244
  0.2280  42.27142504
  0.2290  39.29448633
  0.2300  36.34284438
  0.2310  33.41784812
  0.2320  30.52085498
  0.2330  27.65324333
  0.2340  24.81643330
  0.2350  22.01192289
  0.2360  19.24135420
  0.2370  16.50664245
  0.2380  13.81024966
  0.2390  11.15583331
  0.2400  8.55003766
  0.2410  6.00869265
  0.2420  3.58780390
  0.2430  1.67647757
  0.2440  2.30471457
  0.2450  4.44508463
  0.2460  6.74734726
  0.2470  9.05448345
  0.2480  11.33545884
  0.2490  13.57986065
  0.2500  15.78290894
  0.2510  17.94187623
  0.2520  20.05493770
  0.2530  22.12072459
  0.2540  24.13812583
  0.2550  26.10619087
  0.2560  28.02407824
  0.2570  29.89102655
  0.2580  31.70633745
  0.2590  33.46936506
  0.2600  35.17950931
  0.2610  36.83621156
  0.2620  38.43895160
  0.2630  39.98724569
  0.2640  41.48064509
  0.2650  42.91873510
  0.2660  44.30113432
  0.2670  45.62749406
  0.2680  46.89749799
  0.2690  48.11086180
  0.2700  49.26733291
  0.2710  50.36669030
  0.2720  51.40874430
  0.2730  52.39333642
  0.2740  53.32033919
  0.2750  54.18965602
  0.2760  55.00122103
  0.2770  55.75499889
  0.2780  56.45098467
  0.2790  57.08920363
  0.2800  57.66971110
  0.2810  58.19259223
  0.2820  58.65796180
  0.2830  59.06596402
  0.2840  59.41677231
  0.2850  59.71058901
  0.2860  59.94764518
  0.2870  60.12820031
  0.2880  60.25254204
  0.2890  60.32098586
  0.2900  60.33387482
  0.2910  60.29157922
  0.2920  60.19449623
  0.2930  60.04304961
  0.2940  59.83768930
  0.2950  59.57889108
  0.2960  59.26715617
  0.2970  58.90301086
  0.2980  58.48700608
  0.2990  58.01971700
  0.3000  57.50174260
  0.3010  56.93370521
  0.3020  56.31625010
  0.3030  55.65004497
  0.3040  54.93577955
  0.3050  54.17416505
  0.3060  53.36593371
  0.3070  52.51183829
  0.3080  51.61265160
  0.3090  50.66916592
  0.3100  49.68219254
  0.3110  48.65256121
  0.3120  47.58111961
  0.3130  46.46873281
  0.3140  45.31628272
  0.3150  44.12466757
  0.3160  42.89480132
  0.3170  41.62761315
  0.3180  40.32404689
  0.3190  38.98506046
  0.3200  37.61162537
  0.3210  36.20472614
  0.3220  34.76535982
  0.3230  33.29453546
  0.3240  31.79327367
  0.3250  30.26260620
  0.3260  28.70357555
  0.3270  27.11723477
  0.3280  25.50464731
  0.3290  23.86688712
  0.3300  22.20503919
  0.3310  20.52020050
  0.3320  18.81348206
  0.3330  17.08601257
  0.3340  15.33894509
  0.3350  13.57346965
  0.3360  11.79083824
  0.3370  9.99241805
  0.3380  8.17981766
  0.3390  6.35523457
  0.3400  4.52265740
  0.3410  2.69401216
  0.3420  0.96711755
  0.3430  1.26806928
  0.3440  3.06275912
  0.3450  4.93369851
  0.3460  6.82370507
  0.3470  8.72359431
  0.3480  10.62992294
  0.3490  12.54067007
  0.3500  14.45430838
  0.3510  16.36952122
  0.3520  18.28509652
  0.3530  20.19988085
  0.3540  22.11275755
  0.3550  24.02263547
  0.3560  25.92844293
  0.3570  27.82912437
  0.3580  29.72363847
  0.3590  31.61095710
  0.3600  33.49006488
  0.3610  35.35995892
  0.3620  37.21964887
  0.3630  39.06815703
  0.3640  40.90451860
  0.3650  42.72778192
  0.3660  44.53700881
  0.3670  46.33127490
  0.3680  48.10966995
  0.3690  49.87129825
  0.3700  51.61527893
  0.3710  53.34074633
  0.3720  55.04685039
  0.3730  56.73275695
  0.3740  58.39764810
  0.3750  60.04072254
  0.3760  61.66119588
  0.3770  63.25830095
  0.3780  64.83128814
  0.3790  66.37942567
  0.3800  67.90199989
  0.3810  69.39831551
  0.3820  70.86769594
  0.3830  72.30948349
  0.3840  73.72303962
  0.3850  75.10774516
  0.3860  76.46300055
  0.3870  77.78822605
  0.3880  79.08286188
  0.3890  80.34636848
  0.3900  81.57822660
  0.3910  82.77793751
  0.3920  83.94502313
  0.3930  85.07902616
  0.3940  86.17951019
  0.3950  87.24605984
  0.3960  88.27828079
  0.3970  89.27579996
  0.3980  90.23826547
  0.3990  91.16534680
  0.4000  92.05673475
  0.4010  92.91214154
  0.4020  93.73130080
  0.4030  94.51396756
  0.4040  95.25991831
  0.4050  95.96895090
  0.4060  96.64088460
  0.4070  97.27555999
  0.4080  97.87283894
  0.4090  98.43260458
  0.4100  98.95476116
  0.4110  99.43923401
  0.4120  99.88596942
  0.4130  100.29493458
  0.4140  100.66611738
  0.4150  100.99952637
  0.4160  101.29519053
  0.4170  101.55315920
  0.4180  101.77350188
  0.4190  101.95630803
  0.4200  102.10168695
  0.4210  102.20976755
  0.4220  102.28069814
  0.4230  102.31464624
  0.4240  102.31179836
  0.4250  102.27235973
  0.4260  102.19655413
  0.4270  102.08462356
  0.4280  101.93682804
  0.4290  101.75344534
  0.4300  101.53477067
  0.4310  101.28111641
  0.4320  100.99281187
  0.4330  100.67020289
  0.4340  100.31365165
  0.4350  99.92353625
  0.4360  99.50025048
  0.4370  99.04420342
  0.4380  98.55581916
  0.4390  98.03553642
  0.4400  97.48380823
  0.4410  96.90110157
  0.4420  96.28789700
  0.4430  95.64468833
  0.4440  94.97198221
  0.4450  94.27029777
  0.4460  93.54016626
  0.4470  92.78213065
  0.4480  91.99674525
  0.4490  91.18457533
  0.4500  90.34619667
  0.4510  89.48219526
  0.4520  88.59316681
  0.4530  87.67971638
  0.4540  86.74245800
  0.4550  85.78201420
  0.4560  84.79901566
  0.4570  83.79410077
  0.4580  82.76791521
  0.4590  81.72111153
  0.4600  80.65434878
  0.4610  79.56829201
  0.4620  78.46361193
  0.4630  77.34098447
  0.4640  76.20109030
  0.4650  75.04461452
  0.4660  73.87224616
  0.4670  72.68467777
  0.4680  71.48260505
  0.4690  70.26672639
  0.4700  69.03774246
  0.4710  67.79635584
  0.4720  66.54327054
  0.4730  65.27919165
  0.4740  64.00482492
  0.4750  62.72087634
  0.4760  61.42805174
  0.4770  60.12705641
  0.4780  58.81859472
  0.4790  57.50336967
  0.4800  56.18208255
  0.4810  54.85543257
  0.4820  53.52411644
  0.4830  52.18882800
  0.4840  50.85025789
  0.4850  49.50909315
  0.4860  48.16601686
  0.4870  46.82170781
  0.4880  45.47684013
  0.4890  44.13208294
  0.4900  42.78810006
  0.4910  41.44554961
  0.4920  40.10508375
  0.4930  38.76734830
  0.4940  37.43298251
  0.4950  36.10261869
  0.4960  34.77688194
  0.4970  33.45638987
  0.4980  32.14175231
  0.4990  30.83357108
  0.5000  29.53243970
  0.5010  28.23894315
  0.5020  26.95365767
  0.5030  25.67715054
  0.5040  24.40997988
  0.5050  23.15269449
  0.5060  21.90583372
  0.5070  20.66992739
  0.5080  19.44549570
  0.5090  18.23304930
  0.5100  17.03308940
  0.5110  15.84610803
  0.5120  14.67258847
  0.5130  13.51300608
  0.5140  12.36782955
  0.5150  11.23752292
  0.5160  10.12254905
  0.5170  9.02337541
  0.5180  7.94048451
  0.5190  6.87439339
  0.5200  5.82569316
  0.5210  4.79513690
  0.5220  3.78386212
  0.5230  2.79406789
  0.5240  1.83176389
  0.5250  0.92575516
  0.5260  0.45298287
  0.5270  1.13714670
  0.5280  2.00351110
  0.5290  2.87431109
  0.5300  3.73229902
  0.5310  4.57319359
  0.5320  5.39533203
  0.5330  6.19786568
  0.5340  6.98027170
  0.5350  7.74218294
  0.5360  8.48331797
  0.5370  9.20344863
  0.5380  9.90238353
  0.5390  10.57995906
  0.5400  11.23603417
  0.5410  11.87048724
  0.5420  12.48321400
  0.5430  13.07412627
  0.5440  13.64315097
  0.5450  14.19022950
  0.5460  14.71531724
  0.5470  15.21838317
  0.5480  15.69940955
  0.5490  16.15839168
  0.5500  16.59533767
  0.5510  17.01026823
  0.5520  17.40321649
  0.5530  17.77422782
  0.5540  18.12335968
  0.5550  18.45068140
  0.5560  18.75627408
  0.5570  19.04023037
  0.5580  19.30265433
  0.5590  19.54366125
  0.5600  19.76337748
  0.5610  19.96194028
  0.5620  20.13949758
  0.5630  20.29620786
  0.5640  20.43223996
  0.5650  20.54777286
  0.5660  20.64299550
  0.5670  20.71810662
  0.5680  20.77331451
  0.5690  20.80883685
  0.5700  20.82490049
  0.5710  20.82174125
  0.5720  20.79960371
  0.5730  20.75874099
  0.5740  20.69941454
  0.5750  20.62189393
  0.5760  20.52645662
  0.5770  20.41338776
  0.5780  20.28297993
  0.5790  20.13553293
  0.5800  19.97135360
  0.5810  19.79075550
  0.5820  19.59405877
  0.5830  19.38158985
  0.5840  19.15368125
  0.5850  18.91067135
  0.5860  18.65290413
  0.5870  18.38072900
  0.5880  18.09450049
  0.5890  17.79457808
  0.5900  17.48132598
  0.5910  17.15511287
  0.5920  16.81631170
  0.5930  16.46529947
  0.5940  16.10245706
  0.5950  15.72816896
  0.5960  15.34282315
  0.5970  14.94681087
  0.5980  14.54052649
  0.5990  14.12436733
  0.6000  13.69873358
  0.6010  13.26402818
  0.6020  12.82065675
  0.6030  12.36902764
  0.6040  11.90955193
  0.6050  11.44264359
  0.6060  10.96871974
  0.6070  10.48820106
  0.6080  10.00151233
  0.6090  9.50908340
  0.6100  9.01135039
  0.6110  8.50875756
  0.6120  8.00175992
  0.6130  7.49082714
  0.6140  6.97644921
  0.6150  6.45914507
  0.6160  5.93947585
  0.6170  5.41806600
  0.6180  4.89563792
  0.6190  4.37307144
  0.6200  3.85151103
  0.6210  3.33257119
  0.6220  2.81876030
  0.6230  2.31443773
  0.6240  1.82822355
  0.6250  1.37981256
  0.6260  1.02010943
  0.6270  0.86638699
  0.6280  1.01507148
  0.6290  1.36924740
  0.6300  1.81040244
  0.6310  2.28705736
  0.6320  2.77935046
  0.6330  3.27863141
  0.6340  3.78056141
  0.6350  4.28267719
  0.6360  4.78342477
  0.6370  5.28173206
  0.6380  5.77680189
  0.6390  6.26800403
  0.6400  6.75481528
  0.6410  7.23678452
  0.6420  7.71351147
  0.6430  8.18463318
  0.6440  8.64981535
  0.6450  9.10874648
  0.6460  9.56113384
  0.6470  10.00670071
  0.6480  10.44518444
  0.6490  10.87633496
  0.6500  11.29991382
  0.6510  11.71569339
  0.6520  12.12345631
  0.6530  12.52299510
  0.6540  12.91411179
  0.6550  13.29661772
  0.6560  13.67033337
  0.6570  14.03508817
  0.6580  14.39072046
  0.6590  14.73707736
  0.6600  15.07401472
  0.6610  15.40139707
  0.6620  15.71909757
  0.6630  16.02699800
  0.6640  16.32498868
  0.6650  16.61296847
  0.6660  16.89084475
  0.6670  17.15853336
  0.6680  17.41595858
  0.6690  17.66305311
  0.6700  17.89975802
  0.6710  18.12602271
  0.6720  18.34180488
  0.6730  18.54707048
  0.6740  18.74179364
  0.6750  18.92595664
  0.6760  19.09954985
  0.6770  19.26257166
  0.6780  19.41502840
  0.6790  19.55693431
  0.6800  19.68831140
  0.6810  19.80918945
  0.6820  19.91960584
  0.6830  20.01960551
  0.6840  20.10924087
  0.6850  20.18857168
  0.6860  20.25766494
  0.6870  20.31659480
  0.6880  20.36544244
  0.6890  20.40429597
  0.6900  20.43325027
  0.6910  20.45240689
  0.6920  20.46187393
  0.6930  20.46176589
  0.6940  20.45220353
  0.6950  20.43331373
  0.6960  20.40522936
  0.6970  20.36808913
  0.6980  20.32203739
  0.6990  20.26722407
  0.7000  20.20380440
  0.7010  20.13193886
  0.7020  20.05179294
  0.7030  19.96353701
  0.7040  19.86734613
  0.7050  19.76339988
  0.7060  19.65188221
  0.7070  19.53298121
  0.7080  19.40688897
  0.7090  19.27380139
  0.7100  19.13391799
  0.7110  18.98744173
  0.7120  18.83457880
  0.7130  18.67553846
  0.7140  18.51053283
  0.7150  18.33977673
  0.7160  18.16348742
  0.7170  17.98188450
  0.7180  17.79518961
  0.7190  17.60362634
  0.7200  17.40741995
  0.7210  17.20679722
  0.7220  17.00198626
  0.7230  16.79321627
  0.7240  16.58071740
  0.7250  16.36472051
  0.7260  16.14545702
  0.7270  15.92315865
  0.7280  15.69805732
  0.7290  15.47038488
  0.7300  15.24037295
  0.7310  15.00825274
  0.7320  14.77425485
  0.7330  14.53860908
  0.7340  14.30154429
  0.7350  14.06328813
  0.7360  13.82406696
  0.7370  13.58410562
  0.7380  13.34362723
  0.7390  13.10285310
  0.7400  12.86200249
  0.7410  12.62129245
  0.7420  12.38093771
  0.7430  12.14115045
  0.7440  11.90214020
  0.7450  11.66411366
  0.7460  11.42727453
  0.7470  11.19182342
  0.7480  10.95795767
  0.7490  10.72587118
  0.7500  10.49575437
  0.7510  10.26779396
  0.7520  10.04217287
  0.7530  9.81907012
  0.7540  9.59866072
  0.7550  9.38111550
  0.7560  9.16660108
  0.7570  8.95527970
  0.7580  8.74730918
  0.7590  8.54284280
  0.7600  8.34202921
  0.7610  8.14501237
  0.7620  7.95193149
  0.7630  7.76292092
  0.7640  7.57811012
  0.7650  7.39762361
  0.7660  7.22158092
  0.7670  7.05009654
  0.7680  6.88327992
  0.7690  6.72123540
  0.7700  6.56406223
  0.7710  6.41185457
  0.7720  6.26470145
  0.7730  6.12268681
  0.7740  5.98588952
  0.7750  5.85438338
  0.7760  5.72823714
  0.7770  5.60751460
  0.7780  5.49227457
  0.7790  5.38257097
  0.7800  5.27845287
  0.7810  5.17996452
  0.7820  5.08714544
  0.7830  5.00003045
  0.7840  4.91864973
  0.7850  4.84302886
  0.7860  4.77318890
  0.7870  4.70914639
  0.7880  4.65091338
  0.7890  4.59849751
  0.7900  4.55190197
  0.7910  4.51112554
  0.7920  4.47616259
  0.7930  4.44700308
  0.7940  4.42363255
  0.7950  4.40603208
  0.7960  4.39417835
  0.7970  4.38804356
  0.7980  4.38759548
  0.7990  4.39279740
  0.8000  4.40360818
  0.8010  4.41998227
  0.8020  4.44186973
  0.8030  4.46921628
  0.8040  4.50196339
  0.8050  4.54004831
  0.8060  4.58340421
  0.8070  4.63196028
  0.8080  4.68564182
  0.8090  4.74437042
  0.8100  4.80806406
  0.8110  4.87663726
  0.8120  4.95000126
  0.8130  5.02806418
  0.8140  5.11073115
  0.8150  5.19790450
  0.8160  5.28948389
  0.8170  5.38536652
  0.8180  5.48544724
  0.8190  5.58961873
  0.8200  5.69777164
  0.8210  5.80979473
  0.8220  5.92557504
  0.8230  6.04499798
  0.8240  6.16794753
  0.8250  6.29430629
  0.8260  6.42395566
  0.8270  6.55677595
  0.8280  6.69264647
  0.8290  6.83144568
  0.8300  6.97305128
  0.8310  7.11734029
  0.8320  7.26418922
  0.8330  7.41347410
  0.8340  7.56507062
  0.8350  7.71885420
  0.8360  7.87470009
  0.8370  8.03248348
  0.8380  8.19207955
  0.8390  8.35336357
  0.8400  8.51621101
  0.8410  8.68049755
  0.8420  8.84609925
  0.8430  9.01289254
  0.8440  9.18075436
  0.8450  9.34956218
  0.8460  9.51919410
  0.8470  9.68952891
  0.8480  9.86044615
  0.8490  10.03182618
  0.8500  10.20355022
  0.8510  10.37550044
  0.8520  10.54755999
  0.8530  10.71961307
  0.8540  10.89154496
  0.8550  11.06324210
  0.8560  11.23459211
  0.8570  11.40548385
  0.8580  11.57580745
  0.8590  11.74545438
  0.8600  11.91431744
  0.8610  12.08229085
  0.8620  12.24927023
  0.8630  12.41515270
  0.8640  12.57983683
  0.8650  12.74322274
  0.8660  12.90521209
  0.8670  13.06570811
  0.8680  13.22461562
  0.8690  13.38184106
  0.8700  13.53729253
  0.8710  13.69087974
  0.8720  13.84251412
  0.8730  13.99210874
  0.8740  14.13957841
  0.8750  14.28483962
  0.8760  14.42781061
  0.8770  14.56841133
  0.8780  14.70656348
  0.8790  14.84219052
  0.8800  14.97521764
  0.8810  15.10557181
  0.8820  15.23318175
  0.8830  15.35797795
  0.8840  15.47989268
  0.8850  15.59885996
  0.8860  15.71481560
  0.8870  15.82769717
  0.8880  15.93744401
  0.8890  16.04399724
  0.8900  16.14729974
  0.8910  16.24729618
  0.8920  16.34393296
  0.8930  16.43715827
  0.8940  16.52692205
  0.8950  16.61317600
  0.8960  16.69587358
  0.8970  16.77496999
  0.8980  16.85042220
  0.8990  16.92218891
  0.9000  16.99023057
  0.9010  17.05450936
  0.9020  17.11498923
  0.9030  17.17163582
  0.9040  17.22441654
  0.9050  17.27330052
  0.9060  17.31825863
  0.9070  17.35926344
  0.9080  17.39628928
  0.9090  17.42931220
  0.9100  17.45830996
  0.9110  17.48326207
  0.9120  17.50414975
  0.9130  17.52095595
  0.9140  17.53366536
  0.9150  17.54226441
  0.9160  17.54674122
  0.9170  17.54708571
  0.9180  17.54328947
  0.9190  17.53534590
  0.9200  17.52325009
  0.9210  17.50699892
  0.9220  17.48659101
  0.9230  17.46202673
  0.9240  17.43330823
  0.9250  17.40043944
  0.9260  17.36342604
  0.9270  17.32227552
  0.9280  17.27699714
  0.9290  17.22760198
  0.9300  17.17410290
  0.9310  17.11651458
  0.9320  17.05485353
  0.9330  16.98913807
  0.9340  16.91938836
  0.9350  16.84562639
  0.9360  16.76787601
  0.9370  16.68616291
  0.9380  16.60051467
  0.9390  16.51096070
  0.9400  16.41753231
  0.9410  16.32026267
  0.9420  16.21918686
  0.9430  16.11434184
  0.9440  16.00576645
  0.9450  15.89350146
  0.9460  15.77758952
  0.9470  15.65807520
  0.9480  15.53500497
  0.9490  15.40842722
  0.9500  15.27839225
  0.9510  15.14495226
  0.9520  15.00816138
  0.9530  14.86807562
  0.9540  14.72475294
  0.9550  14.57825315
  0.9560  14.42863799
  0.9570  14.27597108
  0.9580  14.12031793
  0.9590  13.96174591
  0.9600  13.80032426
  0.9610  13.63612408
  0.9620  13.46921830
  0.9630  13.29968168
  0.9640  13.12759078
  0.9650  12.95302399
  0.9660  12.77606143
  0.9670  12.59678501
  0.9680  12.41527837
  0.9690  12.23162685
  0.9700  12.04591750
  0.9710  11.85823904
  0.9720  11.66868181
  0.9730  11.47733779
  0.9740  11.28430054
  0.9750  11.08966516
  0.9760  10.89352831
  0.9770  10.69598813
  0.9780  10.49714423
  0.9790  10.29709767
  0.9800  10.09595089
  0.9810  9.89380772
  0.9820  9.69077334
  0.9830  9.48695421
  0.9840  9.28245811
  0.9850  9.07739402
  0.9860  8.87187220
  0.9870  8.66600406
  0.9880  8.45990220
  0.9890  8.25368038
  0.9900  8.04745348
  0.9910  7.84133751
  0.9920  7.63544962
  0.9930  7.42990804
  0.9940  7.22483214
  0.9950  7.02034246
  0.9960  6.81656069
  0.9970  6.61360972
  0.9980  6.41161373
  0.9990  6.21069826
