  0.0000  85.89293172
  0.0010  85.85895156
  0.0020  85.75702502
  0.0030  85.58719391
  0.0040  85.34952792
  0.0050  85.04412453
  0.0060  84.67110903
  0.0070  84.23063444
  0.0080  83.72288143
  0.0090  83.14805826
  0.0100  82.50640069
  0.0110  81.79817188
  0.0120  81.02366225
  0.0130  80.18318938
  0.0140  79.27709786
  0.0150  78.30575917
  0.0160  77.26957146
  0.0170  76.16895943
  0.0180  75.00437413
  0.0190  73.77629276
  0.0200  72.48521846
  0.0210  71.13168011
  0.0220  69.71623207
  0.0230  68.23945398
  0.0240  66.70195047
  0.0250  65.10435092
  0.0260  63.44730921
  0.0270  61.73150337
  0.0280  59.95763537
  0.0290  58.12643074
  0.0300  56.23863831
  0.0310  54.29502987
  0.0320  52.29639983
  0.0330  50.24356488
  0.0340  48.13736366
  0.0350  45.97865636
  0.0360  43.76832438
  0.0370  41.50726994
  0.0380  39.19641569
  0.0390  36.83670433
  0.0400  34.42909818
  0.0410  31.97457882
  0.0420  29.47414660
  0.0430  26.92882031
  0.0440  24.33963670
  0.0450  21.70765010
  0.0460  19.03393204
  0.0470  16.31957093
  0.0480  13.56567194
  0.0490  10.77335745
  0.0500  7.94376933
  0.0510  5.07808109
  0.0520  2.17761136
  0.0530  0.75872408
  0.0540  3.72480152
  0.0550  6.72322734
  0.0560  9.75191794
  0.0570  12.80959420
  0.0580  15.89500584
  0.0590  19.00690003
  0.0600  22.14401636
  0.0610  25.30508592
  0.0620  28.48883124
  0.0630  31.69396669
  0.0640  34.91919883
  0.0650  38.16322697
  0.0660  41.42474368
  0.0670  44.70243530
  0.0680  47.99498253
  0.0690  51.30106092
  0.0700  54.61934148
  0.0710  57.94849120
  0.0720  61.28717364
  0.0730  64.63404945
  0.0740  67.98777696
  0.0750  71.34701273
  0.0760  74.71041214
  0.0770  78.07662989
  0.0780  81.44432063
  0.0790  84.81213948
  0.0800  88.17874259
  0.0810  91.54278772
  0.0820  94.90293478
  0.0830  98.25784641
  0.0840  101.60618849
  0.0850  104.94663073
  0.0860  108.27784720
  0.0870  111.59851690
  0.0880  114.90732427
  0.0890  118.20295975
  0.0900  121.48412032
  0.0910  124.74951003
  0.0920  127.99784052
  0.0930  131.22783156
  0.0940  134.43821156
  0.0950  137.62771810
  0.0960  140.79509843
  0.0970  143.93910997
  0.0980  147.05852084
  0.0990  150.15211033
  0.1000  153.21866941
  0.1010  156.25700117
  0.1020  159.26592138
  0.1030  162.24425888
  0.1040  165.19085611
  0.1050  168.10456952
  0.1060  170.98427005
  0.1070  173.82884357
  0.1080  176.63719131
  0.1090  179.40823032
  0.1100  182.14089384
  0.1110  184.83413178
  0.1120  187.48691105
  0.1130  190.09821605
  0.1140  192.66704899
  0.1150  195.19243029
  0.1160  197.67339898
  0.1170  200.10901303
  0.1180  202.49834973
  0.1190  204.84050602
  0.1200  207.13459884
  0.1210  209.37976548
  0.1220  211.57516382
  0.1230  213.71997276
  0.1240  215.81339240
  0.1250  217.85464442
  0.1260  219.84297230
  0.1270  221.77764163
  0.1280  223.65794035
  0.1290  225.48317900
  0.1300  227.25269099
  0.1310  228.96583276
  0.1320  230.62198408
  0.1330  232.22054821
  0.1340  233.76095209
  0.1350  235.24264656
  0.1360  236.66510653
  0.1370  238.02783112
  0.1380  239.33034383
  0.1390  240.57219271
  0.1400  241.75295042
  0.1410  242.87221444
  0.1420  243.92960713
  0.1430  244.92477582
  0.1440  245.85739295
  0.1450  246.72715607
  0.1460  247.53378800
  0.1470  248.27703681
  0.1480  248.95667589
  0.1490  249.57250400
  0.1500  250.12434527
  0.1510  250.61204921
  0.1520  251.03549074
  0.1530  251.39457014
  0.1540  251.68921306
  0.1550  251.91937047
  0.1560  252.08501862
  0.1570  252.18615898
  0.1580  252.22281821
  0.1590  252.19504804
  0.1600  252.10292520
  0.1610  251.94655133
  0.1620  251.72605287
  0.1630  251.44158094
  0.1640  251.09331122
  0.1650  250.68144378
  0.1660  250.20620300
  0.1670  249.66783734
  0.1680  249.06661920
  0.1690  248.40284476
  0.1700  247.67683376
  0.1710  246.88892934
  0.1720  246.03949780
  0.1730  245.12892839
  0.1740  244.15763310
  0.1750  243.12604642
  0.1760  242.03462508
  0.1770  240.88384783
  0.1780  239.67421515
  0.1790  238.40624898
  0.1800  237.08049247
  0.1810  235.69750968
  0.1820  234.25788526
  0.1830  232.76222420
  0.1840  231.21115147
  0.1850  229.60531173
  0.1860  227.94536899
  0.1870  226.23200630
  0.1880  224.46592538
  0.1890  222.64784632
  0.1900  220.77850716
  0.1910  218.85866358
  0.1920  216.88908854
  0.1930  214.87057186
  0.1940  212.80391990
  0.1950  210.68995511
  0.1960  208.52951572
  0.1970  206.32345527
  0.1980  204.07264226
  0.1990  201.77795971
  0.2000  199.44030477
  0.2010  197.06058831
  0.2020  194.63973449
  0.2030  192.17868034
  0.2040  189.67837531
  0.2050  187.13978088
  0.2060  184.56387010
  0.2070  181.95162716
  0.2080  179.30404692
  0.2090  176.62213453
  0.2100  173.90690490
  0.2110  171.15938232
  0.2120  168.38059998
  0.2130  165.57159949
  0.2140  162.73343048
  0.2150  159.86715009
  0.2160  156.97382254
  0.2170  154.05451867
  0.2180  151.11031545
  0.2190  148.14229555
  0.2200  145.15154686
  0.2210  142.13916202
  0.2220  139.10623798
  0.2230  136.05387551
  0.2240  132.98317876
  0.2250  129.89525477
  0.2260  126.79121302
  0.2270  123.67216498
  0.2280  120.53922363
  0.2290  117.39350302
  0.2300  114.23611779
  0.2310  111.06818272
  0.2320  107.89081229
  0.2330  104.70512022
  0.2340  101.51221899
  0.2350  98.31321945
  0.2360  95.10923033
  0.2370  91.90135782
  0.2380  88.69070510
  0.2390  85.47837196
  0.2400  82.26545431
  0.2410  79.05304380
  0.2420  75.84222737
  0.2430  72.63408683
  0.2440  69.42969845
  0.2450  66.23013259
  0.2460  63.03645324
  0.2470  59.84971766
  0.2480  56.67097600
  0.2490  53.50127090
  0.2500  50.34163716
  0.2510  47.19310138
  0.2520  44.05668163
  0.2530  40.93338718
  0.2540  37.82421824
  0.2550  34.73016579
  0.2560  31.65221150
  0.2570  28.59132791
  0.2580  25.54847880
  0.2590  22.52462036
  0.2600  19.52070356
  0.2610  16.53767936
  0.2620  13.57651118
  0.2630  10.63820797
  0.2640  7.72393169
  0.2650  4.83548679
  0.2660  1.98002545
  0.2670  0.91624960
  0.2680  3.69980772
  0.2690  6.48097676
  0.2700  9.23606739
  0.2710  11.96259480
  0.2720  14.65936759
  0.2730  17.32547578
  0.2740  19.96010906
  0.2750  22.56250644
  0.2760  25.13193841
  0.2770  27.66769963
  0.2780  30.16910561
  0.2790  32.63549106
  0.2800  35.06620910
  0.2810  37.46063087
  0.2820  39.81814533
  0.2830  42.13815917
  0.2840  44.42009689
  0.2850  46.66340078
  0.2860  48.86753102
  0.2870  51.03196575
  0.2880  53.15620115
  0.2890  55.23975157
  0.2900  57.28214954
  0.2910  59.28294590
  0.2920  61.24170987
  0.2930  63.15802913
  0.2940  65.03150983
  0.2950  66.86177672
  0.2960  68.64847314
  0.2970  70.39126110
  0.2980  72.08982129
  0.2990  73.74385311
  0.3000  75.35307470
  0.3010  76.91722295
  0.3020  78.43605347
  0.3030  79.90934064
  0.3040  81.33687755
  0.3050  82.71847600
  0.3060  84.05396648
  0.3070  85.34319810
  0.3080  86.58603858
  0.3090  87.78237418
  0.3100  88.93210965
  0.3110  90.03516816
  0.3120  91.09149121
  0.3130  92.10103858
  0.3140  93.06378822
  0.3150  93.97973613
  0.3160  94.84889632
  0.3170  95.67130064
  0.3180  96.44699867
  0.3190  97.17605764
  0.3200  97.85856224
  0.3210  98.49461452
  0.3220  99.08433372
  0.3230  99.62785615
  0.3240  100.12533499
  0.3250  100.57694015
  0.3260  100.98285813
  0.3270  101.34329176
  0.3280  101.65846010
  0.3290  101.92859820
  0.3300  102.15395695
  0.3310  102.33480283
  0.3320  102.47141772
  0.3330  102.56409872
  0.3340  102.61315790
  0.3350  102.61892209
  0.3360  102.58173263
  0.3370  102.50194521
  0.3380  102.37992952
  0.3390  102.21606913
  0.3400  102.01076115
  0.3410  101.76441604
  0.3420  101.47745732
  0.3430  101.15032134
  0.3440  100.78345698
  0.3450  100.37732542
  0.3460  99.93239988
  0.3470  99.44916530
  0.3480  98.92811810
  0.3490  98.36976587
  0.3500  97.77462714
  0.3510  97.14323104
  0.3520  96.47611704
  0.3530  95.77383466
  0.3540  95.03694315
  0.3550  94.26601123
  0.3560  93.46161677
  0.3570  92.62434649
  0.3580  91.75479568
  0.3590  90.85356787
  0.3600  89.92127453
  0.3610  88.95853477
  0.3620  87.96597505
  0.3630  86.94422882
  0.3640  85.89393626
  0.3650  84.81574395
  0.3660  83.71030455
  0.3670  82.57827651
  0.3680  81.42032374
  0.3690  80.23711530
  0.3700  79.02932507
  0.3710  77.79763149
  0.3720  76.54271720
  0.3730  75.26526873
  0.3740  73.96597621
  0.3750  72.64553305
  0.3760  71.30463562
  0.3770  69.94398296
  0.3780  68.56427646
  0.3790  67.16621955
  0.3800  65.75051741
  0.3810  64.31787664
  0.3820  62.86900500
  0.3830  61.40461106
  0.3840  59.92540395
  0.3850  58.43209303
  0.3860  56.92538763
  0.3870  55.40599672
  0.3880  53.87462869
  0.3890  52.33199099
  0.3900  50.77878991
  0.3910  49.21573028
  0.3920  47.64351523
  0.3930  46.06284589
  0.3940  44.47442119
  0.3950  42.87893756
  0.3960  41.27708871
  0.3970  39.66956545
  0.3980  38.05705543
  0.3990  36.44024297
  0.4000  34.81980888
  0.4010  33.19643035
  0.4020  31.57078084
  0.4030  29.94353003
  0.4040  28.31534384
  0.4050  26.68688459
  0.4060  25.05881124
  0.4070  23.43177990
  0.4080  21.80644461
  0.4090  20.18345866
  0.4100  18.56347662
  0.4110  16.94715774
  0.4120  15.33517149
  0.4130  13.72820707
  0.4140  12.12699055
  0.4150  10.53231731
  0.4160  8.94511870
  0.4170  7.36661320
  0.4180  5.79869913
  0.4190  4.24519860
  0.4200  2.71726326
  0.4210  1.27672370
  0.4220  0.82139705
  0.4230  2.10357295
  0.4240  3.57529758
  0.4250  5.06400562
  0.4260  6.54982729
  0.4270  8.02726850
  0.4280  9.49399109
  0.4290  10.94867868
  0.4300  12.39043112
  0.4310  13.81854711
  0.4320  15.23243292
  0.4330  16.63155939
  0.4340  18.01543996
  0.4350  19.38361853
  0.4360  20.73566254
  0.4370  22.07115870
  0.4380  23.38971037
  0.4390  24.69093582
  0.4400  25.97446715
  0.4410  27.23994949
  0.4420  28.48704049
  0.4430  29.71540993
  0.4440  30.92473949
  0.4450  32.11472257
  0.4460  33.28506410
  0.4470  34.43548051
  0.4480  35.56569960
  0.4490  36.67546050
  0.4500  37.76451364
  0.4510  38.83262070
  0.4520  39.87955455
  0.4530  40.90509925
  0.4540  41.90905002
  0.4550  42.89121317
  0.4560  43.85140612
  0.4570  44.78945733
  0.4580  45.70520627
  0.4590  46.59850338
  0.4600  47.46921005
  0.4610  48.31719855
  0.4620  49.14235195
  0.4630  49.94456416
  0.4640  50.72373978
  0.4650  51.47979408
  0.4660  52.21265294
  0.4670  52.92225277
  0.4680  53.60854043
  0.4690  54.27147318
  0.4700  54.91101859
  0.4710  55.52715444
  0.4720  56.11986864
  0.4730  56.68915917
  0.4740  57.23503393
  0.4750  57.75751069
  0.4760  58.25661698
  0.4770  58.73238994
  0.4780  59.18487630
  0.4790  59.61413216
  0.4800  60.02022297
  0.4810  60.40322336
  0.4820  60.76321703
  0.4830  61.10029663
  0.4840  61.41456361
  0.4850  61.70612815
  0.4860  61.97510894
  0.4870  62.22163313
  0.4880  62.44583613
  0.4890  62.64786150
  0.4900  62.82786080
  0.4910  62.98599343
  0.4920  63.12242651
  0.4930  63.23733471
  0.4940  63.33090009
  0.4950  63.40331199
  0.4960  63.45476681
  0.4970  63.48546790
  0.4980  63.49562538
  0.4990  63.48545599
  0.5000  63.45518292
  0.5010  63.40503562
  0.5020  63.33524971
  0.5030  63.24606672
  0.5040  63.13773398
  0.5050  63.01050444
  0.5060  62.86463650
  0.5070  62.70039382
  0.5080  62.51804517
  0.5090  62.31786425
  0.5100  62.10012951
  0.5110  61.86512399
  0.5120  61.61313514
  0.5130  61.34445463
  0.5140  61.05937820
  0.5150  60.75820546
  0.5160  60.44123973
  0.5170  60.10878788
  0.5180  59.76116011
  0.5190  59.39866981
  0.5200  59.02163338
  0.5210  58.63037005
  0.5220  58.22520169
  0.5230  57.80645267
  0.5240  57.37444967
  0.5250  56.92952150
  0.5260  56.47199892
  0.5270  56.00221450
  0.5280  55.52050243
  0.5290  55.02719835
  0.5300  54.52263919
  0.5310  54.00716299
  0.5320  53.48110873
  0.5330  52.94481620
  0.5340  52.39862579
  0.5350  51.84287837
  0.5360  51.27791508
  0.5370  50.70407724
  0.5380  50.12170610
  0.5390  49.53114279
  0.5400  48.93272806
  0.5410  48.32680220
  0.5420  47.71370489
  0.5430  47.09377498
  0.5440  46.46735042
  0.5450  45.83476808
  0.5460  45.19636361
  0.5470  44.55247130
  0.5480  43.90342394
  0.5490  43.24955269
  0.5500  42.59118692
  0.5510  41.92865413
  0.5520  41.26227975
  0.5530  40.59238708
  0.5540  39.91929712
  0.5550  39.24332846
  0.5560  38.56479715
  0.5570  37.88401662
  0.5580  37.20129751
  0.5590  36.51694760
  0.5600  35.83127167
  0.5610  35.14457141
  0.5620  34.45714531
  0.5630  33.76928857
  0.5640  33.08129298
  0.5650  32.39344681
  0.5660  31.70603476
  0.5670  31.01933784
  0.5680  30.33363330
  0.5690  29.64919449
  0.5700  28.96629087
  0.5710  28.28518783
  0.5720  27.60614668
  0.5730  26.92942456
  0.5740  26.25527435
  0.5750  25.58394462
  0.5760  24.91567955
  0.5770  24.25071888
  0.5780  23.58929786
  0.5790  22.93164713
  0.5800  22.27799275
  0.5810  21.62855611
  0.5820  20.98355385
  0.5830  20.34319787
  0.5840  19.70769526
  0.5850  19.07724823
  0.5860  18.45205415
  0.5870  17.83230542
  0.5880  17.21818952
  0.5890  16.60988893
  0.5900  16.00758113
  0.5910  15.41143855
  0.5920  14.82162857
  0.5930  14.23831352
  0.5940  13.66165061
  0.5950  13.09179197
  0.5960  12.52888462
  0.5970  11.97307045
  0.5980  11.42448624
  0.5990  10.88326365
  0.6000  10.34952922
  0.6010  9.82340437
  0.6020  9.30500543
  0.6030  8.79444361
  0.6040  8.29182508
  0.6050  7.79725091
  0.6060  7.31081718
  0.6070  6.83261496
  0.6080  6.36273034
  0.6090  5.90124453
  0.6100  5.44823389
  0.6110  5.00377003
  0.6120  4.56791992
  0.6130  4.14074607
  0.6140  3.72230683
  0.6150  3.31265671
  0.6160  2.91184720
  0.6170  2.51992795
  0.6180  2.13694927
  0.6190  1.76296754
  0.6200  1.39805830
  0.6210  1.04235499
  0.6220  0.69619801
  0.6230  0.36109331
  0.6240  0.07281496
  0.6250  0.30266671
  0.6260  0.60988540
  0.6270  0.91077634
  0.6280  1.20329877
  0.6290  1.48707220
  0.6300  1.76198491
  0.6310  2.02800323
  0.6320  2.28512489
  0.6330  2.53336362
  0.6340  2.77274301
  0.6350  3.00329375
  0.6360  3.22505216
  0.6370  3.43805940
  0.6380  3.64236101
  0.6390  3.83800657
  0.6400  4.02504949
  0.6410  4.20354684
  0.6420  4.37355918
  0.6430  4.53515048
  0.6440  4.68838802
  0.6450  4.83334225
  0.6460  4.97008674
  0.6470  5.09869808
  0.6480  5.21925578
  0.6490  5.33184221
  0.6500  5.43654251
  0.6510  5.53344452
  0.6520  5.62263867
  0.6530  5.70421792
  0.6540  5.77827769
  0.6550  5.84491576
  0.6560  5.90423220
  0.6570  5.95632930
  0.6580  6.00131148
  0.6590  6.03928519
  0.6600  6.07035887
  0.6610  6.09464287
  0.6620  6.11224932
  0.6630  6.12329211
  0.6640  6.12788678
  0.6650  6.12615045
  0.6660  6.11820175
  0.6670  6.10416073
  0.6680  6.08414877
  0.6690  6.05828855
  0.6700  6.02670391
  0.6710  5.98951983
  0.6720  5.94686234
  0.6730  5.89885839
  0.6740  5.84563588
  0.6750  5.78732348
  0.6760  5.72405063
  0.6770  5.65594743
  0.6780  5.58314458
  0.6790  5.50577330
  0.6800  5.42396529
  0.6810  5.33785261
  0.6820  5.24756765
  0.6830  5.15324304
  0.6840  5.05501160
  0.6850  4.95300627
  0.6860  4.84736003
  0.6870  4.73820587
  0.6880  4.62567667
  0.6890  4.50990522
  0.6900  4.39102408
  0.6910  4.26916558
  0.6920  4.14446175
  0.6930  4.01704425
  0.6940  3.88704436
  0.6950  3.75459287
  0.6960  3.61982014
  0.6970  3.48285595
  0.6980  3.34382958
  0.6990  3.20286972
  0.7000  3.06010447
  0.7010  2.91566141
  0.7020  2.76966757
  0.7030  2.62224951
  0.7040  2.47353345
  0.7050  2.32364544
  0.7060  2.17271160
  0.7070  2.02085855
  0.7080  1.86821410
  0.7090  1.71490817
  0.7100  1.56107456
  0.7110  1.40685361
  0.7120  1.25239711
  0.7130  1.09787721
  0.7140  0.94350406
  0.7150  0.78956400
  0.7160  0.63651204
  0.7170  0.48523499
  0.7180  0.33799367
  0.7190  0.20320124
  0.7200  0.12752669
  0.7210  0.19670054
  0.7220  0.32861897
  0.7230  0.47271721
  0.7240  0.61991458
  0.7250  0.76783523
  0.7260  0.91557238
  0.7270  1.06267712
  0.7280  1.20887993
  0.7290  1.35399369
  0.7300  1.49787391
  0.7310  1.64040045
  0.7320  1.78146823
  0.7330  1.92098226
  0.7340  2.05885474
  0.7350  2.19500337
  0.7360  2.32935027
  0.7370  2.46182126
  0.7380  2.59234544
  0.7390  2.72085483
  0.7400  2.84728420
  0.7410  2.97157090
  0.7420  3.09365471
  0.7430  3.21347782
  0.7440  3.33098474
  0.7450  3.44612222
  0.7460  3.55883929
  0.7470  3.66908716
  0.7480  3.77681923
  0.7490  3.88199107
  0.7500  3.98456038
  0.7510  4.08448702
  0.7520  4.18173295
  0.7530  4.27626224
  0.7540  4.36804105
  0.7550  4.45703762
  0.7560  4.54322226
  0.7570  4.62656734
  0.7580  4.70704726
  0.7590  4.78463847
  0.7600  4.85931942
  0.7610  4.93107055
  0.7620  4.99987431
  0.7630  5.06571511
  0.7640  5.12857932
  0.7650  5.18845523
  0.7660  5.24533307
  0.7670  5.29920497
  0.7680  5.35006493
  0.7690  5.39790883
  0.7700  5.44273439
  0.7710  5.48454115
  0.7720  5.52333046
  0.7730  5.55910544
  0.7740  5.59187098
  0.7750  5.62163371
  0.7760  5.64840195
  0.7770  5.67218573
  0.7780  5.69299673
  0.7790  5.71084827
  0.7800  5.72575529
  0.7810  5.73773431
  0.7820  5.74680341
  0.7830  5.75298219
  0.7840  5.75629178
  0.7850  5.75675475
  0.7860  5.75439514
  0.7870  5.74923842
  0.7880  5.74131141
  0.7890  5.73064232
  0.7900  5.71726067
  0.7910  5.70119729
  0.7920  5.68248427
  0.7930  5.66115493
  0.7940  5.63724380
  0.7950  5.61078657
  0.7960  5.58182010
  0.7970  5.55038231
  0.7980  5.51651224
  0.7990  5.48024994
  0.8000  5.44163647
  0.8010  5.40071389
  0.8020  5.35752518
  0.8030  5.31211423
  0.8040  5.26452581
  0.8050  5.21480553
  0.8060  5.16299980
  0.8070  5.10915582
  0.8080  5.05332151
  0.8090  4.99554550
  0.8100  4.93587710
  0.8110  4.87436625
  0.8120  4.81106350
  0.8130  4.74601996
  0.8140  4.67928728
  0.8150  4.61091762
  0.8160  4.54096360
  0.8170  4.46947827
  0.8180  4.39651510
  0.8190  4.32212791
  0.8200  4.24637087
  0.8210  4.16929844
  0.8220  4.09096536
  0.8230  4.01142662
  0.8240  3.93073739
  0.8250  3.84895305
  0.8260  3.76612910
  0.8270  3.68232116
  0.8280  3.59758494
  0.8290  3.51197621
  0.8300  3.42555076
  0.8310  3.33836439
  0.8320  3.25047286
  0.8330  3.16193189
  0.8340  3.07279711
  0.8350  2.98312406
  0.8360  2.89296816
  0.8370  2.80238468
  0.8380  2.71142872
  0.8390  2.62015523
  0.8400  2.52861896
  0.8410  2.43687445
  0.8420  2.34497607
  0.8430  2.25297797
  0.8440  2.16093411
  0.8450  2.06889831
  0.8460  1.97692422
  0.8470  1.88506543
  0.8480  1.79337550
  0.8490  1.70190806
  0.8500  1.61071698
  0.8510  1.51985651
  0.8520  1.42938159
  0.8530  1.33934822
  0.8540  1.24981399
  0.8550  1.16083883
  0.8560  1.07248623
  0.8570  0.98482490
  0.8580  0.89793149
  0.8590  0.81189485
  0.8600  0.72682318
  0.8610  0.64285631
  0.8620  0.56018827
  0.8630  0.47911112
  0.8640  0.40010705
  0.8650  0.32405958
  0.8660  0.25278924
  0.8670  0.19051852
  0.8680  0.14740862
  0.8690  0.14039746
  0.8700  0.17245679
  0.8710  0.22650071
  0.8720  0.28959650
  0.8730  0.35621891
  0.8740  0.42406379
  0.8750  0.49205961
  0.8760  0.55964697
  0.8770  0.62650304
  0.8780  0.69242501
  0.8790  0.75727597
  0.8800  0.82095763
  0.8810  0.88339573
  0.8820  0.94453164
  0.8830  1.00431745
  0.8840  1.06271284
  0.8850  1.11968314
  0.8860  1.17519800
  0.8870  1.22923050
  0.8880  1.28175654
  0.8890  1.33275438
  0.8900  1.38220437
  0.8910  1.43008864
  0.8920  1.47639099
  0.8930  1.52109673
  0.8940  1.56419256
  0.8950  1.60566653
  0.8960  1.64550793
  0.8970  1.68370728
  0.8980  1.72025624
  0.8990  1.75514761
  0.9000  1.78837530
  0.9010  1.81993427
  0.9020  1.84982053
  0.9030  1.87803112
  0.9040  1.90456409
  0.9050  1.92941847
  0.9060  1.95259427
  0.9070  1.97409244
  0.9080  1.99391488
  0.9090  2.01206443
  0.9100  2.02854480
  0.9110  2.04336064
  0.9120  2.05651745
  0.9130  2.06802161
  0.9140  2.07788036
  0.9150  2.08610176
  0.9160  2.09269471
  0.9170  2.09766893
  0.9180  2.10103491
  0.9190  2.10280395
  0.9200  2.10298809
  0.9210  2.10160015
  0.9220  2.09865367
  0.9230  2.09416293
  0.9240  2.08814291
  0.9250  2.08060929
  0.9260  2.07157843
  0.9270  2.06106737
  0.9280  2.04909377
  0.9290  2.03567596
  0.9300  2.02083289
  0.9310  2.00458411
  0.9320  1.98694978
  0.9330  1.96795064
  0.9340  1.94760801
  0.9350  1.92594375
  0.9360  1.90298031
  0.9370  1.87874064
  0.9380  1.85324825
  0.9390  1.82652716
  0.9400  1.79860192
  0.9410  1.76949757
  0.9420  1.73923970
  0.9430  1.70785437
  0.9440  1.67536818
  0.9450  1.64180825
  0.9460  1.60720222
  0.9470  1.57157830
  0.9480  1.53496526
  0.9490  1.49739247
  0.9500  1.45888994
  0.9510  1.41948840
  0.9520  1.37921934
  0.9530  1.33811508
  0.9540  1.29620891
  0.9550  1.25353525
  0.9560  1.21012976
  0.9570  1.16602965
  0.9580  1.12127390
  0.9590  1.07590369
  0.9600  1.02996290
  0.9610  0.98349871
  0.9620  0.93656251
  0.9630  0.88921102
  0.9640  0.84150788
  0.9650  0.79352575
  0.9660  0.74534933
  0.9670  0.69707950
  0.9680  0.64883937
  0.9690  0.60078303
  0.9700  0.55310847
  0.9710  0.50607711
  0.9720  0.46004329
  0.9730  0.41549933
  0.9740  0.37314316
  0.9750  0.33397466
  0.9760  0.29941443
  0.9770  0.27139212
  0.9780  0.25224940
  0.9790  0.24421795
  0.9800  0.24848607
  0.9810  0.26453887
  0.9820  0.29048198
  0.9830  0.32397818
  0.9840  0.36295383
  0.9850  0.40583002
  0.9860  0.45148181
  0.9870  0.49912381
  0.9880  0.54820550
  0.9890  0.59833474
  0.9900  0.64922607
  0.9910  0.70066663
  0.9920  0.75249367
  0.9930  0.80457971
  0.9940  0.85682256
  0.9950  0.90913841
  0.9960  0.96145716
  0.9970  1.01371901
  0.9980  1.06587207
  0.9990  1.11787065
