  0.0000  17.31605724
  0.0010  17.28835138
  0.0020  17.20524606
  0.0030  17.06677807
  0.0040  16.87300867
  0.0050  16.62402367
  0.0060  16.31993331
  0.0070  15.96087231
  0.0080  15.54699979
  0.0090  15.07849931
  0.0100  14.55557882
  0.0110  13.97847069
  0.0120  13.34743180
  0.0130  12.66274360
  0.0140  11.92471239
  0.0150  11.13366978
  0.0160  10.28997347
  0.0170  9.39400875
  0.0180  8.44619137
  0.0190  7.44697317
  0.0200  6.39685446
  0.0210  5.29641378
  0.0220  4.14639208
  0.0230  2.94799658
  0.0240  1.70459665
  0.0250  0.45392860
  0.0260  0.98435404
  0.0270  2.36200558
  0.0280  3.79841059
  0.0290  5.28327257
  0.0300  6.81444972
  0.0310  8.39082054
  0.0320  10.01151010
  0.0330  11.67571786
  0.0340  13.38266415
  0.0350  15.13157000
  0.0360  16.92164842
  0.0370  18.75210028
  0.0380  20.62211243
  0.0390  22.53085663
  0.0400  24.47748926
  0.0410  26.46115111
  0.0420  28.48096754
  0.0430  30.53604859
  0.0440  32.62548931
  0.0450  34.74837002
  0.0460  36.90375665
  0.0470  39.09070112
  0.0480  41.30824174
  0.0490  43.55540356
  0.0500  45.83119884
  0.0510  48.13462743
  0.0520  50.46467722
  0.0530  52.82032458
  0.0540  55.20053479
  0.0550  57.60426250
  0.0560  60.03045221
  0.0570  62.47803867
  0.0580  64.94594743
  0.0590  67.43309524
  0.0600  69.93839057
  0.0610  72.46073405
  0.0620  74.99901900
  0.0630  77.55213187
  0.0640  80.11895277
  0.0650  82.69835590
  0.0660  85.28921011
  0.0670  87.89037937
  0.0680  90.50072323
  0.0690  93.11909738
  0.0700  95.74435410
  0.0710  98.37534278
  0.0720  101.01091044
  0.0730  103.64990219
  0.0740  106.29116176
  0.0750  108.93353200
  0.0760  111.57585537
  0.0770  114.21697446
  0.0780  116.85573247
  0.0790  119.49097373
  0.0800  122.12154417
  0.0810  124.74629187
  0.0820  127.36406750
  0.0830  129.97372483
  0.0840  132.57412125
  0.0850  135.16411822
  0.0860  137.74258180
  0.0870  140.30838310
  0.0880  142.86039876
  0.0890  145.39751147
  0.0900  147.91861040
  0.0910  150.42259170
  0.0920  152.90835896
  0.0930  155.37482366
  0.0940  157.82090567
  0.0950  160.24553366
  0.0960  162.64764558
  0.0970  165.02618909
  0.0980  167.38012202
  0.0990  169.70841278
  0.1000  172.01004084
  0.1010  174.28399708
  0.1020  176.52928429
  0.1030  178.74491752
  0.1040  180.92992454
  0.1050  183.08334619
  0.1060  185.20423682
  0.1070  187.29166467
  0.1080  189.34471221
  0.1090  191.36247657
  0.1100  193.34406988
  0.1110  195.28861965
  0.1120  197.19526909
  0.1130  199.06317749
  0.1140  200.89152053
  0.1150  202.67949063
  0.1160  204.42629727
  0.1170  206.13116731
  0.1180  207.79334526
  0.1190  209.41209364
  0.1200  210.98669321
  0.1210  212.51644329
  0.1220  214.00066200
  0.1230  215.43868657
  0.1240  216.82987354
  0.1250  218.17359904
  0.1260  219.46925904
  0.1270  220.71626954
  0.1280  221.91406679
  0.1290  223.06210754
  0.1300  224.15986921
  0.1310  225.20685008
  0.1320  226.20256948
  0.1330  227.14656795
  0.1340  228.03840741
  0.1350  228.87767133
  0.1360  229.66396484
  0.1370  230.39691486
  0.1380  231.07617027
  0.1390  231.70140198
  0.1400  232.27230305
  0.1410  232.78858876
  0.1420  233.24999675
  0.1430  233.65628702
  0.1440  234.00724206
  0.1450  234.30266686
  0.1460  234.54238896
  0.1470  234.72625852
  0.1480  234.85414830
  0.1490  234.92595369
  0.1500  234.94159272
  0.1510  234.90100605
  0.1520  234.80415697
  0.1530  234.65103134
  0.1540  234.44163758
  0.1550  234.17600665
  0.1560  233.85419193
  0.1570  233.47626922
  0.1580  233.04233663
  0.1590  232.55251451
  0.1600  232.00694538
  0.1610  231.40579378
  0.1620  230.74924618
  0.1630  230.03751090
  0.1640  229.27081792
  0.1650  228.44941878
  0.1660  227.57358641
  0.1670  226.64361500
  0.1680  225.65981981
  0.1690  224.62253702
  0.1700  223.53212353
  0.1710  222.38895677
  0.1720  221.19343452
  0.1730  219.94597468
  0.1740  218.64701507
  0.1750  217.29701319
  0.1760  215.89644602
  0.1770  214.44580973
  0.1780  212.94561950
  0.1790  211.39640921
  0.1800  209.79873120
  0.1810  208.15315600
  0.1820  206.46027205
  0.1830  204.72068543
  0.1840  202.93501955
  0.1850  201.10391487
  0.1860  199.22802859
  0.1870  197.30803434
  0.1880  195.34462186
  0.1890  193.33849669
  0.1900  191.29037983
  0.1910  189.20100742
  0.1920  187.07113038
  0.1930  184.90151408
  0.1940  182.69293800
  0.1950  180.44619536
  0.1960  178.16209274
  0.1970  175.84144977
  0.1980  173.48509870
  0.1990  171.09388407
  0.2000  168.66866232
  0.2010  166.21030139
  0.2020  163.71968036
  0.2030  161.19768905
  0.2040  158.64522762
  0.2050  156.06320618
  0.2060  153.45254439
  0.2070  150.81417105
  0.2080  148.14902371
  0.2090  145.45804826
  0.2100  142.74219851
  0.2110  140.00243576
  0.2120  137.23972843
  0.2130  134.45505162
  0.2140  131.64938668
  0.2150  128.82372081
  0.2160  125.97904663
  0.2170  123.11636177
  0.2180  120.23666841
  0.2190  117.34097293
  0.2200  114.43028541
  0.2210  111.50561925
  0.2220  108.56799074
  0.2230  105.61841862
  0.2240  102.65792369
  0.2250  99.68752836
  0.2260  96.70825624
  0.2270  93.72113171
  0.2280  90.72717953
  0.2290  87.72742439
  0.2300  84.72289055
  0.2310  81.71460135
  0.2320  78.70357887
  0.2330  75.69084352
  0.2340  72.67741363
  0.2350  69.66430503
  0.2360  66.65253073
  0.2370  63.64310051
  0.2380  60.63702056
  0.2390  57.63529313
  0.2400  54.63891622
  0.2410  51.64888327
  0.2420  48.66618291
  0.2430  45.69179873
  0.2440  42.72670913
  0.2450  39.77188736
  0.2460  36.82830156
  0.2470  33.89691524
  0.2480  30.97868806
  0.2490  28.07457739
  0.2500  25.18554107
  0.2510  22.31254266
  0.2520  19.45656136
  0.2530  16.61861218
  0.2540  13.79979085
  0.2550  11.00138622
  0.2560  8.22521757
  0.2570  5.47497629
  0.2580  2.76542283
  0.2590  0.55552538
  0.2600  2.75340330
  0.2610  5.39201077
  0.2620  8.02377437
  0.2630  10.63412083
  0.2640  13.21945851
  0.2650  15.77807953
  0.2660  18.30882748
  0.2670  20.81076198
  0.2680  23.28304661
  0.2690  25.72490419
  0.2700  28.13559647
  0.2710  30.51441415
  0.2720  32.86067158
  0.2730  35.17370378
  0.2740  37.45286480
  0.2750  39.69752672
  0.2760  41.90707905
  0.2770  44.08092845
  0.2780  46.21849854
  0.2790  48.31922983
  0.2800  50.38257968
  0.2810  52.40802241
  0.2820  54.39504924
  0.2830  56.34316846
  0.2840  58.25190548
  0.2850  60.12080287
  0.2860  61.94942053
  0.2870  63.73733568
  0.2880  65.48414303
  0.2890  67.18945480
  0.2900  68.85290081
  0.2910  70.47412856
  0.2920  72.05280329
  0.2930  73.58860800
  0.2940  75.08124354
  0.2950  76.53042866
  0.2960  77.93589998
  0.2970  79.29741211
  0.2980  80.61473758
  0.2990  81.88766692
  0.3000  83.11600861
  0.3010  84.29958914
  0.3020  85.43825295
  0.3030  86.53186243
  0.3040  87.58029788
  0.3050  88.58345753
  0.3060  89.54125741
  0.3070  90.45363141
  0.3080  91.32053112
  0.3090  92.14192585
  0.3100  92.91780251
  0.3110  93.64816557
  0.3120  94.33303694
  0.3130  94.97245590
  0.3140  95.56647899
  0.3150  96.11517994
  0.3160  96.61864951
  0.3170  97.07699539
  0.3180  97.49034207
  0.3190  97.85883074
  0.3200  98.18261909
  0.3210  98.46188122
  0.3220  98.69680747
  0.3230  98.88760424
  0.3240  99.03449384
  0.3250  99.13771436
  0.3260  99.19751941
  0.3270  99.21417801
  0.3280  99.18797436
  0.3290  99.11920767
  0.3300  99.00819196
  0.3310  98.85525582
  0.3320  98.66074225
  0.3330  98.42500840
  0.3340  98.14842538
  0.3350  97.83137802
  0.3360  97.47426465
  0.3370  97.07749685
  0.3380  96.64149922
  0.3390  96.16670913
  0.3400  95.65357648
  0.3410  95.10256343
  0.3420  94.51414418
  0.3430  93.88880467
  0.3440  93.22704233
  0.3450  92.52936582
  0.3460  91.79629475
  0.3470  91.02835939
  0.3480  90.22610044
  0.3490  89.39006869
  0.3500  88.52082480
  0.3510  87.61893894
  0.3520  86.68499056
  0.3530  85.71956807
  0.3540  84.72326857
  0.3550  83.69669753
  0.3560  82.64046848
  0.3570  81.55520276
  0.3580  80.44152918
  0.3590  79.30008373
  0.3600  78.13150926
  0.3610  76.93645520
  0.3620  75.71557724
  0.3630  74.46953701
  0.3640  73.19900181
  0.3650  71.90464425
  0.3660  70.58714199
  0.3670  69.24717739
  0.3680  67.88543722
  0.3690  66.50261238
  0.3700  65.09939751
  0.3710  63.67649076
  0.3720  62.23459347
  0.3730  60.77440981
  0.3740  59.29664653
  0.3750  57.80201263
  0.3760  56.29121907
  0.3770  54.76497845
  0.3780  53.22400472
  0.3790  51.66901288
  0.3800  50.10071871
  0.3810  48.51983843
  0.3820  46.92708846
  0.3830  45.32318511
  0.3840  43.70884431
  0.3850  42.08478133
  0.3860  40.45171054
  0.3870  38.81034513
  0.3880  37.16139690
  0.3890  35.50557600
  0.3900  33.84359072
  0.3910  32.17614737
  0.3920  30.50395007
  0.3930  28.82770067
  0.3940  27.14809876
  0.3950  25.46584169
  0.3960  23.78162483
  0.3970  22.09614199
  0.3980  20.41008625
  0.3990  18.72415124
  0.4000  17.03903352
  0.4010  15.35543650
  0.4020  13.67407751
  0.4030  11.99570083
  0.4040  10.32110366
  0.4050  8.65119189
  0.4060  6.98711523
  0.4070  5.33065229
  0.4080  3.68561942
  0.4090  2.06590461
  0.4100  0.63628472
  0.4110  1.38682662
  0.4120  2.95712503
  0.4130  4.55882055
  0.4140  6.15996099
  0.4150  7.75446245
  0.4160  9.34003662
  0.4170  10.91541806
  0.4180  12.47971561
  0.4190  14.03220510
  0.4200  15.57224886
  0.4210  17.09926001
  0.4220  18.61268496
  0.4230  20.11199422
  0.4240  21.59667717
  0.4250  23.06623911
  0.4260  24.52019941
  0.4270  25.95809039
  0.4280  27.37945658
  0.4290  28.78385431
  0.4300  30.17085138
  0.4310  31.54002692
  0.4320  32.89097129
  0.4330  34.22328597
  0.4340  35.53658362
  0.4350  36.83048799
  0.4360  38.10463400
  0.4370  39.35866775
  0.4380  40.59224652
  0.4390  41.80503882
  0.4400  42.99672444
  0.4410  44.16699444
  0.4420  45.31555123
  0.4430  46.44210857
  0.4440  47.54639157
  0.4450  48.62813678
  0.4460  49.68709216
  0.4470  50.72301710
  0.4480  51.73568243
  0.4490  52.72487046
  0.4500  53.69037494
  0.4510  54.63200106
  0.4520  55.54956549
  0.4530  56.44289631
  0.4540  57.31183303
  0.4550  58.15622657
  0.4560  58.97593921
  0.4570  59.77084459
  0.4580  60.54082766
  0.4590  61.28578463
  0.4600  62.00562297
  0.4610  62.70026130
  0.4620  63.36962940
  0.4630  64.01366812
  0.4640  64.63232932
  0.4650  65.22557581
  0.4660  65.79338129
  0.4670  66.33573027
  0.4680  66.85261798
  0.4690  67.34405032
  0.4700  67.81004374
  0.4710  68.25062518
  0.4720  68.66583195
  0.4730  69.05571165
  0.4740  69.42032209
  0.4750  69.75973112
  0.4760  70.07401661
  0.4770  70.36326627
  0.4780  70.62757756
  0.4790  70.86705757
  0.4800  71.08182291
  0.4810  71.27199957
  0.4820  71.43772281
  0.4830  71.57913699
  0.4840  71.69639549
  0.4850  71.78966054
  0.4860  71.85910309
  0.4870  71.90490266
  0.4880  71.92724722
  0.4890  71.92633300
  0.4900  71.90236439
  0.4910  71.85555374
  0.4920  71.78612125
  0.4930  71.69429479
  0.4940  71.58030973
  0.4950  71.44440881
  0.4960  71.28684195
  0.4970  71.10786610
  0.4980  70.90774508
  0.4990  70.68674939
  0.5000  70.44515605
  0.5010  70.18324845
  0.5020  69.90131614
  0.5030  69.59965469
  0.5040  69.27856549
  0.5050  68.93835559
  0.5060  68.57933751
  0.5070  68.20182908
  0.5080  67.80615323
  0.5090  67.39263784
  0.5100  66.96161556
  0.5110  66.51342359
  0.5120  66.04840354
  0.5130  65.56690122
  0.5140  65.06926649
  0.5150  64.55585302
  0.5160  64.02701816
  0.5170  63.48312275
  0.5180  62.92453089
  0.5190  62.35160981
  0.5200  61.76472966
  0.5210  61.16426332
  0.5220  60.55058624
  0.5230  59.92407625
  0.5240  59.28511333
  0.5250  58.63407953
  0.5260  57.97135866
  0.5270  57.29733622
  0.5280  56.61239915
  0.5290  55.91693569
  0.5300  55.21133516
  0.5310  54.49598783
  0.5320  53.77128470
  0.5330  53.03761736
  0.5340  52.29537778
  0.5350  51.54495814
  0.5360  50.78675071
  0.5370  50.02114760
  0.5380  49.24854064
  0.5390  48.46932120
  0.5400  47.68388001
  0.5410  46.89260703
  0.5420  46.09589122
  0.5430  45.29412046
  0.5440  44.48768131
  0.5450  43.67695891
  0.5460  42.86233680
  0.5470  42.04419675
  0.5480  41.22291863
  0.5490  40.39888025
  0.5500  39.57245720
  0.5510  38.74402272
  0.5520  37.91394755
  0.5530  37.08259979
  0.5540  36.25034472
  0.5550  35.41754473
  0.5560  34.58455914
  0.5570  33.75174406
  0.5580  32.91945228
  0.5590  32.08803316
  0.5600  31.25783244
  0.5610  30.42919217
  0.5620  29.60245060
  0.5630  28.77794199
  0.5640  27.95599659
  0.5650  27.13694046
  0.5660  26.32109537
  0.5670  25.50877872
  0.5680  24.70030345
  0.5690  23.89597787
  0.5700  23.09610565
  0.5710  22.30098567
  0.5720  21.51091198
  0.5730  20.72617367
  0.5740  19.94705485
  0.5750  19.17383451
  0.5760  18.40678653
  0.5770  17.64617957
  0.5780  16.89227705
  0.5790  16.14533710
  0.5800  15.40561255
  0.5810  14.67335089
  0.5820  13.94879431
  0.5830  13.23217971
  0.5840  12.52373879
  0.5850  11.82369813
  0.5860  11.13227935
  0.5870  10.44969937
  0.5880  9.77617073
  0.5890  9.11190209
  0.5900  8.45709895
  0.5910  7.81196469
  0.5920  7.17670216
  0.5930  6.55151604
  0.5940  5.93661660
  0.5950  5.33222574
  0.5960  4.73858720
  0.5970  4.15598463
  0.5980  3.58477558
  0.5990  3.02546049
  0.6000  2.47883689
  0.6010  1.94639187
  0.6020  1.43149764
  0.6030  0.94417079
  0.6040  0.52930017
  0.6050  0.42490699
  0.6060  0.74719236
  0.6070  1.17454455
  0.6080  1.61585441
  0.6090  2.05421994
  0.6100  2.48473383
  0.6110  2.90546648
  0.6120  3.31549696
  0.6130  3.71432287
  0.6140  4.10164246
  0.6150  4.47726153
  0.6160  4.84104902
  0.6170  5.19291410
  0.6180  5.53279339
  0.6190  5.86064352
  0.6200  6.17643663
  0.6210  6.48015737
  0.6220  6.77180103
  0.6230  7.05137224
  0.6240  7.31888396
  0.6250  7.57435692
  0.6260  7.81781902
  0.6270  8.04930499
  0.6280  8.26885609
  0.6290  8.47651985
  0.6300  8.67234985
  0.6310  8.85640557
  0.6320  9.02875221
  0.6330  9.18946056
  0.6340  9.33860686
  0.6350  9.47627270
  0.6360  9.60254486
  0.6370  9.71751525
  0.6380  9.82128077
  0.6390  9.91394322
  0.6400  9.99560916
  0.6410  10.06638986
  0.6420  10.12640115
  0.6430  10.17576334
  0.6440  10.21460110
  0.6450  10.24304338
  0.6460  10.26122325
  0.6470  10.26927788
  0.6480  10.26734835
  0.6490  10.25557958
  0.6500  10.23412023
  0.6510  10.20312257
  0.6520  10.16274237
  0.6530  10.11313882
  0.6540  10.05447438
  0.6550  9.98691468
  0.6560  9.91062842
  0.6570  9.82578724
  0.6580  9.73256562
  0.6590  9.63114074
  0.6600  9.52169241
  0.6610  9.40440291
  0.6620  9.27945690
  0.6630  9.14704130
  0.6640  9.00734517
  0.6650  8.86055960
  0.6660  8.70687759
  0.6670  8.54649396
  0.6680  8.37960520
  0.6690  8.20640940
  0.6700  8.02710610
  0.6710  7.84189621
  0.6720  7.65098193
  0.6730  7.45456658
  0.6740  7.25285457
  0.6750  7.04605126
  0.6760  6.83436294
  0.6770  6.61799669
  0.6780  6.39716034
  0.6790  6.17206244
  0.6800  5.94291220
  0.6810  5.70991950
  0.6820  5.47329493
  0.6830  5.23324982
  0.6840  4.98999640
  0.6850  4.74374800
  0.6860  4.49471937
  0.6870  4.24312716
  0.6880  3.98919069
  0.6890  3.73313294
  0.6900  3.47518229
  0.6910  3.21557490
  0.6920  2.95455863
  0.6930  2.69239927
  0.6940  2.42939082
  0.6950  2.16587347
  0.6960  1.90226641
  0.6970  1.63913209
  0.6980  1.37731265
  0.6990  1.11825234
  0.7000  0.86487225
  0.7010  0.62441194
  0.7020  0.41964620
  0.7030  0.32589433
  0.7040  0.42353797
  0.7050  0.62804543
  0.7060  0.86591969
  0.7070  1.11516600
  0.7080  1.36876338
  0.7090  1.62387599
  0.7100  1.87911013
  0.7110  2.13366526
  0.7120  2.38701970
  0.7130  2.63879714
  0.7140  2.88870365
  0.7150  3.13649537
  0.7160  3.38196078
  0.7170  3.62491054
  0.7180  3.86517126
  0.7190  4.10258163
  0.7200  4.33698991
  0.7210  4.56825228
  0.7220  4.79623170
  0.7230  5.02079708
  0.7240  5.24182280
  0.7250  5.45918824
  0.7260  5.67277754
  0.7270  5.88247938
  0.7280  6.08818680
  0.7290  6.28979712
  0.7300  6.48721184
  0.7310  6.68033654
  0.7320  6.86908089
  0.7330  7.05335856
  0.7340  7.23308721
  0.7350  7.40818846
  0.7360  7.57858786
  0.7370  7.74421489
  0.7380  7.90500292
  0.7390  8.06088921
  0.7400  8.21181487
  0.7410  8.35772488
  0.7420  8.49856804
  0.7430  8.63429696
  0.7440  8.76486805
  0.7450  8.89024148
  0.7460  9.01038119
  0.7470  9.12525484
  0.7480  9.23483378
  0.7490  9.33909304
  0.7500  9.43801131
  0.7510  9.53157087
  0.7520  9.61975761
  0.7530  9.70256095
  0.7540  9.77997384
  0.7550  9.85199269
  0.7560  9.91861735
  0.7570  9.97985109
  0.7580  10.03570050
  0.7590  10.08617552
  0.7600  10.13128932
  0.7610  10.17105831
  0.7620  10.20550206
  0.7630  10.23464327
  0.7640  10.25850769
  0.7650  10.27712412
  0.7660  10.29052428
  0.7670  10.29874284
  0.7680  10.30181728
  0.7690  10.29978789
  0.7700  10.29269771
  0.7710  10.28059243
  0.7720  10.26352037
  0.7730  10.24153238
  0.7740  10.21468182
  0.7750  10.18302447
  0.7760  10.14661847
  0.7770  10.10552426
  0.7780  10.05980450
  0.7790  10.00952404
  0.7800  9.95474979
  0.7810  9.89555072
  0.7820  9.83199777
  0.7830  9.76416376
  0.7840  9.69212334
  0.7850  9.61595291
  0.7860  9.53573059
  0.7870  9.45153611
  0.7880  9.36345074
  0.7890  9.27155724
  0.7900  9.17593982
  0.7910  9.07668399
  0.7920  8.97387657
  0.7930  8.86760559
  0.7940  8.75796022
  0.7950  8.64503070
  0.7960  8.52890830
  0.7970  8.40968521
  0.7980  8.28745451
  0.7990  8.16231010
  0.8000  8.03434662
  0.8010  7.90365939
  0.8020  7.77034435
  0.8030  7.63449801
  0.8040  7.49621735
  0.8050  7.35559981
  0.8060  7.21274320
  0.8070  7.06774564
  0.8080  6.92070552
  0.8090  6.77172141
  0.8100  6.62089207
  0.8110  6.46831630
  0.8120  6.31409300
  0.8130  6.15832103
  0.8140  6.00109921
  0.8150  5.84252625
  0.8160  5.68270072
  0.8170  5.52172103
  0.8180  5.35968534
  0.8190  5.19669157
  0.8200  5.03283737
  0.8210  4.86822006
  0.8220  4.70293667
  0.8230  4.53708386
  0.8240  4.37075799
  0.8250  4.20405506
  0.8260  4.03707079
  0.8270  3.86990063
  0.8280  3.70263984
  0.8290  3.53538354
  0.8300  3.36822689
  0.8310  3.20126525
  0.8320  3.03459443
  0.8330  2.86831101
  0.8340  2.70251285
  0.8350  2.53729972
  0.8360  2.37277426
  0.8370  2.20904332
  0.8380  2.04621991
  0.8390  1.88442612
  0.8400  1.72379762
  0.8410  1.56449074
  0.8420  1.40669405
  0.8430  1.25064812
  0.8440  1.09668094
  0.8450  0.94527523
  0.8460  0.79720575
  0.8470  0.65384384
  0.8480  0.51790016
  0.8490  0.39540132
  0.8500  0.30081094
  0.8510  0.26306314
  0.8520  0.30161899
  0.8530  0.39272630
  0.8540  0.50730873
  0.8550  0.63142050
  0.8560  0.75928500
  0.8570  0.88830185
  0.8580  1.01715767
  0.8590  1.14511625
  0.8600  1.27172648
  0.8610  1.39669007
  0.8620  1.51979653
  0.8630  1.64088883
  0.8640  1.75984410
  0.8650  1.87656243
  0.8660  1.99095984
  0.8670  2.10296395
  0.8680  2.21251103
  0.8690  2.31954409
  0.8700  2.42401152
  0.8710  2.52586614
  0.8720  2.62506451
  0.8730  2.72156646
  0.8740  2.81533467
  0.8750  2.90633443
  0.8760  2.99453341
  0.8770  3.07990148
  0.8780  3.16241059
  0.8790  3.24203470
  0.8800  3.31874961
  0.8810  3.39253299
  0.8820  3.46336423
  0.8830  3.53122449
  0.8840  3.59609656
  0.8850  3.65796489
  0.8860  3.71681556
  0.8870  3.77263620
  0.8880  3.82541605
  0.8890  3.87514583
  0.8900  3.92181784
  0.8910  3.96542584
  0.8920  4.00596509
  0.8930  4.04343232
  0.8940  4.07782573
  0.8950  4.10914492
  0.8960  4.13739094
  0.8970  4.16256625
  0.8980  4.18467471
  0.8990  4.20372155
  0.9000  4.21971338
  0.9010  4.23265816
  0.9020  4.24256521
  0.9030  4.24944516
  0.9040  4.25330997
  0.9050  4.25417291
  0.9060  4.25204854
  0.9070  4.24695270
  0.9080  4.23890250
  0.9090  4.22791630
  0.9100  4.21401371
  0.9110  4.19721559
  0.9120  4.17754398
  0.9130  4.15502217
  0.9140  4.12967463
  0.9150  4.10152701
  0.9160  4.07060616
  0.9170  4.03694009
  0.9180  4.00055796
  0.9190  3.96149008
  0.9200  3.91976793
  0.9210  3.87542410
  0.9220  3.82849234
  0.9230  3.77900750
  0.9240  3.72700559
  0.9250  3.67252375
  0.9260  3.61560025
  0.9270  3.55627451
  0.9280  3.49458711
  0.9290  3.43057982
  0.9300  3.36429560
  0.9310  3.29577865
  0.9320  3.22507443
  0.9330  3.15222975
  0.9340  3.07729281
  0.9350  3.00031328
  0.9360  2.92134242
  0.9370  2.84043318
  0.9380  2.75764041
  0.9390  2.67302105
  0.9400  2.58663437
  0.9410  2.49854233
  0.9420  2.40880998
  0.9430  2.31750604
  0.9440  2.22470355
  0.9450  2.13048083
  0.9460  2.03492268
  0.9470  1.93812195
  0.9480  1.84018174
  0.9490  1.74121831
  0.9500  1.64136519
  0.9510  1.54077885
  0.9520  1.43964690
  0.9530  1.33819999
  0.9540  1.23672940
  0.9550  1.13561380
  0.9560  1.03536046
  0.9570  0.93667027
  0.9580  0.84054138
  0.9590  0.74843479
  0.9600  0.66253157
  0.9610  0.58609408
  0.9620  0.52382997
  0.9630  0.48181221
  0.9640  0.46606075
  0.9650  0.47961163
  0.9660  0.52053505
  0.9670  0.58336866
  0.9680  0.66210270
  0.9690  0.75189963
  0.9700  0.84935183
  0.9710  0.95216783
  0.9720  1.05881156
  0.9730  1.16823535
  0.9740  1.27970550
  0.9750  1.39269253
  0.9760  1.50680231
  0.9770  1.62173241
  0.9780  1.73724385
  0.9790  1.85314251
  0.9800  1.96926663
  0.9810  2.08547821
  0.9820  2.20165706
  0.9830  2.31769651
  0.9840  2.43350032
  0.9850  2.54898051
  0.9860  2.66405559
  0.9870  2.77864940
  0.9880  2.89269010
  0.9890  3.00610946
  0.9900  3.11884230
  0.9910  3.23082604
  0.9920  3.34200038
  0.9930  3.45230700
  0.9940  3.56168937
  0.9950  3.67009257
  0.9960  3.77746313
  0.9970  3.88374898
  0.9980  3.98889930
  0.9990  4.09286448
