  0.0000  86.54644867
  0.0010  86.50537776
  0.0020  86.38218738
  0.0030  86.17694450
  0.0040  85.88976070
  0.0050  85.52079208
  0.0060  85.07023921
  0.0070  84.53834695
  0.0080  83.92540430
  0.0090  83.23174426
  0.0100  82.45774360
  0.0110  81.60382260
  0.0120  80.67044483
  0.0130  79.65811683
  0.0140  78.56738780
  0.0150  77.39884925
  0.0160  76.15313467
  0.0170  74.83091907
  0.0180  73.43291862
  0.0190  71.95989016
  0.0200  70.41263077
  0.0210  68.79197722
  0.0220  67.09880551
  0.0230  65.33403029
  0.0240  63.49860430
  0.0250  61.59351779
  0.0260  59.61979789
  0.0270  57.57850800
  0.0280  55.47074712
  0.0290  53.29764918
  0.0300  51.06038236
  0.0310  48.76014834
  0.0320  46.39818163
  0.0330  43.97574875
  0.0340  41.49414753
  0.0350  38.95470633
  0.0360  36.35878325
  0.0370  33.70776536
  0.0380  31.00306795
  0.0390  28.24613382
  0.0400  25.43843264
  0.0410  22.58146049
  0.0420  19.67673984
  0.0430  16.72582041
  0.0440  13.73028249
  0.0450  10.69174765
  0.0460  7.61191840
  0.0470  4.49278935
  0.0480  1.33988517
  0.0490  1.86798548
  0.0500  5.09417831
  0.0510  8.35621269
  0.0520  11.65013641
  0.0530  14.97394064
  0.0540  18.32580822
  0.0550  21.70395939
  0.0560  25.10662032
  0.0570  28.53201444
  0.0580  31.97835979
  0.0590  35.44386848
  0.0600  38.92674691
  0.0610  42.42519648
  0.0620  45.93741431
  0.0630  49.46159421
  0.0640  52.99592756
  0.0650  56.53860432
  0.0660  60.08781401
  0.0670  63.64174666
  0.0680  67.19859388
  0.0690  70.75654979
  0.0700  74.31381203
  0.0710  77.86858276
  0.0720  81.41906961
  0.0730  84.96348671
  0.0740  88.50005559
  0.0750  92.02700619
  0.0760  95.54257779
  0.0770  99.04501995
  0.0780  102.53259345
  0.0790  106.00357121
  0.0800  109.45623918
  0.0810  112.88889725
  0.0820  116.29986015
  0.0830  119.68745828
  0.0840  123.05003860
  0.0850  126.38596549
  0.0860  129.69362152
  0.0870  132.97140833
  0.0880  136.21774736
  0.0890  139.43108072
  0.0900  142.60987188
  0.0910  145.75260645
  0.0920  148.85779293
  0.0930  151.92396342
  0.0940  154.94967429
  0.0950  157.93350690
  0.0960  160.87406827
  0.0970  163.76999167
  0.0980  166.61993731
  0.0990  169.42259293
  0.1000  172.17667437
  0.1010  174.88092616
  0.1020  177.53412208
  0.1030  180.13506567
  0.1040  182.68259077
  0.1050  185.17556197
  0.1060  187.61287514
  0.1070  189.99345784
  0.1080  192.31626978
  0.1090  194.58030320
  0.1100  196.78458330
  0.1110  198.92816861
  0.1120  201.01015131
  0.1130  203.02965759
  0.1140  204.98584796
  0.1150  206.87791753
  0.1160  208.70509629
  0.1170  210.46664937
  0.1180  212.16187726
  0.1190  213.79011601
  0.1200  215.35073746
  0.1210  216.84314937
  0.1220  218.26679560
  0.1230  219.62115622
  0.1240  220.90574764
  0.1250  222.12012271
  0.1260  223.26387076
  0.1270  224.33661770
  0.1280  225.33802600
  0.1290  226.26779479
  0.1300  227.12565975
  0.1310  227.91139321
  0.1320  228.62480400
  0.1330  229.26573747
  0.1340  229.83407538
  0.1350  230.32973584
  0.1360  230.75267315
  0.1370  231.10287773
  0.1380  231.38037594
  0.1390  231.58522992
  0.1400  231.71753744
  0.1410  231.77743169
  0.1420  231.76508106
  0.1430  231.68068896
  0.1440  231.52449350
  0.1450  231.29676733
  0.1460  230.99781730
  0.1470  230.62798420
  0.1480  230.18764245
  0.1490  229.67719981
  0.1500  229.09709702
  0.1510  228.44780749
  0.1520  227.72983693
  0.1530  226.94372295
  0.1540  226.09003474
  0.1550  225.16937264
  0.1560  224.18236773
  0.1570  223.12968142
  0.1580  222.01200502
  0.1590  220.83005929
  0.1600  219.58459400
  0.1610  218.27638746
  0.1620  216.90624601
  0.1630  215.47500360
  0.1640  213.98352124
  0.1650  212.43268650
  0.1660  210.82341300
  0.1670  209.15663990
  0.1680  207.43333133
  0.1690  205.65447586
  0.1700  203.82108595
  0.1710  201.93419737
  0.1720  199.99486867
  0.1730  198.00418052
  0.1740  195.96323521
  0.1750  193.87315598
  0.1760  191.73508648
  0.1770  189.55019010
  0.1780  187.31964940
  0.1790  185.04466543
  0.1800  182.72645717
  0.1810  180.36626084
  0.1820  177.96532924
  0.1830  175.52493116
  0.1840  173.04635068
  0.1850  170.53088652
  0.1860  167.97985136
  0.1870  165.39457118
  0.1880  162.77638460
  0.1890  160.12664216
  0.1900  157.44670566
  0.1910  154.73794746
  0.1920  152.00174980
  0.1930  149.23950409
  0.1940  146.45261020
  0.1950  143.64247576
  0.1960  140.81051550
  0.1970  137.95815045
  0.1980  135.08680732
  0.1990  132.19791770
  0.2000  129.29291743
  0.2010  126.37324582
  0.2020  123.44034495
  0.2030  120.49565896
  0.2040  117.54063332
  0.2050  114.57671409
  0.2060  111.60534724
  0.2070  108.62797790
  0.2080  105.64604964
  0.2090  102.66100376
  0.2100  99.67427857
  0.2110  96.68730866
  0.2120  93.70152419
  0.2130  90.71835018
  0.2140  87.73920580
  0.2150  84.76550363
  0.2160  81.79864902
  0.2170  78.84003929
  0.2180  75.89106313
  0.2190  72.95309983
  0.2200  70.02751864
  0.2210  67.11567802
  0.2220  64.21892505
  0.2230  61.33859465
  0.2240  58.47600899
  0.2250  55.63247679
  0.2260  52.80929266
  0.2270  50.00773647
  0.2280  47.22907270
  0.2290  44.47454979
  0.2300  41.74539955
  0.2310  39.04283651
  0.2320  36.36805735
  0.2330  33.72224031
  0.2340  31.10654461
  0.2350  28.52210991
  0.2360  25.97005582
  0.2370  23.45148139
  0.2380  20.96746479
  0.2390  18.51906299
  0.2400  16.10731184
  0.2410  13.73322654
  0.2420  11.39780347
  0.2430  9.10202527
  0.2440  6.84687659
  0.2450  4.63340492
  0.2460  2.46309857
  0.2470  0.35207976
  0.2480  1.75648331
  0.2490  3.79393137
  0.2500  5.78725219
  0.2510  7.73452914
  0.2520  9.63483352
  0.2530  11.48740350
  0.2540  13.29154306
  0.2550  15.04659851
  0.2560  16.75195107
  0.2570  18.40701424
  0.2580  20.01123266
  0.2590  21.56408172
  0.2600  23.06506743
  0.2610  24.51372640
  0.2620  25.90962597
  0.2630  27.25236424
  0.2640  28.54157022
  0.2650  29.77690389
  0.2660  30.95805634
  0.2670  32.08474978
  0.2680  33.15673766
  0.2690  34.17380471
  0.2700  35.13576693
  0.2710  36.04247164
  0.2720  36.89379743
  0.2730  37.68965420
  0.2740  38.42998302
  0.2750  39.11475616
  0.2760  39.74397692
  0.2770  40.31767958
  0.2780  40.83592927
  0.2790  41.29882179
  0.2800  41.70648348
  0.2810  42.05907104
  0.2820  42.35677128
  0.2830  42.59980098
  0.2840  42.78840657
  0.2850  42.92286391
  0.2860  43.00347802
  0.2870  43.03058278
  0.2880  43.00454058
  0.2890  42.92574204
  0.2900  42.79460564
  0.2910  42.61157734
  0.2920  42.37713022
  0.2930  42.09176407
  0.2940  41.75600496
  0.2950  41.37040486
  0.2960  40.93554110
  0.2970  40.45201602
  0.2980  39.92045639
  0.2990  39.34151299
  0.3000  38.71586007
  0.3010  38.04419483
  0.3020  37.32723693
  0.3030  36.56572787
  0.3040  35.76043051
  0.3050  34.91212846
  0.3060  34.02162550
  0.3070  33.08974503
  0.3080  32.11732942
  0.3090  31.10523944
  0.3100  30.05435363
  0.3110  28.96556768
  0.3120  27.83979381
  0.3130  26.67796012
  0.3140  25.48100997
  0.3150  24.24990134
  0.3160  22.98560619
  0.3170  21.68910983
  0.3180  20.36141031
  0.3190  19.00351781
  0.3200  17.61645412
  0.3210  16.20125215
  0.3220  14.75895552
  0.3230  13.29061853
  0.3240  11.79730643
  0.3250  10.28009672
  0.3260  8.74008260
  0.3270  7.17838207
  0.3280  5.59616390
  0.3290  3.99473928
  0.3300  2.37603535
  0.3310  0.74934451
  0.3320  0.93543055
  0.3330  2.59660261
  0.3340  4.27860225
  0.3350  5.97466771
  0.3360  7.68299492
  0.3370  9.40228285
  0.3380  11.13135107
  0.3390  12.86906136
  0.3400  14.61429468
  0.3410  16.36594302
  0.3420  18.12290623
  0.3430  19.88409080
  0.3440  21.64840952
  0.3450  23.41478155
  0.3460  25.18213272
  0.3470  26.94939587
  0.3480  28.71551135
  0.3490  30.47942752
  0.3500  32.24010117
  0.3510  33.99649811
  0.3520  35.74759363
  0.3530  37.49237302
  0.3540  39.22983207
  0.3550  40.95897753
  0.3560  42.67882765
  0.3570  44.38841259
  0.3580  46.08677490
  0.3590  47.77297000
  0.3600  49.44606656
  0.3610  51.10514699
  0.3620  52.74930780
  0.3630  54.37766004
  0.3640  55.98932965
  0.3650  57.58345788
  0.3660  59.15920163
  0.3670  60.71573381
  0.3680  62.25224366
  0.3690  63.76793712
  0.3700  65.26203709
  0.3710  66.73378376
  0.3720  68.18243489
  0.3730  69.60726611
  0.3740  71.00757114
  0.3750  72.38266205
  0.3760  73.73186953
  0.3770  75.05454308
  0.3780  76.35005123
  0.3790  77.61778173
  0.3800  78.85714177
  0.3810  80.06755810
  0.3820  81.24847725
  0.3830  82.39936563
  0.3840  83.51970971
  0.3850  84.60901609
  0.3860  85.66681170
  0.3870  86.69264380
  0.3880  87.68608016
  0.3890  88.64670907
  0.3900  89.57413945
  0.3910  90.46800092
  0.3920  91.32794378
  0.3930  92.15363911
  0.3940  92.94477877
  0.3950  93.70107541
  0.3960  94.42226247
  0.3970  95.10809420
  0.3980  95.75834561
  0.3990  96.37281246
  0.4000  96.95131121
  0.4010  97.49367900
  0.4020  97.99977357
  0.4030  98.46947320
  0.4040  98.90267664
  0.4050  99.29930303
  0.4060  99.65929179
  0.4070  99.98260254
  0.4080  100.26921497
  0.4090  100.51912875
  0.4100  100.73236336
  0.4110  100.90895799
  0.4120  101.04897140
  0.4130  101.15248173
  0.4140  101.21958638
  0.4150  101.25040183
  0.4160  101.24506346
  0.4170  101.20372537
  0.4180  101.12656018
  0.4190  101.01375887
  0.4200  100.86553054
  0.4210  100.68210219
  0.4220  100.46371855
  0.4230  100.21064180
  0.4240  99.92315138
  0.4250  99.60154373
  0.4260  99.24613204
  0.4270  98.85724601
  0.4280  98.43523160
  0.4290  97.98045074
  0.4300  97.49328107
  0.4310  96.97411567
  0.4320  96.42336277
  0.4330  95.84144546
  0.4340  95.22880139
  0.4350  94.58588250
  0.4360  93.91315464
  0.4370  93.21109736
  0.4380  92.48020349
  0.4390  91.72097888
  0.4400  90.93394207
  0.4410  90.11962392
  0.4420  89.27856728
  0.4430  88.41132669
  0.4440  87.51846797
  0.4450  86.60056789
  0.4460  85.65821382
  0.4470  84.69200336
  0.4480  83.70254397
  0.4490  82.69045259
  0.4500  81.65635528
  0.4510  80.60088683
  0.4520  79.52469036
  0.4530  78.42841697
  0.4540  77.31272531
  0.4550  76.17828119
  0.4560  75.02575722
  0.4570  73.85583235
  0.4580  72.66919150
  0.4590  71.46652516
  0.4600  70.24852894
  0.4610  69.01590320
  0.4620  67.76935261
  0.4630  66.50958575
  0.4640  65.23731467
  0.4650  63.95325448
  0.4660  62.65812296
  0.4670  61.35264008
  0.4680  60.03752762
  0.4690  58.71350873
  0.4700  57.38130752
  0.4710  56.04164862
  0.4720  54.69525679
  0.4730  53.34285643
  0.4740  51.98517126
  0.4750  50.62292382
  0.4760  49.25683508
  0.4770  47.88762404
  0.4780  46.51600731
  0.4790  45.14269870
  0.4800  43.76840882
  0.4810  42.39384467
  0.4820  41.01970929
  0.4830  39.64670132
  0.4840  38.27551466
  0.4850  36.90683810
  0.4860  35.54135492
  0.4870  34.17974262
  0.4880  32.82267251
  0.4890  31.47080945
  0.4900  30.12481154
  0.4910  28.78532985
  0.4920  27.45300821
  0.4930  26.12848297
  0.4940  24.81238294
  0.4950  23.50532925
  0.4960  22.20793543
  0.4970  20.92080755
  0.4980  19.64454456
  0.4990  18.37973888
  0.5000  17.12697735
  0.5010  15.88684275
  0.5020  14.65991612
  0.5030  13.44678040
  0.5040  12.24802621
  0.5050  11.06426111
  0.5060  9.89612531
  0.5070  8.74431887
  0.5080  7.60965203
  0.5090  6.49314444
  0.5100  5.39623895
  0.5110  4.32131858
  0.5120  3.27317216
  0.5130  2.26423453
  0.5140  1.34142251
  0.5150  0.78534273
  0.5160  1.20956692
  0.5170  2.05473104
  0.5180  2.96254495
  0.5190  3.87434619
  0.5200  4.77567087
  0.5210  5.66127349
  0.5220  6.52871815
  0.5230  7.37665764
  0.5240  8.20424250
  0.5250  9.01088115
  0.5260  9.79612991
  0.5270  10.55963783
  0.5280  11.30111688
  0.5290  12.02032480
  0.5300  12.71705489
  0.5310  13.39112955
  0.5320  14.04239609
  0.5330  14.67072390
  0.5340  15.27600249
  0.5350  15.85814012
  0.5360  16.41706273
  0.5370  16.95271318
  0.5380  17.46505061
  0.5390  17.95404997
  0.5400  18.41970160
  0.5410  18.86201084
  0.5420  19.28099774
  0.5430  19.67669677
  0.5440  20.04915651
  0.5450  20.39843943
  0.5460  20.72462162
  0.5470  21.02779255
  0.5480  21.30805482
  0.5490  21.56552389
  0.5500  21.80032789
  0.5510  22.01260733
  0.5520  22.20251486
  0.5530  22.37021501
  0.5540  22.51588394
  0.5550  22.63970920
  0.5560  22.74188942
  0.5570  22.82263407
  0.5580  22.88216321
  0.5590  22.92070716
  0.5600  22.93850627
  0.5610  22.93581062
  0.5620  22.91287973
  0.5630  22.86998228
  0.5640  22.80739584
  0.5650  22.72540654
  0.5660  22.62430879
  0.5670  22.50440500
  0.5680  22.36600529
  0.5690  22.20942715
  0.5700  22.03499517
  0.5710  21.84304077
  0.5720  21.63390183
  0.5730  21.40792246
  0.5740  21.16545266
  0.5750  20.90684805
  0.5760  20.63246954
  0.5770  20.34268307
  0.5780  20.03785930
  0.5790  19.71837333
  0.5800  19.38460436
  0.5810  19.03693550
  0.5820  18.67575340
  0.5830  18.30144799
  0.5840  17.91441225
  0.5850  17.51504186
  0.5860  17.10373501
  0.5870  16.68089208
  0.5880  16.24691542
  0.5890  15.80220906
  0.5900  15.34717851
  0.5910  14.88223050
  0.5920  14.40777275
  0.5930  13.92421379
  0.5940  13.43196270
  0.5950  12.93142899
  0.5960  12.42302239
  0.5970  11.90715274
  0.5980  11.38422985
  0.5990  10.85466349
  0.6000  10.31886335
  0.6010  9.77723913
  0.6020  9.23020073
  0.6030  8.67815862
  0.6040  8.12152442
  0.6050  7.56071192
  0.6060  6.99613861
  0.6070  6.42822820
  0.6080  5.85741475
  0.6090  5.28414966
  0.6100  4.70891383
  0.6110  4.13224035
  0.6120  3.55475934
  0.6130  2.97729508
  0.6140  2.40110246
  0.6150  1.82854478
  0.6160  1.26556990
  0.6170  0.73512646
  0.6180  0.39873327
  0.6190  0.67449569
  0.6200  1.19340706
  0.6210  1.74962476
  0.6220  2.31488257
  0.6230  2.88236862
  0.6240  3.44951947
  0.6250  4.01504407
  0.6260  4.57813999
  0.6270  5.13822658
  0.6280  5.69483728
  0.6290  6.24757039
  0.6300  6.79606452
  0.6310  7.33998527
  0.6320  7.87901780
  0.6330  8.41286223
  0.6340  8.94123097
  0.6350  9.46384686
  0.6360  9.98044207
  0.6370  10.49075733
  0.6380  10.99454136
  0.6390  11.49155059
  0.6400  11.98154887
  0.6410  12.46430733
  0.6420  12.93960426
  0.6430  13.40722506
  0.6440  13.86696218
  0.6450  14.31861513
  0.6460  14.76199041
  0.6470  15.19690159
  0.6480  15.62316927
  0.6490  16.04062112
  0.6500  16.44909188
  0.6510  16.84842340
  0.6520  17.23846467
  0.6530  17.61907181
  0.6540  17.99010814
  0.6550  18.35144416
  0.6560  18.70295761
  0.6570  19.04453347
  0.6580  19.37606399
  0.6590  19.69744870
  0.6600  20.00859446
  0.6610  20.30941541
  0.6620  20.59983306
  0.6630  20.87977625
  0.6640  21.14918116
  0.6650  21.40799136
  0.6660  21.65615777
  0.6670  21.89363865
  0.6680  22.12039967
  0.6690  22.33641380
  0.6700  22.54166141
  0.6710  22.73613017
  0.6720  22.91981508
  0.6730  23.09271845
  0.6740  23.25484986
  0.6750  23.40622614
  0.6760  23.54687136
  0.6770  23.67681676
  0.6780  23.79610074
  0.6790  23.90476880
  0.6800  24.00287353
  0.6810  24.09047451
  0.6820  24.16763828
  0.6830  24.23443829
  0.6840  24.29095481
  0.6850  24.33727489
  0.6860  24.37349226
  0.6870  24.39970730
  0.6880  24.41602688
  0.6890  24.42256434
  0.6900  24.41943938
  0.6910  24.40677795
  0.6920  24.38471216
  0.6930  24.35338015
  0.6940  24.31292603
  0.6950  24.26349972
  0.6960  24.20525682
  0.6970  24.13835854
  0.6980  24.06297150
  0.6990  23.97926764
  0.7000  23.88742407
  0.7010  23.78762293
  0.7020  23.68005120
  0.7030  23.56490060
  0.7040  23.44236740
  0.7050  23.31265226
  0.7060  23.17596008
  0.7070  23.03249979
  0.7080  22.88248422
  0.7090  22.72612987
  0.7100  22.56365678
  0.7110  22.39528830
  0.7120  22.22125092
  0.7130  22.04177405
  0.7140  21.85708988
  0.7150  21.66743310
  0.7160  21.47304075
  0.7170  21.27415203
  0.7180  21.07100802
  0.7190  20.86385153
  0.7200  20.65292689
  0.7210  20.43847967
  0.7220  20.22075654
  0.7230  20.00000502
  0.7240  19.77647326
  0.7250  19.55040981
  0.7260  19.32206344
  0.7270  19.09168288
  0.7280  18.85951660
  0.7290  18.62581264
  0.7300  18.39081833
  0.7310  18.15478010
  0.7320  17.91794326
  0.7330  17.68055181
  0.7340  17.44284815
  0.7350  17.20507297
  0.7360  16.96746494
  0.7370  16.73026057
  0.7380  16.49369400
  0.7390  16.25799674
  0.7400  16.02339755
  0.7410  15.79012217
  0.7420  15.55839318
  0.7430  15.32842981
  0.7440  15.10044770
  0.7450  14.87465880
  0.7460  14.65127113
  0.7470  14.43048865
  0.7480  14.21251106
  0.7490  13.99753369
  0.7500  13.78574729
  0.7510  13.57733793
  0.7520  13.37248681
  0.7530  13.17137018
  0.7540  12.97415915
  0.7550  12.78101962
  0.7560  12.59211213
  0.7570  12.40759176
  0.7580  12.22760801
  0.7590  12.05230475
  0.7600  11.88182008
  0.7610  11.71628628
  0.7620  11.55582970
  0.7630  11.40057073
  0.7640  11.25062374
  0.7650  11.10609698
  0.7660  10.96709258
  0.7670  10.83370649
  0.7680  10.70602847
  0.7690  10.58414203
  0.7700  10.46812443
  0.7710  10.35804667
  0.7720  10.25397351
  0.7730  10.15596341
  0.7740  10.06406860
  0.7750  9.97833508
  0.7760  9.89880260
  0.7770  9.82550476
  0.7780  9.75846899
  0.7790  9.69771660
  0.7800  9.64326285
  0.7810  9.59511697
  0.7820  9.55328222
  0.7830  9.51775600
  0.7840  9.48852986
  0.7850  9.46558958
  0.7860  9.44891529
  0.7870  9.43848151
  0.7880  9.43425726
  0.7890  9.43620615
  0.7900  9.44428646
  0.7910  9.45845129
  0.7920  9.47864861
  0.7930  9.50482138
  0.7940  9.53690773
  0.7950  9.57484099
  0.7960  9.61854987
  0.7970  9.66795857
  0.7980  9.72298690
  0.7990  9.78355044
  0.8000  9.84956066
  0.8010  9.92092505
  0.8020  9.99754728
  0.8030  10.07932733
  0.8040  10.16616164
  0.8050  10.25794327
  0.8060  10.35456202
  0.8070  10.45590461
  0.8080  10.56185481
  0.8090  10.67229359
  0.8100  10.78709930
  0.8110  10.90614777
  0.8120  11.02931251
  0.8130  11.15646483
  0.8140  11.28747400
  0.8150  11.42220738
  0.8160  11.56053062
  0.8170  11.70230773
  0.8180  11.84740127
  0.8190  11.99567249
  0.8200  12.14698146
  0.8210  12.30118720
  0.8220  12.45814783
  0.8230  12.61772070
  0.8240  12.77976251
  0.8250  12.94412943
  0.8260  13.11067727
  0.8270  13.27926154
  0.8280  13.44973760
  0.8290  13.62196079
  0.8300  13.79578650
  0.8310  13.97107031
  0.8320  14.14766810
  0.8330  14.32543611
  0.8340  14.50423111
  0.8350  14.68391042
  0.8360  14.86433204
  0.8370  15.04535476
  0.8380  15.22683817
  0.8390  15.40864285
  0.8400  15.59063034
  0.8410  15.77266330
  0.8420  15.95460551
  0.8430  16.13632202
  0.8440  16.31767913
  0.8450  16.49854451
  0.8460  16.67878723
  0.8470  16.85827785
  0.8480  17.03688844
  0.8490  17.21449261
  0.8500  17.39096564
  0.8510  17.56618443
  0.8520  17.74002761
  0.8530  17.91237554
  0.8540  18.08311036
  0.8550  18.25211604
  0.8560  18.41927837
  0.8570  18.58448506
  0.8580  18.74762569
  0.8590  18.90859178
  0.8600  19.06727683
  0.8610  19.22357629
  0.8620  19.37738764
  0.8630  19.52861037
  0.8640  19.67714601
  0.8650  19.82289815
  0.8660  19.96577246
  0.8670  20.10567670
  0.8680  20.24252074
  0.8690  20.37621655
  0.8700  20.50667826
  0.8710  20.63382213
  0.8720  20.75756657
  0.8730  20.87783219
  0.8740  20.99454175
  0.8750  21.10762021
  0.8760  21.21699475
  0.8770  21.32259474
  0.8780  21.42435179
  0.8790  21.52219976
  0.8800  21.61607472
  0.8810  21.70591504
  0.8820  21.79166134
  0.8830  21.87325653
  0.8840  21.95064583
  0.8850  22.02377673
  0.8860  22.09259909
  0.8870  22.15706508
  0.8880  22.21712922
  0.8890  22.27274840
  0.8900  22.32388188
  0.8910  22.37049134
  0.8920  22.41254085
  0.8930  22.44999689
  0.8940  22.48282842
  0.8950  22.51100682
  0.8960  22.53450597
  0.8970  22.55330223
  0.8980  22.56737447
  0.8990  22.57670409
  0.9000  22.58127502
  0.9010  22.58107377
  0.9020  22.57608941
  0.9030  22.56631361
  0.9040  22.55174064
  0.9050  22.53236740
  0.9060  22.50819344
  0.9070  22.47922096
  0.9080  22.44545481
  0.9090  22.40690255
  0.9100  22.36357443
  0.9110  22.31548340
  0.9120  22.26264513
  0.9130  22.20507802
  0.9140  22.14280321
  0.9150  22.07584458
  0.9160  22.00422876
  0.9170  21.92798513
  0.9180  21.84714582
  0.9190  21.76174573
  0.9200  21.67182251
  0.9210  21.57741654
  0.9220  21.47857097
  0.9230  21.37533169
  0.9240  21.26774729
  0.9250  21.15586912
  0.9260  21.03975118
  0.9270  20.91945021
  0.9280  20.79502558
  0.9290  20.66653931
  0.9300  20.53405605
  0.9310  20.39764303
  0.9320  20.25737007
  0.9330  20.11330948
  0.9340  19.96553610
  0.9350  19.81412722
  0.9360  19.65916253
  0.9370  19.50072411
  0.9380  19.33889636
  0.9390  19.17376595
  0.9400  19.00542179
  0.9410  18.83395495
  0.9420  18.65945859
  0.9430  18.48202796
  0.9440  18.30176027
  0.9450  18.11875466
  0.9460  17.93311211
  0.9470  17.74493540
  0.9480  17.55432900
  0.9490  17.36139901
  0.9500  17.16625311
  0.9510  16.96900040
  0.9520  16.76975143
  0.9530  16.56861799
  0.9540  16.36571314
  0.9550  16.16115104
  0.9560  15.95504688
  0.9570  15.74751682
  0.9580  15.53867786
  0.9590  15.32864775
  0.9600  15.11754490
  0.9610  14.90548831
  0.9620  14.69259741
  0.9630  14.47899203
  0.9640  14.26479224
  0.9650  14.05011829
  0.9660  13.83509051
  0.9670  13.61982919
  0.9680  13.40445449
  0.9690  13.18908633
  0.9700  12.97384431
  0.9710  12.75884761
  0.9720  12.54421486
  0.9730  12.33006410
  0.9740  12.11651261
  0.9750  11.90367688
  0.9760  11.69167249
  0.9770  11.48061402
  0.9780  11.27061494
  0.9790  11.06178757
  0.9800  10.85424294
  0.9810  10.64809075
  0.9820  10.44343923
  0.9830  10.24039513
  0.9840  10.03906360
  0.9850  9.83954812
  0.9860  9.64195042
  0.9870  9.44637044
  0.9880  9.25290622
  0.9890  9.06165389
  0.9900  8.87270754
  0.9910  8.68615924
  0.9920  8.50209893
  0.9930  8.32061437
  0.9940  8.14179112
  0.9950  7.96571249
  0.9960  7.79245947
  0.9970  7.62211073
  0.9980  7.45474257
  0.9990  7.29042886
