  0.0000  58.24032856
  0.0010  58.21219867
  0.0020  58.12782144
  0.0030  57.98723408
  0.0040  57.79049864
  0.0050  57.53770195
  0.0060  57.22895555
  0.0070  56.86439567
  0.0080  56.44418317
  0.0090  55.96850345
  0.0100  55.43756636
  0.0110  54.85160613
  0.0120  54.21088123
  0.0130  53.51567424
  0.0140  52.76629178
  0.0150  51.96306429
  0.0160  51.10634594
  0.0170  50.19651443
  0.0180  49.23397081
  0.0190  48.21913933
  0.0200  47.15246720
  0.0210  46.03442442
  0.0220  44.86550354
  0.0230  43.64621945
  0.0240  42.37710914
  0.0250  41.05873143
  0.0260  39.69166676
  0.0270  38.27651691
  0.0280  36.81390471
  0.0290  35.30447380
  0.0300  33.74888836
  0.0310  32.14783277
  0.0320  30.50201144
  0.0330  28.81214842
  0.0340  27.07898728
  0.0350  25.30329080
  0.0360  23.48584088
  0.0370  21.62743848
  0.0380  19.72890379
  0.0390  17.79107678
  0.0400  15.81481840
  0.0410  13.80101345
  0.0420  11.75057683
  0.0430  9.66446887
  0.0440  7.54373819
  0.0450  5.38967090
  0.0460  3.20456294
  0.0470  1.00288242
  0.0480  1.29740272
  0.0490  3.56582209
  0.0500  5.87385490
  0.0510  8.21169957
  0.0520  10.57723319
  0.0530  12.96911399
  0.0540  15.38617877
  0.0550  17.82731832
  0.0560  20.29144033
  0.0570  22.77745596
  0.0580  25.28427424
  0.0590  27.81079971
  0.0600  30.35593133
  0.0610  32.91856219
  0.0620  35.49757950
  0.0630  38.09186479
  0.0640  40.70029425
  0.0650  43.32173907
  0.0660  45.95506590
  0.0670  48.59913730
  0.0680  51.25281225
  0.0690  53.91494656
  0.0700  56.58439346
  0.0710  59.26000402
  0.0720  61.94062774
  0.0730  64.62511301
  0.0740  67.31230764
  0.0750  70.00105936
  0.0760  72.69021640
  0.0770  75.37862791
  0.0780  78.06514455
  0.0790  80.74861900
  0.0800  83.42790643
  0.0810  86.10186506
  0.0820  88.76935665
  0.0830  91.42924702
  0.0840  94.08040654
  0.0850  96.72171066
  0.0860  99.35204038
  0.0870  101.97028277
  0.0880  104.57533147
  0.0890  107.16608717
  0.0900  109.74145809
  0.0910  112.30036047
  0.0920  114.84171905
  0.0930  117.36446755
  0.0940  119.86754913
  0.0950  122.34991684
  0.0960  124.81053412
  0.0970  127.24837521
  0.0980  129.66242559
  0.0990  132.05168249
  0.1000  134.41515524
  0.1010  136.75186574
  0.1020  139.06084889
  0.1030  141.34115297
  0.1040  143.59184009
  0.1050  145.81198655
  0.1060  148.00068324
  0.1070  150.15703607
  0.1080  152.28016628
  0.1090  154.36921084
  0.1100  156.42332282
  0.1110  158.44167174
  0.1120  160.42344390
  0.1130  162.36784272
  0.1140  164.27408906
  0.1150  166.14142158
  0.1160  167.96909697
  0.1170  169.75639032
  0.1180  171.50259540
  0.1190  173.20702488
  0.1200  174.86901069
  0.1210  176.48790422
  0.1220  178.06307657
  0.1230  179.59391884
  0.1240  181.07984231
  0.1250  182.52027869
  0.1260  183.91468032
  0.1270  185.26252036
  0.1280  186.56329303
  0.1290  187.81651371
  0.1300  189.02171917
  0.1310  190.17846773
  0.1320  191.28633936
  0.1330  192.34493585
  0.1340  193.35388094
  0.1350  194.31282044
  0.1360  195.22142230
  0.1370  196.07937674
  0.1380  196.88639632
  0.1390  197.64221599
  0.1400  198.34659321
  0.1410  198.99930794
  0.1420  199.60016272
  0.1430  200.14898265
  0.1440  200.64561548
  0.1450  201.08993156
  0.1460  201.48182384
  0.1470  201.82120788
  0.1480  202.10802182
  0.1490  202.34222633
  0.1500  202.52380455
  0.1510  202.65276209
  0.1520  202.72912689
  0.1530  202.75294919
  0.1540  202.72430143
  0.1550  202.64327813
  0.1560  202.50999581
  0.1570  202.32459284
  0.1580  202.08722935
  0.1590  201.79808705
  0.1600  201.45736910
  0.1610  201.06529994
  0.1620  200.62212513
  0.1630  200.12811117
  0.1640  199.58354531
  0.1650  198.98873533
  0.1660  198.34400939
  0.1670  197.64971573
  0.1680  196.90622254
  0.1690  196.11391763
  0.1700  195.27320827
  0.1710  194.38452088
  0.1720  193.44830081
  0.1730  192.46501204
  0.1740  191.43513693
  0.1750  190.35917592
  0.1760  189.23764725
  0.1770  188.07108664
  0.1780  186.86004701
  0.1790  185.60509817
  0.1800  184.30682645
  0.1810  182.96583443
  0.1820  181.58274058
  0.1830  180.15817893
  0.1840  178.69279869
  0.1850  177.18726396
  0.1860  175.64225331
  0.1870  174.05845945
  0.1880  172.43658886
  0.1890  170.77736138
  0.1900  169.08150990
  0.1910  167.34977990
  0.1920  165.58292911
  0.1930  163.78172709
  0.1940  161.94695487
  0.1950  160.07940449
  0.1960  158.17987866
  0.1970  156.24919030
  0.1980  154.28816215
  0.1990  152.29762635
  0.2000  150.27842405
  0.2010  148.23140494
  0.2020  146.15742687
  0.2030  144.05735540
  0.2040  141.93206338
  0.2050  139.78243054
  0.2060  137.60934303
  0.2070  135.41369303
  0.2080  133.19637826
  0.2090  130.95830160
  0.2100  128.70037064
  0.2110  126.42349725
  0.2120  124.12859711
  0.2130  121.81658936
  0.2140  119.48839607
  0.2150  117.14494188
  0.2160  114.78715353
  0.2170  112.41595946
  0.2180  110.03228934
  0.2190  107.63707368
  0.2200  105.23124341
  0.2210  102.81572939
  0.2220  100.39146209
  0.2230  97.95937107
  0.2240  95.52038465
  0.2250  93.07542943
  0.2260  90.62542992
  0.2270  88.17130811
  0.2280  85.71398310
  0.2290  83.25437065
  0.2300  80.79338284
  0.2310  78.33192763
  0.2320  75.87090852
  0.2330  73.41122413
  0.2340  70.95376785
  0.2350  68.49942746
  0.2360  66.04908479
  0.2370  63.60361532
  0.2380  61.16388790
  0.2390  58.73076434
  0.2400  56.30509915
  0.2410  53.88773917
  0.2420  51.47952332
  0.2430  49.08128228
  0.2440  46.69383825
  0.2450  44.31800469
  0.2460  41.95458616
  0.2470  39.60437812
  0.2480  37.26816688
  0.2490  34.94672953
  0.2500  32.64083411
  0.2510  30.35123986
  0.2520  28.07869776
  0.2530  25.82395154
  0.2540  23.58773927
  0.2550  21.37079615
  0.2560  19.17385921
  0.2570  16.99767572
  0.2580  14.84301872
  0.2590  12.71071785
  0.2600  10.60172589
  0.2610  8.51728022
  0.2620  6.45936518
  0.2630  4.43241688
  0.2640  2.45320138
  0.2650  0.73391305
  0.2660  1.70352854
  0.2670  3.57744435
  0.2680  5.46924445
  0.2690  7.34355587
  0.2700  9.19363597
  0.2710  11.01703057
  0.2720  12.81245516
  0.2730  14.57905880
  0.2740  16.31618746
  0.2750  18.02329188
  0.2760  19.69988644
  0.2770  21.34552897
  0.2780  22.95980998
  0.2790  24.54234670
  0.2800  26.09277941
  0.2810  27.61076929
  0.2820  29.09599698
  0.2830  30.54816168
  0.2840  31.96698048
  0.2850  33.35218796
  0.2860  34.70353585
  0.2870  36.02079282
  0.2880  37.30374426
  0.2890  38.55219219
  0.2900  39.76595510
  0.2910  40.94486785
  0.2920  42.08878160
  0.2930  43.19756372
  0.2940  44.27109765
  0.2950  45.30928289
  0.2960  46.31203484
  0.2970  47.27928477
  0.2980  48.21097968
  0.2990  49.10708221
  0.3000  49.96757056
  0.3010  50.79243834
  0.3020  51.58169450
  0.3030  52.33536317
  0.3040  53.05348356
  0.3050  53.73610982
  0.3060  54.38331089
  0.3070  54.99517038
  0.3080  55.57178642
  0.3090  56.11327146
  0.3100  56.61975220
  0.3110  57.09136933
  0.3120  57.52827741
  0.3130  57.93064469
  0.3140  58.29865293
  0.3150  58.63249719
  0.3160  58.93238567
  0.3170  59.19853949
  0.3180  59.43119252
  0.3190  59.63059111
  0.3200  59.79699396
  0.3210  59.93067186
  0.3220  60.03190748
  0.3230  60.10099513
  0.3240  60.13824058
  0.3250  60.14396077
  0.3260  60.11848361
  0.3270  60.06214776
  0.3280  59.97530235
  0.3290  59.85830673
  0.3300  59.71153028
  0.3310  59.53535210
  0.3320  59.33016079
  0.3330  59.09635416
  0.3340  58.83433903
  0.3350  58.54453090
  0.3360  58.22735374
  0.3370  57.88323970
  0.3380  57.51262883
  0.3390  57.11596887
  0.3400  56.69371488
  0.3410  56.24632907
  0.3420  55.77428047
  0.3430  55.27804465
  0.3440  54.75810349
  0.3450  54.21494484
  0.3460  53.64906233
  0.3470  53.06095498
  0.3480  52.45112702
  0.3490  51.82008756
  0.3500  51.16835034
  0.3510  50.49643341
  0.3520  49.80485891
  0.3530  49.09415275
  0.3540  48.36484431
  0.3550  47.61746626
  0.3560  46.85255417
  0.3570  46.07064630
  0.3580  45.27228332
  0.3590  44.45800803
  0.3600  43.62836508
  0.3610  42.78390072
  0.3620  41.92516252
  0.3630  41.05269909
  0.3640  40.16705986
  0.3650  39.26879478
  0.3660  38.35845407
  0.3670  37.43658799
  0.3680  36.50374654
  0.3690  35.56047926
  0.3700  34.60733496
  0.3710  33.64486146
  0.3720  32.67360542
  0.3730  31.69411204
  0.3740  30.70692487
  0.3750  29.71258557
  0.3760  28.71163374
  0.3770  27.70460667
  0.3780  26.69203921
  0.3790  25.67446352
  0.3800  24.65240897
  0.3810  23.62640198
  0.3820  22.59696589
  0.3830  21.56462091
  0.3840  20.52988405
  0.3850  19.49326917
  0.3860  18.45528706
  0.3870  17.41644563
  0.3880  16.37725033
  0.3890  15.33820467
  0.3900  14.29981120
  0.3910  13.26257292
  0.3920  12.22699552
  0.3930  11.19359095
  0.3940  10.16288320
  0.3950  9.13541801
  0.3960  8.11177983
  0.3970  7.09262333
  0.3980  6.07873576
  0.3990  5.07117249
  0.4000  4.07158823
  0.4010  3.08319429
  0.4020  2.11431053
  0.4030  1.19840540
  0.4040  0.60532231
  0.4050  1.10495710
  0.4060  1.98920180
  0.4070  2.92045013
  0.4080  3.85868378
  0.4090  4.79458538
  0.4100  5.72473369
  0.4110  6.64745895
  0.4120  7.56176225
  0.4130  8.46694925
  0.4140  9.36248250
  0.4150  10.24791410
  0.4160  11.12285198
  0.4170  11.98694171
  0.4180  12.83985615
  0.4190  13.68128928
  0.4200  14.51095226
  0.4210  15.32857105
  0.4220  16.13388465
  0.4230  16.92664405
  0.4240  17.70661142
  0.4250  18.47355956
  0.4260  19.22727150
  0.4270  19.96754018
  0.4280  20.69416827
  0.4290  21.40696794
  0.4300  22.10576075
  0.4310  22.79037757
  0.4320  23.46065841
  0.4330  24.11645240
  0.4340  24.75761769
  0.4350  25.38402141
  0.4360  25.99553955
  0.4370  26.59205697
  0.4380  27.17346729
  0.4390  27.73967283
  0.4400  28.29058459
  0.4410  28.82612214
  0.4420  29.34621359
  0.4430  29.85079549
  0.4440  30.33981279
  0.4450  30.81321877
  0.4460  31.27097493
  0.4470  31.71305095
  0.4480  32.13942460
  0.4490  32.55008164
  0.4500  32.94501578
  0.4510  33.32422851
  0.4520  33.68772912
  0.4530  34.03553450
  0.4540  34.36766910
  0.4550  34.68416483
  0.4560  34.98506095
  0.4570  35.27040394
  0.4580  35.54024743
  0.4590  35.79465209
  0.4600  36.03368548
  0.4610  36.25742197
  0.4620  36.46594260
  0.4630  36.65933499
  0.4640  36.83769319
  0.4650  37.00111757
  0.4660  37.14971470
  0.4670  37.28359719
  0.4680  37.40288361
  0.4690  37.50769833
  0.4700  37.59817139
  0.4710  37.67443837
  0.4720  37.73664025
  0.4730  37.78492328
  0.4740  37.81943883
  0.4750  37.84034326
  0.4760  37.84779779
  0.4770  37.84196832
  0.4780  37.82302535
  0.4790  37.79114375
  0.4800  37.74650271
  0.4810  37.68928553
  0.4820  37.61967949
  0.4830  37.53787571
  0.4840  37.44406901
  0.4850  37.33845774
  0.4860  37.22124366
  0.4870  37.09263177
  0.4880  36.95283017
  0.4890  36.80204992
  0.4900  36.64050489
  0.4910  36.46841159
  0.4920  36.28598905
  0.4930  36.09345868
  0.4940  35.89104407
  0.4950  35.67897093
  0.4960  35.45746684
  0.4970  35.22676120
  0.4980  34.98708504
  0.4990  34.73867087
  0.5000  34.48175254
  0.5010  34.21656515
  0.5020  33.94334481
  0.5030  33.66232859
  0.5040  33.37375435
  0.5050  33.07786057
  0.5060  32.77488628
  0.5070  32.46507087
  0.5080  32.14865395
  0.5090  31.82587529
  0.5100  31.49697460
  0.5110  31.16219146
  0.5120  30.82176517
  0.5130  30.47593463
  0.5140  30.12493821
  0.5150  29.76901362
  0.5160  29.40839782
  0.5170  29.04332686
  0.5180  28.67403580
  0.5190  28.30075858
  0.5200  27.92372788
  0.5210  27.54317506
  0.5220  27.15933002
  0.5230  26.77242109
  0.5240  26.38267494
  0.5250  25.99031647
  0.5260  25.59556871
  0.5270  25.19865274
  0.5280  24.79978755
  0.5290  24.39919000
  0.5300  23.99707468
  0.5310  23.59365386
  0.5320  23.18913740
  0.5330  22.78373264
  0.5340  22.37764433
  0.5350  21.97107457
  0.5360  21.56422272
  0.5370  21.15728532
  0.5380  20.75045602
  0.5390  20.34392552
  0.5400  19.93788152
  0.5410  19.53250862
  0.5420  19.12798828
  0.5430  18.72449875
  0.5440  18.32221504
  0.5450  17.92130885
  0.5460  17.52194849
  0.5470  17.12429892
  0.5480  16.72852158
  0.5490  16.33477447
  0.5500  15.94321203
  0.5510  15.55398512
  0.5520  15.16724102
  0.5530  14.78312335
  0.5540  14.40177206
  0.5550  14.02332342
  0.5560  13.64790998
  0.5570  13.27566053
  0.5580  12.90670011
  0.5590  12.54114999
  0.5600  12.17912765
  0.5610  11.82074674
  0.5620  11.46611714
  0.5630  11.11534488
  0.5640  10.76853218
  0.5650  10.42577743
  0.5660  10.08717520
  0.5670  9.75281623
  0.5680  9.42278747
  0.5690  9.09717203
  0.5700  8.77604926
  0.5710  8.45949469
  0.5720  8.14758011
  0.5730  7.84037356
  0.5740  7.53793932
  0.5750  7.24033800
  0.5760  6.94762652
  0.5770  6.65985814
  0.5780  6.37708251
  0.5790  6.09934569
  0.5800  5.82669019
  0.5810  5.55915502
  0.5820  5.29677574
  0.5830  5.03958447
  0.5840  4.78761001
  0.5850  4.54087786
  0.5860  4.29941028
  0.5870  4.06322640
  0.5880  3.83234229
  0.5890  3.60677108
  0.5900  3.38652306
  0.5910  3.17160586
  0.5920  2.96202459
  0.5930  2.75778212
  0.5940  2.55887934
  0.5950  2.36531555
  0.5960  2.17708902
  0.5970  1.99419768
  0.5980  1.81664021
  0.5990  1.64441759
  0.6000  1.47753550
  0.6010  1.31600816
  0.6020  1.15986463
  0.6030  1.00916001
  0.6040  0.86399600
  0.6050  0.72456217
  0.6060  0.59122558
  0.6070  0.46474946
  0.6080  0.34690709
  0.6090  0.24251842
  0.6100  0.16673814
  0.6110  0.15455414
  0.6120  0.20937497
  0.6130  0.29086370
  0.6140  0.37855484
  0.6150  0.46609469
  0.6160  0.55126646
  0.6170  0.63316219
  0.6180  0.71136928
  0.6190  0.78569279
  0.6200  0.85604508
  0.6210  0.92239655
  0.6220  0.98475128
  0.6230  1.04313424
  0.6240  1.09758402
  0.6250  1.14814851
  0.6260  1.19488221
  0.6270  1.23784450
  0.6280  1.27709851
  0.6290  1.31271023
  0.6300  1.34474800
  0.6310  1.37328207
  0.6320  1.39838424
  0.6330  1.42012763
  0.6340  1.43858648
  0.6350  1.45383598
  0.6360  1.46595209
  0.6370  1.47501147
  0.6380  1.48109135
  0.6390  1.48426943
  0.6400  1.48462379
  0.6410  1.48223283
  0.6420  1.47717516
  0.6430  1.46952956
  0.6440  1.45937492
  0.6450  1.44679015
  0.6460  1.43185414
  0.6470  1.41464572
  0.6480  1.39524355
  0.6490  1.37372615
  0.6500  1.35017180
  0.6510  1.32465849
  0.6520  1.29726392
  0.6530  1.26806544
  0.6540  1.23714000
  0.6550  1.20456416
  0.6560  1.17041402
  0.6570  1.13476524
  0.6580  1.09769301
  0.6590  1.05927205
  0.6600  1.01957661
  0.6610  0.97868053
  0.6620  0.93665725
  0.6630  0.89357989
  0.6640  0.84952141
  0.6650  0.80455471
  0.6660  0.75875292
  0.6670  0.71218977
  0.6680  0.66494014
  0.6690  0.61708089
  0.6700  0.56869214
  0.6710  0.51985933
  0.6720  0.47067657
  0.6730  0.42125242
  0.6740  0.37172027
  0.6750  0.32225816
  0.6760  0.27312956
  0.6770  0.22477517
  0.6780  0.17804260
  0.6790  0.13483108
  0.6800  0.09998115
  0.6810  0.08461422
  0.6820  0.09827717
  0.6830  0.13214160
  0.6840  0.17469304
  0.6850  0.22081097
  0.6860  0.26850182
  0.6870  0.31689139
  0.6880  0.36553703
  0.6890  0.41418418
  0.6900  0.46266971
  0.6910  0.51087925
  0.6920  0.55872651
  0.6930  0.60614249
  0.6940  0.65306950
  0.6950  0.69945766
  0.6960  0.74526276
  0.6970  0.79044495
  0.6980  0.83496778
  0.6990  0.87879769
  0.7000  0.92190350
  0.7010  0.96425620
  0.7020  1.00582867
  0.7030  1.04659560
  0.7040  1.08653325
  0.7050  1.12561950
  0.7060  1.16383363
  0.7070  1.20115639
  0.7080  1.23756984
  0.7090  1.27305739
  0.7100  1.30760371
  0.7110  1.34119470
  0.7120  1.37381751
  0.7130  1.40546044
  0.7140  1.43611297
  0.7150  1.46576569
  0.7160  1.49441032
  0.7170  1.52203965
  0.7180  1.54864753
  0.7190  1.57422888
  0.7200  1.59877959
  0.7210  1.62229658
  0.7220  1.64477772
  0.7230  1.66622183
  0.7240  1.68662868
  0.7250  1.70599893
  0.7260  1.72433410
  0.7270  1.74163661
  0.7280  1.75790970
  0.7290  1.77315741
  0.7300  1.78738460
  0.7310  1.80059689
  0.7320  1.81280062
  0.7330  1.82400290
  0.7340  1.83421151
  0.7350  1.84343492
  0.7360  1.85168225
  0.7370  1.85896326
  0.7380  1.86528831
  0.7390  1.87066837
  0.7400  1.87511494
  0.7410  1.87864010
  0.7420  1.88125642
  0.7430  1.88297698
  0.7440  1.88381533
  0.7450  1.88378549
  0.7460  1.88290189
  0.7470  1.88117938
  0.7480  1.87863318
  0.7490  1.87527891
  0.7500  1.87113251
  0.7510  1.86621024
  0.7520  1.86052868
  0.7530  1.85410467
  0.7540  1.84695535
  0.7550  1.83909805
  0.7560  1.83055036
  0.7570  1.82133007
  0.7580  1.81145513
  0.7590  1.80094367
  0.7600  1.78981398
  0.7610  1.77808445
  0.7620  1.76577360
  0.7630  1.75290002
  0.7640  1.73948240
  0.7650  1.72553948
  0.7660  1.71109003
  0.7670  1.69615286
  0.7680  1.68074679
  0.7690  1.66489062
  0.7700  1.64860314
  0.7710  1.63190310
  0.7720  1.61480921
  0.7730  1.59734011
  0.7740  1.57951437
  0.7750  1.56135046
  0.7760  1.54286675
  0.7770  1.52408151
  0.7780  1.50501287
  0.7790  1.48567882
  0.7800  1.46609723
  0.7810  1.44628577
  0.7820  1.42626198
  0.7830  1.40604319
  0.7840  1.38564657
  0.7850  1.36508908
  0.7860  1.34438748
  0.7870  1.32355830
  0.7880  1.30261788
  0.7890  1.28158231
  0.7900  1.26046745
  0.7910  1.23928892
  0.7920  1.21806210
  0.7930  1.19680212
  0.7940  1.17552382
  0.7950  1.15424182
  0.7960  1.13297044
  0.7970  1.11172375
  0.7980  1.09051553
  0.7990  1.06935928
  0.8000  1.04826823
  0.8010  1.02725532
  0.8020  1.00633320
  0.8030  0.98551421
  0.8040  0.96481044
  0.8050  0.94423366
  0.8060  0.92379533
  0.8070  0.90350666
  0.8080  0.88337851
  0.8090  0.86342149
  0.8100  0.84364589
  0.8110  0.82406170
  0.8120  0.80467862
  0.8130  0.78550606
  0.8140  0.76655314
  0.8150  0.74782867
  0.8160  0.72934117
  0.8170  0.71109890
  0.8180  0.69310979
  0.8190  0.67538153
  0.8200  0.65792149
  0.8210  0.64073679
  0.8220  0.62383425
  0.8230  0.60722045
  0.8240  0.59090166
  0.8250  0.57488391
  0.8260  0.55917299
  0.8270  0.54377438
  0.8280  0.52869337
  0.8290  0.51393495
  0.8300  0.49950391
  0.8310  0.48540477
  0.8320  0.47164185
  0.8330  0.45821922
  0.8340  0.44514074
  0.8350  0.43241005
  0.8360  0.42003058
  0.8370  0.40800556
  0.8380  0.39633802
  0.8390  0.38503078
  0.8400  0.37408649
  0.8410  0.36350759
  0.8420  0.35329636
  0.8430  0.34345486
  0.8440  0.33398499
  0.8450  0.32488847
  0.8460  0.31616683
  0.8470  0.30782139
  0.8480  0.29985331
  0.8490  0.29226352
  0.8500  0.28505276
  0.8510  0.27822154
  0.8520  0.27177015
  0.8530  0.26569861
  0.8540  0.26000672
  0.8550  0.25469396
  0.8560  0.24975955
  0.8570  0.24520238
  0.8580  0.24102103
  0.8590  0.23721375
  0.8600  0.23377840
  0.8610  0.23071252
  0.8620  0.22801328
  0.8630  0.22567747
  0.8640  0.22370152
  0.8650  0.22208152
  0.8660  0.22081321
  0.8670  0.21989201
  0.8680  0.21931304
  0.8690  0.21907116
  0.8700  0.21916096
  0.8710  0.21957685
  0.8720  0.22031305
  0.8730  0.22136363
  0.8740  0.22272254
  0.8750  0.22438365
  0.8760  0.22634079
  0.8770  0.22858773
  0.8780  0.23111824
  0.8790  0.23392607
  0.8800  0.23700502
  0.8810  0.24034889
  0.8820  0.24395152
  0.8830  0.24780677
  0.8840  0.25190855
  0.8850  0.25625078
  0.8860  0.26082743
  0.8870  0.26563248
  0.8880  0.27065991
  0.8890  0.27590373
  0.8900  0.28135795
  0.8910  0.28701656
  0.8920  0.29287353
  0.8930  0.29892282
  0.8940  0.30515837
  0.8950  0.31157408
  0.8960  0.31816380
  0.8970  0.32492135
  0.8980  0.33184050
  0.8990  0.33891497
  0.9000  0.34613843
  0.9010  0.35350449
  0.9020  0.36100672
  0.9030  0.36863861
  0.9040  0.37639363
  0.9050  0.38426516
  0.9060  0.39224656
  0.9070  0.40033111
  0.9080  0.40851206
  0.9090  0.41678260
  0.9100  0.42513589
  0.9110  0.43356502
  0.9120  0.44206308
  0.9130  0.45062309
  0.9140  0.45923805
  0.9150  0.46790093
  0.9160  0.47660468
  0.9170  0.48534222
  0.9180  0.49410646
  0.9190  0.50289028
  0.9200  0.51168656
  0.9210  0.52048817
  0.9220  0.52928799
  0.9230  0.53807889
  0.9240  0.54685374
  0.9250  0.55560544
  0.9260  0.56432688
  0.9270  0.57301100
  0.9280  0.58165072
  0.9290  0.59023903
  0.9300  0.59876892
  0.9310  0.60723344
  0.9320  0.61562566
  0.9330  0.62393872
  0.9340  0.63216578
  0.9350  0.64030007
  0.9360  0.64833487
  0.9370  0.65626353
  0.9380  0.66407947
  0.9390  0.67177617
  0.9400  0.67934718
  0.9410  0.68678615
  0.9420  0.69408681
  0.9430  0.70124295
  0.9440  0.70824848
  0.9450  0.71509742
  0.9460  0.72178384
  0.9470  0.72830197
  0.9480  0.73464612
  0.9490  0.74081071
  0.9500  0.74679030
  0.9510  0.75257956
  0.9520  0.75817327
  0.9530  0.76356636
  0.9540  0.76875388
  0.9550  0.77373104
  0.9560  0.77849317
  0.9570  0.78303575
  0.9580  0.78735440
  0.9590  0.79144491
  0.9600  0.79530322
  0.9610  0.79892541
  0.9620  0.80230775
  0.9630  0.80544666
  0.9640  0.80833873
  0.9650  0.81098072
  0.9660  0.81336957
  0.9670  0.81550239
  0.9680  0.81737649
  0.9690  0.81898933
  0.9700  0.82033857
  0.9710  0.82142207
  0.9720  0.82223787
  0.9730  0.82278420
  0.9740  0.82305948
  0.9750  0.82306232
  0.9760  0.82279156
  0.9770  0.82224620
  0.9780  0.82142546
  0.9790  0.82032876
  0.9800  0.81895571
  0.9810  0.81730614
  0.9820  0.81538008
  0.9830  0.81317776
  0.9840  0.81069961
  0.9850  0.80794628
  0.9860  0.80491861
  0.9870  0.80161766
  0.9880  0.79804468
  0.9890  0.79420114
  0.9900  0.79008871
  0.9910  0.78570924
  0.9920  0.78106483
  0.9930  0.77615773
  0.9940  0.77099043
  0.9950  0.76556558
  0.9960  0.75988608
  0.9970  0.75395497
  0.9980  0.74777551
  0.9990  0.74135115
